	s9pp	S4Hp	F23HpA	s32pp	s24H1	s4pp	S2Hp	31300	S17H1	S28Hp	S7Hp	S6Hp	S3Hp	S13Hp	s13pp	S16H2	S8Hp	31519	S26Hp	530394	S21H1	S31Hp	S23Hp	F8H1	S29H1	S25Hp	31700	31723	31112	S19H1	F7H1	S15Hp	F14H1A	F16H1	S27H1	S11Hp	31379	530050	31219	F32H1	530119	S30H1	F14H1B
s9pp	0.0	0.22057665833299048	0.2551400845823939	0.32569100498994197	0.32365595274206693	0.3587611963624112	0.3749395027976228	0.46522346179403207	0.43050287886418825	0.4004472222046651	0.4437635222328653	0.4433261225233819	0.4935427198364025	0.4837319971261862	0.4939435650320255	0.5817622647622656	0.5535855881637946	0.553574875666574	0.41469609907940785	0.4163544810099089	0.5756167371592859	0.45400131180655057	0.47211563934944645	0.5635660799738378	0.5635953240196008	0.5594841177903571	0.6200188081406092	0.5806695291836697	0.5775100626548364	0.38215182005938275	0.38220777669709427	0.38108259877184025	0.2970623402130748	0.3448862144543221	0.35073860121936573	0.28629577848677623	0.3848848336285535	0.24682428655055005	0.2550290346813427	0.2417516482041887	0.25483942301925927	0.2431440905203738	0.22395015632412082
S4Hp	0.22057665833299048	0.0	0.193201134779452	0.2637520551870001	0.2617170029391251	0.29682224655946937	0.31300055299468094	0.40328451199109017	0.36856392906124635	0.3385082724017232	0.3818245724299234	0.38138717272044	0.4316037700334606	0.4217930473232443	0.4320046152290836	0.5198233149593237	0.49164663836085265	0.49163592586363214	0.35275714927646595	0.354415531206967	0.513677787356344	0.39206236200360867	0.41017668954650455	0.5016271301708959	0.5016563742166589	0.4975451679874152	0.5580798583376673	0.5187305793807278	0.5155711128518945	0.32021287025644085	0.32026882689415237	0.3191436489688984	0.23512339041013294	0.28294726465138026	0.28879965141642383	0.22435682868383433	0.3229458838256117	0.23383259831346792	0.24203734644426056	0.22875995996710657	0.24184773478217714	0.23015240228329167	0.2109584680870387
F23HpA	0.2551400845823939	0.193201134779452	0.0	0.07055292040854821	0.06851786816067316	0.18354170739198372	0.2850994173101511	0.37538337630656027	0.34066279337671646	0.3106071367171933	0.3539234367453936	0.3534860370359101	0.40370263434893083	0.3938919116387144	0.40410347954455383	0.49192217927479387	0.46374550267632275	0.46373479017910235	0.32485601359193617	0.3265143955224371	0.48577665167181405	0.36416122631907877	0.38227555386197465	0.473725994486366	0.473755238532129	0.4696440323028853	0.5301787226531375	0.49082944369619796	0.4876699771673647	0.29231173457191106	0.2923676912096226	0.29124251328436856	0.20722225472560313	0.2550461289668504	0.26089851573189404	0.19645569299930452	0.29504474814108184	0.2683960245628713	0.27660077269366395	0.26332338621650997	0.27641116103158053	0.26471582853269504	0.2455218943364421
s32pp	0.32569100498994197	0.2637520551870001	0.07055292040854821	0.0	0.08023595640096859	0.2540926277995319	0.35565033771769927	0.44593429671410845	0.41121371378426463	0.3811580571247415	0.42447435715294174	0.42403695744345826	0.47425355475647896	0.4644428320462626	0.47465439995210196	0.5624730996823419	0.5342964230838709	0.5342857105866505	0.3954069339994843	0.3970653159299853	0.5563275720793622	0.43471214672662695	0.4528264742695228	0.5442769148939142	0.5443061589396772	0.5401949527104335	0.6007296430606857	0.561380364103746	0.5582208975749128	0.3628626549794592	0.3629186116171707	0.36179343369191674	0.27777317513315125	0.3255970493743986	0.33144943613944217	0.26700661340685267	0.36559566854863	0.33894694497041944	0.3471516931012121	0.3338743066240581	0.34696208143912866	0.33526674894024316	0.31607281474399024
s24H1	0.32365595274206693	0.2617170029391251	0.06851786816067316	0.08023595640096859	0.0	0.2520575755516568	0.35361528546982424	0.4438992444662334	0.4091786615363896	0.37912300487686645	0.4224393049050667	0.4220019051955832	0.4722185025086039	0.46240777979838754	0.4726193477042269	0.560438047434467	0.5322613708359959	0.5322506583387754	0.39337188175160925	0.39503026368211025	0.5542925198314872	0.4326770944787519	0.4507914220216478	0.5422418626460391	0.5422711066918021	0.5381599004625585	0.5986945908128105	0.5593453118558711	0.5561858453270379	0.36082760273158415	0.36088355936929567	0.3597583814440417	0.2757381228852762	0.32356199712652356	0.32941438389156713	0.26497156115897763	0.363560616300755	0.3369118927225444	0.34511664085333704	0.33183925437618306	0.3449270291912536	0.33323169669236813	0.3140377624961152
s4pp	0.3587611963624112	0.29682224655946937	0.18354170739198372	0.2540926277995319	0.2520575755516568	0.0	0.3887205290901685	0.4790044880865777	0.4442839051567339	0.41422824849721074	0.457544548525411	0.4571071488159275	0.5073237461289481	0.4975130234187318	0.5077245913245712	0.5955432910548113	0.5673666144563402	0.5673559019591197	0.42847712537195354	0.43013550730245453	0.5893977634518315	0.4677823380990962	0.4858966656419921	0.5773471062663834	0.5773763503121464	0.5732651440829027	0.6337998344331548	0.5944505554762154	0.5912910889473821	0.39593284635192844	0.39598880298963995	0.394863625064386	0.3108433665056205	0.35866724074686784	0.3645196275119114	0.3000768047793219	0.39866585992109926	0.3720171363428887	0.3802218844736813	0.36694449799652734	0.3800322728115979	0.3683369403127124	0.3491430061164595
S2Hp	0.3749395027976228	0.31300055299468094	0.2850994173101511	0.35565033771769927	0.35361528546982424	0.3887205290901685	0.0	0.12907130797796332	0.0943507250481195	0.24220141823447397	0.28551771826267425	0.28508031855319077	0.33529691586621146	0.32548619315599503	0.33569776106183447	0.4235164607920745	0.3953397841936034	0.395329071696383	0.2564502951092168	0.2581086770397178	0.4173709331890947	0.2957555078363594	0.31386983537925534	0.4053202760036466	0.4053495200494096	0.40123831382016595	0.4617730041704181	0.4224237252134786	0.41926425868464534	0.3044579775214612	0.3045139341591727	0.3033887562339187	0.29246713584451234	0.3402910100857597	0.34614339685080325	0.28170057411821375	0.3802896292599911	0.38819544277810025	0.3964001909088929	0.3831228044317389	0.39621057924680947	0.384515246747924	0.36532131255167105
31300	0.46522346179403207	0.40328451199109017	0.37538337630656027	0.44593429671410845	0.4438992444662334	0.4790044880865777	0.12907130797796332	0.0	0.0452688499174189	0.3324853772308831	0.37580167725908337	0.3753642775495999	0.4255808748626206	0.4157701521524042	0.42598172005824364	0.5138004197884836	0.48562374319001256	0.4856130306927921	0.34673425410562597	0.3483926360361269	0.5076548921855039	0.3860394668327686	0.40415379437566445	0.4956042350000558	0.4956334790458188	0.4915222728165751	0.5520569631668273	0.5127076842098877	0.5095482176810544	0.3947419365178703	0.39479789315558184	0.3936727152303279	0.3827510948409215	0.43057496908216886	0.43642735584721243	0.37198453311462293	0.4705735882564003	0.4784794017745095	0.4866841499053021	0.47340676342814814	0.4864945382432187	0.4747992057443332	0.4556052715480803
S17H1	0.43050287886418825	0.36856392906124635	0.34066279337671646	0.41121371378426463	0.4091786615363896	0.4442839051567339	0.0943507250481195	0.0452688499174189	0.0	0.2977647943010393	0.3410810943292396	0.34064369461975613	0.3908602919327768	0.3810495692225604	0.3912611371283998	0.47907983685863986	0.45090316026016874	0.45089244776294835	0.31201367117578216	0.31367205310628316	0.47293430925566005	0.35131888390292476	0.3694332114458207	0.460883652070212	0.46091289611597497	0.4568016898867313	0.5173363802369835	0.47798710128004396	0.4748276347512107	0.36002135358802656	0.3600773102257381	0.35895213230048406	0.3480305119110777	0.39585438615232504	0.4017067729173686	0.3372639501847791	0.43585300532655646	0.44375881884466567	0.4519635669754583	0.4386861804983043	0.4517739553133749	0.4400786228144894	0.42088468861823647
S28Hp	0.4004472222046651	0.3385082724017232	0.3106071367171933	0.3811580571247415	0.37912300487686645	0.41422824849721074	0.24220141823447397	0.3324853772308831	0.2977647943010393	0.0	0.04495321942710741	0.04451581971762394	0.18708165559767848	0.1772709328874621	0.1874825007933015	0.27530120052354146	0.24712452392507045	0.24711381142785002	0.23696961388663426	0.23862799581713526	0.3978902519665122	0.2762748266137769	0.29438915415667277	0.3858395947810641	0.3858688388268271	0.38175763259758344	0.44229232294783555	0.40294304399089603	0.3997835774620628	0.32996569692850336	0.3300216535662149	0.3288964756409609	0.31797485525155456	0.3657987294928019	0.37165111625784547	0.30720829352525597	0.4057973486670333	0.4137031621851425	0.42190791031593516	0.4086305238387812	0.42171829865385174	0.41002296615496625	0.3908290319587133
S7Hp	0.4437635222328653	0.3818245724299234	0.3539234367453936	0.42447435715294174	0.4224393049050667	0.457544548525411	0.28551771826267425	0.37580167725908337	0.3410810943292396	0.04495321942710741	0.0	0.002281370573440236	0.23039795562587873	0.22058723291566235	0.23079880082150178	0.31861750055174176	0.2904408239532707	0.2904301114560503	0.2802859139148345	0.28194429584533554	0.4412065519947124	0.31959112664197714	0.3377054541848731	0.42915589480926436	0.42918513885502735	0.4250739326257837	0.4856086229760358	0.4462593440190963	0.443099877490263	0.3732819969567036	0.37333795359441513	0.37221277566916117	0.3612911552797548	0.4091150295210021	0.4149674162860457	0.3505245935534562	0.44911364869523357	0.4570194622133428	0.4652242103441354	0.45194682386698143	0.465034598682052	0.4533392661831665	0.4341453319869136
S6Hp	0.4433261225233819	0.38138717272044	0.3534860370359101	0.42403695744345826	0.4220019051955832	0.4571071488159275	0.28508031855319077	0.3753642775495999	0.34064369461975613	0.04451581971762394	0.002281370573440236	0.0	0.22996055591639528	0.2201498332061789	0.2303614011120183	0.3181801008422583	0.2900034242437872	0.2899927117465668	0.27984851420535106	0.28150689613585206	0.44076915228522895	0.31915372693249366	0.3372680544753896	0.4287184950997809	0.42874773914554387	0.4246365329163002	0.4851712232665524	0.44582194430961286	0.4426624777807796	0.3728445972472202	0.3729005538849317	0.3717753759596777	0.36085375557027133	0.4086776298115187	0.41453001657656224	0.35008719384397274	0.4486762489857501	0.4565820625038593	0.46478681063465194	0.45150942415749795	0.4645971989725685	0.452901866473683	0.4337079322774301
S3Hp	0.4935427198364025	0.4316037700334606	0.40370263434893083	0.47425355475647896	0.4722185025086039	0.5073237461289481	0.33529691586621146	0.4255808748626206	0.3908602919327768	0.18708165559767848	0.23039795562587873	0.22996055591639528	0.0	0.036131589518727615	0.1955084462772388	0.28332714600747877	0.25515046940900776	0.25513975691178736	0.3300651115183717	0.33172349344887275	0.49098574959824964	0.36937032424551436	0.3874846517884103	0.4789350924128016	0.47896433645856457	0.4748531302293209	0.535387820579573	0.4960385416226335	0.49287907509380025	0.4230611945602408	0.42311715119795235	0.4219919732726984	0.411070352883292	0.4588942271245393	0.46474661388958294	0.40030379115699344	0.4988928462987708	0.50679865981688	0.5150034079476726	0.5017260214705187	0.5148137962855892	0.5031184637867038	0.4839245295904508
S13Hp	0.4837319971261862	0.4217930473232443	0.3938919116387144	0.4644428320462626	0.46240777979838754	0.4975130234187318	0.32548619315599503	0.4157701521524042	0.3810495692225604	0.1772709328874621	0.22058723291566235	0.2201498332061789	0.036131589518727615	0.0	0.1856977235670224	0.2735164232972624	0.24533974669879138	0.24532903420157093	0.3202543888081554	0.3219127707386563	0.48117502688803326	0.359559601535298	0.37767392907819386	0.4691243697025852	0.4691536137483482	0.46504240751910453	0.5255770978693566	0.4862278189124171	0.48306835238358387	0.41325047185002445	0.41330642848773597	0.412181250562482	0.40125963017307564	0.449083504414323	0.45493589117936656	0.39049306844677706	0.4890821235885544	0.4969879371066636	0.5051926852374563	0.49191529876030227	0.5050030735753728	0.49330774107648734	0.4741138068802344
s13pp	0.4939435650320255	0.4320046152290836	0.40410347954455383	0.47465439995210196	0.4726193477042269	0.5077245913245712	0.33569776106183447	0.42598172005824364	0.3912611371283998	0.1874825007933015	0.23079880082150178	0.2303614011120183	0.1955084462772388	0.1856977235670224	0.0	0.24002014373699632	0.21184346713852525	0.21183275464130485	0.33046595671399476	0.33212433864449575	0.4913865947938727	0.3697711694411374	0.3878854969840333	0.47933593760842463	0.4793651816541876	0.47525397542494396	0.535788665775196	0.4964393868182565	0.49327992028942325	0.42346203975586383	0.42351799639357535	0.4223928184683214	0.411471198078915	0.4592950723201623	0.46514745908520594	0.40070463635261644	0.4992936914943938	0.507199505012503	0.5154042531432956	0.5021268666661417	0.5152146414812122	0.5035193089823268	0.4843253747860738
S16H2	0.5817622647622656	0.5198233149593237	0.49192217927479387	0.5624730996823419	0.560438047434467	0.5955432910548113	0.4235164607920745	0.5138004197884836	0.47907983685863986	0.27530120052354146	0.31861750055174176	0.3181801008422583	0.28332714600747877	0.2735164232972624	0.24002014373699632	0.0	0.24871527798718163	0.24870456548996117	0.41828465644423474	0.4199430383747358	0.5792052945241126	0.4575898691713774	0.47570419671427333	0.5671546373386647	0.5671838813844277	0.563072675155184	0.623607365505436	0.5842580865484965	0.5810986200196633	0.5112807394861039	0.5113366961238154	0.5102115181985614	0.49928989780915506	0.5471137720504023	0.552966158815446	0.4885233360828565	0.5871123912246339	0.595018204742743	0.6032229528735357	0.5899455663963817	0.6030333412114522	0.5913380087125668	0.5721440745163138
S8Hp	0.5535855881637946	0.49164663836085265	0.46374550267632275	0.5342964230838709	0.5322613708359959	0.5673666144563402	0.3953397841936034	0.48562374319001256	0.45090316026016874	0.24712452392507045	0.2904408239532707	0.2900034242437872	0.25515046940900776	0.24533974669879138	0.21184346713852525	0.24871527798718163	0.0	0.0644823474659646	0.39010797984576373	0.39176636177626467	0.5510286179256416	0.42941319257290633	0.4475275201158022	0.5389779607401936	0.5390072047859565	0.5348959985567129	0.5954306889069649	0.5560814099500255	0.5529219434211923	0.4831040628876328	0.4831600195253443	0.48203484160009036	0.471113221210684	0.5189370954519313	0.524789482216975	0.4603466594843854	0.5589357146261628	0.566841528144272	0.5750462762750647	0.5617688897979107	0.5748566646129812	0.5631613321140958	0.5439673979178428
31519	0.553574875666574	0.49163592586363214	0.46373479017910235	0.5342857105866505	0.5322506583387754	0.5673559019591197	0.395329071696383	0.4856130306927921	0.45089244776294835	0.24711381142785002	0.2904301114560503	0.2899927117465668	0.25513975691178736	0.24532903420157093	0.21183275464130485	0.24870456548996117	0.0644823474659646	0.0	0.3900972673485432	0.39175564927904427	0.5510179054284212	0.4294024800756859	0.4475168076185818	0.538967248242973	0.538996492288736	0.5348852860594924	0.5954199764097445	0.556070697452805	0.5529112309239718	0.48309335039041235	0.48314930702812386	0.4820241291028699	0.47110250871346354	0.5189263829547108	0.5247787697197545	0.46033594698716496	0.5589250021289422	0.5668308156470515	0.5750355637778441	0.5617581773006902	0.5748459521157607	0.5631506196168753	0.5439566854206223
S26Hp	0.41469609907940785	0.35275714927646595	0.32485601359193617	0.3954069339994843	0.39337188175160925	0.42847712537195354	0.2564502951092168	0.34673425410562597	0.31201367117578216	0.23696961388663426	0.2802859139148345	0.27984851420535106	0.3300651115183717	0.3202543888081554	0.33046595671399476	0.41828465644423474	0.39010797984576373	0.3900972673485432	0.0	0.1981085923383326	0.3573708484877095	0.23575542313497425	0.25386975067787015	0.34532019130226144	0.3453494353480244	0.34123822911878077	0.4017729194690329	0.36242364051209336	0.3592641739832601	0.34421457380324616	0.3442705304409577	0.34314535251570377	0.33222373212629736	0.38004760636754464	0.38589999313258827	0.32145717039999877	0.4200462255417761	0.4279520390598853	0.43615678719067796	0.422879400713524	0.43596717552859454	0.42427184302970905	0.4050779088334561
530394	0.4163544810099089	0.354415531206967	0.3265143955224371	0.3970653159299853	0.39503026368211025	0.43013550730245453	0.2581086770397178	0.3483926360361269	0.31367205310628316	0.23862799581713526	0.28194429584533554	0.28150689613585206	0.33172349344887275	0.3219127707386563	0.33212433864449575	0.4199430383747358	0.39176636177626467	0.39175564927904427	0.1981085923383326	0.0	0.2926447098343411	0.17102928448160584	0.18914361202450175	0.28059405264889303	0.280623296694656	0.27651209046541236	0.3370467808156645	0.29769750185872496	0.2945380353298917	0.3458729557337472	0.34592891237145873	0.3448037344462047	0.33388211405679835	0.3817059882980457	0.38755837506308927	0.32311555233049977	0.4217046074722771	0.4296104209903863	0.43781516912117896	0.424537782644025	0.43762555745909554	0.42593022496021005	0.4067362907639571
S21H1	0.5756167371592859	0.513677787356344	0.48577665167181405	0.5563275720793622	0.5542925198314872	0.5893977634518315	0.4173709331890947	0.5076548921855039	0.47293430925566005	0.3978902519665122	0.4412065519947124	0.44076915228522895	0.49098574959824964	0.48117502688803326	0.4913865947938727	0.5792052945241126	0.5510286179256416	0.5510179054284212	0.3573708484877095	0.2926447098343411	0.0	0.28002133222465486	0.2981356597675508	0.3895861003919421	0.38961534443770507	0.3855041382084614	0.4460388285587136	0.40668954960177395	0.4035300830729407	0.505135211883124	0.5051911685208357	0.5040659905955817	0.4931443702061753	0.5409682444474226	0.5468206312124662	0.4823778084798767	0.5809668636216541	0.5888726771397633	0.597077425270556	0.583800038793402	0.5968878136084725	0.5851924811095871	0.5659985469133341
S31Hp	0.45400131180655057	0.39206236200360867	0.36416122631907877	0.43471214672662695	0.4326770944787519	0.4677823380990962	0.2957555078363594	0.3860394668327686	0.35131888390292476	0.2762748266137769	0.31959112664197714	0.31915372693249366	0.36937032424551436	0.359559601535298	0.3697711694411374	0.4575898691713774	0.42941319257290633	0.4294024800756859	0.23575542313497425	0.17102928448160584	0.28002133222465486	0.0	0.03770096365986052	0.16303909899260666	0.16306834303836965	0.15895713680912602	0.21949182715937815	0.18014254820243858	0.2398056058443746	0.3835197865303888	0.38357574316810034	0.3824505652428464	0.37152894485344	0.41935281909468736	0.42520520585973093	0.36076238312714143	0.4593514382689188	0.467257251787028	0.4754619999178206	0.46218461344066664	0.4752723882557372	0.4635770557568517	0.4443831215605988
S23Hp	0.47211563934944645	0.41017668954650455	0.38227555386197465	0.4528264742695228	0.4507914220216478	0.4858966656419921	0.31386983537925534	0.40415379437566445	0.3694332114458207	0.29438915415667277	0.3377054541848731	0.3372680544753896	0.3874846517884103	0.37767392907819386	0.3878854969840333	0.47570419671427333	0.4475275201158022	0.4475168076185818	0.25386975067787015	0.18914361202450175	0.2981356597675508	0.03770096365986052	0.0	0.1811534265355026	0.18118267058126558	0.17707146435202192	0.23760615470227409	0.19825687574533452	0.2579199333872705	0.40163411407328475	0.40169007071099627	0.40056489278574225	0.3896432723963359	0.43746714663758324	0.4433195334026268	0.3788767106700373	0.47746576581181466	0.48537157932992386	0.4935763274607165	0.4802989409835625	0.4933867157986331	0.4816913832997476	0.46249744910349466
F8H1	0.5635660799738378	0.5016271301708959	0.473725994486366	0.5442769148939142	0.5422418626460391	0.5773471062663834	0.4053202760036466	0.4956042350000558	0.460883652070212	0.3858395947810641	0.42915589480926436	0.4287184950997809	0.4789350924128016	0.4691243697025852	0.47933593760842463	0.5671546373386647	0.5389779607401936	0.538967248242973	0.34532019130226144	0.28059405264889303	0.3895861003919421	0.16303909899260666	0.1811534265355026	0.0	0.001385206591624693	0.08621180670596332	0.2731752952976432	0.2338260163407036	0.34937037401166177	0.49308455469767604	0.49314051133538755	0.4920153334101336	0.48109371302072723	0.5289175872619746	0.5347699740270182	0.47032715129442865	0.568916206436206	0.5768220199543153	0.5850267680851079	0.571749381607954	0.5848371564230245	0.573141823924139	0.553947889727886
S29H1	0.5635953240196008	0.5016563742166589	0.473755238532129	0.5443061589396772	0.5422711066918021	0.5773763503121464	0.4053495200494096	0.4956334790458188	0.46091289611597497	0.3858688388268271	0.42918513885502735	0.42874773914554387	0.47896433645856457	0.4691536137483482	0.4793651816541876	0.5671838813844277	0.5390072047859565	0.538996492288736	0.3453494353480244	0.280623296694656	0.38961534443770507	0.16306834303836965	0.18118267058126558	0.001385206591624693	0.0	0.0862410507517263	0.27320453934340616	0.2338552603864666	0.34939961805742475	0.493113798743439	0.49316975538115054	0.4920445774558966	0.4811229570664902	0.5289468313077376	0.5347992180727812	0.47035639534019164	0.568945450481969	0.5768512640000782	0.5850560121308709	0.571778625653717	0.5848664004687875	0.573171067969902	0.553977133773649
S25Hp	0.5594841177903571	0.4975451679874152	0.4696440323028853	0.5401949527104335	0.5381599004625585	0.5732651440829027	0.40123831382016595	0.4915222728165751	0.4568016898867313	0.38175763259758344	0.4250739326257837	0.4246365329163002	0.4748531302293209	0.46504240751910453	0.47525397542494396	0.563072675155184	0.5348959985567129	0.5348852860594924	0.34123822911878077	0.27651209046541236	0.3855041382084614	0.15895713680912602	0.17707146435202192	0.08621180670596332	0.0862410507517263	0.0	0.2690933331141625	0.22974405415722296	0.3452884118281811	0.48900259251419537	0.4890585491519069	0.4879333712266529	0.47701175083724656	0.5248356250784939	0.5306880118435375	0.466245189110948	0.5648342442527253	0.5727400577708346	0.5809448059016272	0.5676674194244733	0.5807551942395438	0.5690598617406584	0.5498659275444053
31700	0.6200188081406092	0.5580798583376673	0.5301787226531375	0.6007296430606857	0.5986945908128105	0.6337998344331548	0.4617730041704181	0.5520569631668273	0.5173363802369835	0.44229232294783555	0.4856086229760358	0.4851712232665524	0.535387820579573	0.5255770978693566	0.535788665775196	0.623607365505436	0.5954306889069649	0.5954199764097445	0.4017729194690329	0.3370467808156645	0.4460388285587136	0.21949182715937815	0.23760615470227409	0.2731752952976432	0.27320453934340616	0.2690933331141625	0.0	0.08437590179155657	0.40582310217843326	0.5495372828644475	0.549593239502159	0.5484680615769051	0.5375464411874987	0.585370315428746	0.5912227021937896	0.5267798794612001	0.6253689346029774	0.6332747481210866	0.6414794962518793	0.6282021097747253	0.6412898845897959	0.6295945520909104	0.6104006178946574
31723	0.5806695291836697	0.5187305793807278	0.49082944369619796	0.561380364103746	0.5593453118558711	0.5944505554762154	0.4224237252134786	0.5127076842098877	0.47798710128004396	0.40294304399089603	0.4462593440190963	0.44582194430961286	0.4960385416226335	0.4862278189124171	0.4964393868182565	0.5842580865484965	0.5560814099500255	0.556070697452805	0.36242364051209336	0.29769750185872496	0.40668954960177395	0.18014254820243858	0.19825687574533452	0.2338260163407036	0.2338552603864666	0.22974405415722296	0.08437590179155657	0.0	0.3664738232214937	0.510188003907508	0.5102439605452195	0.5091187826199655	0.49819716223055915	0.5460210364718064	0.5518734232368501	0.48743060050426057	0.586019655646038	0.5939254691641471	0.6021302172949398	0.5888528308177858	0.6019406056328563	0.5902452731339709	0.5710513389377179
31112	0.5775100626548364	0.5155711128518945	0.4876699771673647	0.5582208975749128	0.5561858453270379	0.5912910889473821	0.41926425868464534	0.5095482176810544	0.4748276347512107	0.3997835774620628	0.443099877490263	0.4426624777807796	0.49287907509380025	0.48306835238358387	0.49327992028942325	0.5810986200196633	0.5529219434211923	0.5529112309239718	0.3592641739832601	0.2945380353298917	0.4035300830729407	0.2398056058443746	0.2579199333872705	0.34937037401166177	0.34939961805742475	0.3452884118281811	0.40582310217843326	0.3664738232214937	0.0	0.5070285373786747	0.5070844940163862	0.5059593160911322	0.4950376957017259	0.5428615699429732	0.5487139567080168	0.4842711339754273	0.5828601891172047	0.5907660026353139	0.5989707507661065	0.5856933642889526	0.5987811391040231	0.5870858066051377	0.5678918724088846
S19H1	0.38215182005938275	0.32021287025644085	0.29231173457191106	0.3628626549794592	0.36082760273158415	0.39593284635192844	0.3044579775214612	0.3947419365178703	0.36002135358802656	0.32996569692850336	0.3732819969567036	0.3728445972472202	0.4230611945602408	0.41325047185002445	0.42346203975586383	0.5112807394861039	0.4831040628876328	0.48309335039041235	0.34421457380324616	0.3458729557337472	0.505135211883124	0.3835197865303888	0.40163411407328475	0.49308455469767604	0.493113798743439	0.48900259251419537	0.5495372828644475	0.510188003907508	0.5070285373786747	0.0	0.0043184201914291	0.0031932422661751355	0.29967945310627225	0.34750332734751954	0.35335571411256317	0.28891289137997367	0.387501946521751	0.39540776003986017	0.4036125081706528	0.3903351216934988	0.4034228965085694	0.3917275640096839	0.37253362981343097
F7H1	0.38220777669709427	0.32026882689415237	0.2923676912096226	0.3629186116171707	0.36088355936929567	0.39598880298963995	0.3045139341591727	0.39479789315558184	0.3600773102257381	0.3300216535662149	0.37333795359441513	0.3729005538849317	0.42311715119795235	0.41330642848773597	0.42351799639357535	0.5113366961238154	0.4831600195253443	0.48314930702812386	0.3442705304409577	0.34592891237145873	0.5051911685208357	0.38357574316810034	0.40169007071099627	0.49314051133538755	0.49316975538115054	0.4890585491519069	0.549593239502159	0.5102439605452195	0.5070844940163862	0.0043184201914291	0.0	0.0032471989028865955	0.29973540974398377	0.34755928398523106	0.3534116707502747	0.2889688480176852	0.38755790315946254	0.3954637166775717	0.4036684648083643	0.39039107833121034	0.4034788531462809	0.3917835206473954	0.3725895864511425
S15Hp	0.38108259877184025	0.3191436489688984	0.29124251328436856	0.36179343369191674	0.3597583814440417	0.394863625064386	0.3033887562339187	0.3936727152303279	0.35895213230048406	0.3288964756409609	0.37221277566916117	0.3717753759596777	0.4219919732726984	0.412181250562482	0.4223928184683214	0.5102115181985614	0.48203484160009036	0.4820241291028699	0.34314535251570377	0.3448037344462047	0.5040659905955817	0.3824505652428464	0.40056489278574225	0.4920153334101336	0.4920445774558966	0.4879333712266529	0.5484680615769051	0.5091187826199655	0.5059593160911322	0.0031932422661751355	0.0032471989028865955	0.0	0.2986102318187298	0.34643410605997715	0.3522864928250207	0.2878436700924312	0.3864327252342086	0.3943385387523177	0.40254328688311036	0.3892659004059564	0.40235367522102694	0.39065834272214145	0.3714644085258885
F14H1A	0.2970623402130748	0.23512339041013294	0.20722225472560313	0.27777317513315125	0.2757381228852762	0.3108433665056205	0.29246713584451234	0.3827510948409215	0.3480305119110777	0.31797485525155456	0.3612911552797548	0.36085375557027133	0.411070352883292	0.40125963017307564	0.411471198078915	0.49928989780915506	0.471113221210684	0.47110250871346354	0.33222373212629736	0.33388211405679835	0.4931443702061753	0.37152894485344	0.3896432723963359	0.48109371302072723	0.4811229570664902	0.47701175083724656	0.5375464411874987	0.49819716223055915	0.4950376957017259	0.29967945310627225	0.29973540974398377	0.2986102318187298	0.0	0.04782587424224736	0.21359658278907065	0.14915376005648115	0.2477428151982585	0.3103182801935523	0.3185230283243449	0.30524564184719094	0.3183334166622615	0.306638084163376	0.2874441499671231
F16H1	0.3448862144543221	0.28294726465138026	0.2550461289668504	0.3255970493743986	0.32356199712652356	0.35866724074686784	0.3402910100857597	0.43057496908216886	0.39585438615232504	0.3657987294928019	0.4091150295210021	0.4086776298115187	0.4588942271245393	0.449083504414323	0.4592950723201623	0.5471137720504023	0.5189370954519313	0.5189263829547108	0.38004760636754464	0.3817059882980457	0.5409682444474226	0.41935281909468736	0.43746714663758324	0.5289175872619746	0.5289468313077376	0.5248356250784939	0.585370315428746	0.5460210364718064	0.5428615699429732	0.34750332734751954	0.34755928398523106	0.34643410605997715	0.04782587424224736	0.0	0.2614204570303179	0.19697763429772844	0.2955666894395058	0.3581421544347996	0.3663469025655922	0.35306951608843823	0.3661572909035088	0.3544619584046233	0.3352680242083704
S27H1	0.35073860121936573	0.28879965141642383	0.26089851573189404	0.33144943613944217	0.32941438389156713	0.3645196275119114	0.34614339685080325	0.43642735584721243	0.4017067729173686	0.37165111625784547	0.4149674162860457	0.41453001657656224	0.46474661388958294	0.45493589117936656	0.46514745908520594	0.552966158815446	0.524789482216975	0.5247787697197545	0.38589999313258827	0.38755837506308927	0.5468206312124662	0.42520520585973093	0.4433195334026268	0.5347699740270182	0.5347992180727812	0.5306880118435375	0.5912227021937896	0.5518734232368501	0.5487139567080168	0.35335571411256317	0.3534116707502747	0.3522864928250207	0.21359658278907065	0.2614204570303179	0.0	0.06902603565329932	0.2886430207931467	0.36399454119984315	0.3721992893306358	0.3589219028534818	0.37200967766855236	0.36031434516966687	0.34112041097341395
S11Hp	0.28629577848677623	0.22435682868383433	0.19645569299930452	0.26700661340685267	0.26497156115897763	0.3000768047793219	0.28170057411821375	0.37198453311462293	0.3372639501847791	0.30720829352525597	0.3505245935534562	0.35008719384397274	0.40030379115699344	0.39049306844677706	0.40070463635261644	0.4885233360828565	0.4603466594843854	0.46033594698716496	0.32145717039999877	0.32311555233049977	0.4823778084798767	0.36076238312714143	0.3788767106700373	0.47032715129442865	0.47035639534019164	0.466245189110948	0.5267798794612001	0.48743060050426057	0.4842711339754273	0.28891289137997367	0.2889688480176852	0.2878436700924312	0.14915376005648115	0.19697763429772844	0.06902603565329932	0.0	0.2242001980605572	0.29955171846725365	0.3077564665980463	0.2944790801208923	0.30756685493596286	0.29587152243707737	0.27667758824082445
31379	0.3848848336285535	0.3229458838256117	0.29504474814108184	0.36559566854863	0.363560616300755	0.39866585992109926	0.3802896292599911	0.4705735882564003	0.43585300532655646	0.4057973486670333	0.44911364869523357	0.4486762489857501	0.4988928462987708	0.4890821235885544	0.4992936914943938	0.5871123912246339	0.5589357146261628	0.5589250021289422	0.4200462255417761	0.4217046074722771	0.5809668636216541	0.4593514382689188	0.47746576581181466	0.568916206436206	0.568945450481969	0.5648342442527253	0.6253689346029774	0.586019655646038	0.5828601891172047	0.387501946521751	0.38755790315946254	0.3864327252342086	0.2477428151982585	0.2955666894395058	0.2886430207931467	0.2242001980605572	0.0	0.398140773609031	0.40634552173982363	0.39306813526266965	0.4061559100777402	0.3944605775788547	0.3752666433826018
530050	0.24682428655055005	0.23383259831346792	0.2683960245628713	0.33894694497041944	0.3369118927225444	0.3720171363428887	0.38819544277810025	0.4784794017745095	0.44375881884466567	0.4137031621851425	0.4570194622133428	0.4565820625038593	0.50679865981688	0.4969879371066636	0.507199505012503	0.595018204742743	0.566841528144272	0.5668308156470515	0.4279520390598853	0.4296104209903863	0.5888726771397633	0.467257251787028	0.48537157932992386	0.5768220199543153	0.5768512640000782	0.5727400577708346	0.6332747481210866	0.5939254691641471	0.5907660026353139	0.39540776003986017	0.3954637166775717	0.3943385387523177	0.3103182801935523	0.3581421544347996	0.36399454119984315	0.29955171846725365	0.398140773609031	0.0	0.053985743052163845	0.04071035657600992	0.05379813139108047	0.042102798892194995	0.03728701993264763
31219	0.2550290346813427	0.24203734644426056	0.27660077269366395	0.3471516931012121	0.34511664085333704	0.3802218844736813	0.3964001909088929	0.4866841499053021	0.4519635669754583	0.42190791031593516	0.4652242103441354	0.46478681063465194	0.5150034079476726	0.5051926852374563	0.5154042531432956	0.6032229528735357	0.5750462762750647	0.5750355637778441	0.43615678719067796	0.43781516912117896	0.597077425270556	0.4754619999178206	0.4935763274607165	0.5850267680851079	0.5850560121308709	0.5809448059016272	0.6414794962518793	0.6021302172949398	0.5989707507661065	0.4036125081706528	0.4036684648083643	0.40254328688311036	0.3185230283243449	0.3663469025655922	0.3721992893306358	0.3077564665980463	0.40634552173982363	0.053985743052163845	0.0	0.04891510470680257	0.06200287952187312	0.05030754702298765	0.045491768063440276
F32H1	0.2417516482041887	0.22875995996710657	0.26332338621650997	0.3338743066240581	0.33183925437618306	0.36694449799652734	0.3831228044317389	0.47340676342814814	0.4386861804983043	0.4086305238387812	0.45194682386698143	0.45150942415749795	0.5017260214705187	0.49191529876030227	0.5021268666661417	0.5899455663963817	0.5617688897979107	0.5617581773006902	0.422879400713524	0.424537782644025	0.583800038793402	0.46218461344066664	0.4802989409835625	0.571749381607954	0.571778625653717	0.5676674194244733	0.6282021097747253	0.5888528308177858	0.5856933642889526	0.3903351216934988	0.39039107833121034	0.3892659004059564	0.30524564184719094	0.35306951608843823	0.3589219028534818	0.2944790801208923	0.39306813526266965	0.04071035657600992	0.04891510470680257	0.0	0.016328097678758695	0.004632765179873226	0.0322143815862863
530119	0.25483942301925927	0.24184773478217714	0.27641116103158053	0.34696208143912866	0.3449270291912536	0.3800322728115979	0.39621057924680947	0.4864945382432187	0.4517739553133749	0.42171829865385174	0.465034598682052	0.4645971989725685	0.5148137962855892	0.5050030735753728	0.5152146414812122	0.6030333412114522	0.5748566646129812	0.5748459521157607	0.43596717552859454	0.43762555745909554	0.5968878136084725	0.4752723882557372	0.4933867157986331	0.5848371564230245	0.5848664004687875	0.5807551942395438	0.6412898845897959	0.6019406056328563	0.5987811391040231	0.4034228965085694	0.4034788531462809	0.40235367522102694	0.3183334166622615	0.3661572909035088	0.37200967766855236	0.30756685493596286	0.4061559100777402	0.05379813139108047	0.06200287952187312	0.016328097678758695	0.0	0.017718539993943714	0.04530215640135685
S30H1	0.2431440905203738	0.23015240228329167	0.26471582853269504	0.33526674894024316	0.33323169669236813	0.3683369403127124	0.384515246747924	0.4747992057443332	0.4400786228144894	0.41002296615496625	0.4533392661831665	0.452901866473683	0.5031184637867038	0.49330774107648734	0.5035193089823268	0.5913380087125668	0.5631613321140958	0.5631506196168753	0.42427184302970905	0.42593022496021005	0.5851924811095871	0.4635770557568517	0.4816913832997476	0.573141823924139	0.573171067969902	0.5690598617406584	0.6295945520909104	0.5902452731339709	0.5870858066051377	0.3917275640096839	0.3917835206473954	0.39065834272214145	0.306638084163376	0.3544619584046233	0.36031434516966687	0.29587152243707737	0.3944605775788547	0.042102798892194995	0.05030754702298765	0.004632765179873226	0.017718539993943714	0.0	0.033606823902471376
F14H1B	0.22395015632412082	0.2109584680870387	0.2455218943364421	0.31607281474399024	0.3140377624961152	0.3491430061164595	0.36532131255167105	0.4556052715480803	0.42088468861823647	0.3908290319587133	0.4341453319869136	0.4337079322774301	0.4839245295904508	0.4741138068802344	0.4843253747860738	0.5721440745163138	0.5439673979178428	0.5439566854206223	0.4050779088334561	0.4067362907639571	0.5659985469133341	0.4443831215605988	0.46249744910349466	0.553947889727886	0.553977133773649	0.5498659275444053	0.6104006178946574	0.5710513389377179	0.5678918724088846	0.37253362981343097	0.3725895864511425	0.3714644085258885	0.2874441499671231	0.3352680242083704	0.34112041097341395	0.27667758824082445	0.3752666433826018	0.03728701993264763	0.045491768063440276	0.0322143815862863	0.04530215640135685	0.033606823902471376	0.0
