	f12ppB	f4pp	f6ppB	f29pp	f9pp	f2pp	S6Hp	w6pp	S1Hp	S15Hp	f18pp	f1pp	f23ppA	f8pp	f12ppA	f15pp	f21pp	w3pp	w16pp	F14H1B	f16ppB	f16ppA	f32pp	w9pp	f22ppA	f31pp	S18H1	S13Hp	f30pp	f20ppB	f22ppB	f17ppA	f13pp	f6ppA	F7H1
f12ppB	0.0	0.2622804121330723	0.3352158524421181	0.3317459516098822	0.24432005323994843	0.35843554544085265	0.3902749102825085	0.32860477335012317	0.3860768210102643	0.41740709926676156	0.2490307805743286	0.2169509289497133	0.29634239218892433	0.2209360155937139	0.2222858505115931	0.2933370810938046	0.2524809355349019	0.2565434943438154	0.3717846934477147	0.430718803364139	0.32975039813203383	0.2890001429681237	0.30238346204514743	0.3301296599920154	0.31770217381288834	0.2576100879562243	0.3412592066830058	0.3121136635969954	0.3713266734553121	0.4067981324412813	0.3817500931138643	0.2756193633905827	0.2771221776882511	0.27714995548394744	0.3256671678938834
f4pp	0.2622804121330723	0.0	0.26085795656692207	0.25738805573468615	0.1699621573647524	0.2840776495656566	0.3159170144073124	0.25424687747492714	0.34731582757476515	0.40901069732373574	0.24063437863130283	0.2382599567333476	0.31765141997255864	0.2422450433773482	0.24473460903435057	0.31578583961656204	0.27492969405765944	0.2789922528665729	0.3942334519704722	0.45316756188689644	0.3521991566547913	0.3114489014908812	0.32483222056790495	0.35257841851477284	0.3401509323356458	0.2800588464789818	0.36370796520576326	0.33456242211975284	0.3937754319780696	0.4292468909640388	0.4041988516366218	0.2980681219133401	0.2995709362110085	0.2995987140067049	0.3481159264166408
f6ppB	0.3352158524421181	0.26085795656692207	0.0	0.24118910123435805	0.15376320286442433	0.30739377345328767	0.3392331382949435	0.27756300136255824	0.42025126788381095	0.4819461376327816	0.31356981894034863	0.3111953970423934	0.39058686028160444	0.315180483686394	0.3176700493433964	0.38872127992560784	0.3478651343667052	0.35192769317561867	0.46716889227951797	0.5261030021959423	0.4251345969638371	0.384384341799927	0.3977676608769507	0.42551385882381865	0.4130863726446916	0.3529942867880276	0.43664340551480907	0.40749786242879865	0.4667108722871154	0.5021823312730846	0.4771342919456676	0.37100356222238595	0.37250637652005436	0.37253415431575065	0.4210513667256866
f29pp	0.3317459516098822	0.25738805573468615	0.24118910123435805	0.0	0.09725353819184507	0.30392387262105175	0.33576323746270753	0.2740931005303223	0.416781367051575	0.47847623680054563	0.31009991810811266	0.30772549621015743	0.3871169594493685	0.3117105828541581	0.31420014851116046	0.3852513790933719	0.34439523353446927	0.34845779234338276	0.46369899144728205	0.5226331013637063	0.4216646961316012	0.38091444096769106	0.3942977600447148	0.4220439579915827	0.40961647181245564	0.34952438595579166	0.4331735046825731	0.40402796159656273	0.4632409714548794	0.4987124304408487	0.4736643911134316	0.36753366139015	0.3690364756878184	0.3690642534835148	0.4175814658934507
f9pp	0.24432005323994843	0.1699621573647524	0.15376320286442433	0.09725353819184507	0.0	0.216497974251118	0.2483373390927738	0.18666720216038854	0.3293554686816413	0.3910503384306119	0.22267401973817894	0.22029959784022374	0.2996910610794348	0.22428468448422434	0.2267742501412267	0.2978254807234382	0.2569693351645356	0.26103189397344906	0.37627309307734835	0.4352072029937726	0.3342387977616674	0.29348854259775736	0.3068718616747811	0.334618059621649	0.32219057344252194	0.26209848758585796	0.3457476063126394	0.316602063226629	0.3758150730849457	0.4112865320709149	0.3862384927434979	0.2801077630202162	0.28161057731788464	0.28163835511358104	0.33015556752351694
f2pp	0.35843554544085265	0.2840776495656566	0.30739377345328767	0.30392387262105175	0.216497974251118	0.0	0.2838249646096027	0.2970041822255943	0.44347096088254545	0.5051658306315161	0.33678951193908313	0.3344150900411279	0.413806553280339	0.33840017668512856	0.34088974234213093	0.4119409729243424	0.3710848273654398	0.3751473861743533	0.4903885852782526	0.5493226951946768	0.44835428996257165	0.4076040347986616	0.4209873538756853	0.4487335518225532	0.43630606564342617	0.3762139797867622	0.4598630985135436	0.4307175554275332	0.48993056528584994	0.5254020242718191	0.5003539849444021	0.39422325522112045	0.39572606951878886	0.39575384731448526	0.44427105972442116
S6Hp	0.3902749102825085	0.3159170144073124	0.3392331382949435	0.33576323746270753	0.2483373390927738	0.2838249646096027	0.0	0.3288435470672501	0.4753103257242013	0.5370051954731718	0.3686288767807389	0.36625445488278374	0.4456459181219948	0.37023954152678434	0.37272910718378677	0.44378033776599823	0.40292419220709563	0.4069867510160091	0.5222279501199084	0.5811620600363326	0.4801936548042275	0.4394433996403174	0.45282671871734115	0.48057291666420904	0.468145430485082	0.408053344628418	0.49170246335519946	0.46255692026918904	0.5217699301275058	0.557241389113475	0.532193349786058	0.4260626200627763	0.4275654343604447	0.4275932121561411	0.476110424566077
w6pp	0.32860477335012317	0.25424687747492714	0.27756300136255824	0.2740931005303223	0.18666720216038854	0.2970041822255943	0.3288435470672501	0.0	0.413640188791816	0.4753350585407866	0.3069587398483537	0.3045843179503985	0.3839757811896095	0.3085694045943991	0.31105897025140145	0.3821102008336129	0.3412540552747103	0.3453166140836238	0.4605578131875231	0.5194919231039473	0.41852351787184217	0.3777732627079321	0.3911565817849558	0.4189027797318237	0.4064752935526967	0.3463832076960327	0.43003232642281414	0.4008867833368037	0.46009979319512045	0.49557125218108966	0.47052321285367266	0.36439248313039097	0.3658952974280594	0.3659230752237558	0.4144402876336917
S1Hp	0.3860768210102643	0.34731582757476515	0.42025126788381095	0.416781367051575	0.3293554686816413	0.44347096088254545	0.4753103257242013	0.413640188791816	0.0	0.5328071062009277	0.3644307875084948	0.3620563656105396	0.44144782884975065	0.3660414522545402	0.36853101791154264	0.4395822484937541	0.39872610293485145	0.40278866174376493	0.5180298608476642	0.5769639707640886	0.47599556553198336	0.43524531036807323	0.44862862944509696	0.4763748273919649	0.46394734121283787	0.40385525535617384	0.4875043740829553	0.4583588309969449	0.5175718408552616	0.5530432998412309	0.5279952605138138	0.4218645307905322	0.4233673450882006	0.4233951228838969	0.47191233529383286
S15Hp	0.41740709926676156	0.40901069732373574	0.4819461376327816	0.47847623680054563	0.3910503384306119	0.5051658306315161	0.5370051954731718	0.4753350585407866	0.5328071062009277	0.0	0.3122353424214446	0.39338664386703687	0.4727781071062479	0.39737173051103747	0.3998612961680399	0.47091252675025136	0.4300563811913487	0.4341189400002622	0.5493601391041615	0.6082942490205858	0.5073258437884807	0.4665755886245705	0.4799589077015942	0.5077051056484622	0.49527761946933513	0.4351855336126711	0.5188346523394526	0.48968910925344217	0.5489021191117589	0.5843735780977282	0.5593255387703111	0.45319480904702947	0.4546976233446979	0.45472540114039417	0.5032426135503301
f18pp	0.2490307805743286	0.24063437863130283	0.31356981894034863	0.31009991810811266	0.22267401973817894	0.33678951193908313	0.3686288767807389	0.3069587398483537	0.3644307875084948	0.3122353424214446	0.0	0.2250103251746039	0.30440178841381493	0.2289954118186045	0.23148497747560687	0.30253620805781833	0.26168006249891573	0.2657426213078292	0.3809838204117285	0.43991793032815274	0.3389495250960476	0.2981992699321375	0.31158258900916125	0.33932878695602914	0.3269013007769021	0.2668092149202381	0.35045833364701956	0.32131279056100914	0.3805258004193259	0.4159972594052951	0.3909492200778781	0.2848184903545964	0.2863213046522648	0.2863490824479612	0.3348662948578971
f1pp	0.2169509289497133	0.2382599567333476	0.3111953970423934	0.30772549621015743	0.22029959784022374	0.3344150900411279	0.36625445488278374	0.3045843179503985	0.3620563656105396	0.39338664386703687	0.2250103251746039	0.0	0.23955256896661808	0.16414619237140762	0.1994051258509916	0.27045635643320304	0.22960021087430044	0.23366276968321392	0.3489039687871132	0.40783807870353744	0.3068696734714323	0.2661194183075222	0.27950273738454595	0.30724893533141384	0.2948214491522868	0.23472936329562283	0.31837848202240426	0.28923293893639385	0.3484459487947106	0.3839174077806798	0.3588693684532628	0.25273863872998115	0.25424145302764956	0.25426923082334596	0.30278644323328185
f23ppA	0.29634239218892433	0.31765141997255864	0.39058686028160444	0.3871169594493685	0.2996910610794348	0.413806553280339	0.4456459181219948	0.3839757811896095	0.44144782884975065	0.4727781071062479	0.30440178841381493	0.23955256896661808	0.0	0.1981987519748059	0.2787965890902026	0.3498478196724141	0.30899167411351147	0.31305423292242496	0.42829543202632425	0.4872295419427485	0.3862611367106433	0.34551088154673326	0.358894200623757	0.3866403985706249	0.37421291239149784	0.31412082653483386	0.3977699452616153	0.3686244021756049	0.4278374120339216	0.4633088710198908	0.4382608316924738	0.3321301019691921	0.33363291626686054	0.33366069406255694	0.38217790647249283
f8pp	0.2209360155937139	0.2422450433773482	0.315180483686394	0.3117105828541581	0.22428468448422434	0.33840017668512856	0.37023954152678434	0.3085694045943991	0.3660414522545402	0.39737173051103747	0.2289954118186045	0.16414619237140762	0.1981987519748059	0.0	0.2033902124949922	0.27444144307720364	0.23358529751830104	0.23764785632721452	0.3528890554311138	0.41182316534753804	0.3108547601154329	0.27010450495152283	0.28348782402854655	0.31123402197541444	0.2988065357962874	0.23871444993962343	0.32236356866640486	0.29321802558039445	0.3524310354387112	0.3879024944246804	0.3628544550972634	0.25672372537398175	0.25822653967165016	0.2582543174673465	0.30677152987728246
f12ppA	0.2222858505115931	0.24473460903435057	0.3176700493433964	0.31420014851116046	0.2267742501412267	0.34088974234213093	0.37272910718378677	0.31105897025140145	0.36853101791154264	0.3998612961680399	0.23148497747560687	0.1994051258509916	0.2787965890902026	0.2033902124949922	0.0	0.1790949160270087	0.19716120026436623	0.20122375907327972	0.316464958177179	0.37539906809360324	0.2744306628614981	0.23368040769758802	0.24706372677461175	0.27480992472147964	0.2623824385423526	0.20229035268568862	0.28593947141247006	0.25679392832645964	0.3160069381847764	0.3514783971707456	0.3264303578433286	0.23486962430305003	0.23637243860071844	0.23640021639641481	0.28491742880635074
f15pp	0.2933370810938046	0.31578583961656204	0.38872127992560784	0.3852513790933719	0.2978254807234382	0.4119409729243424	0.44378033776599823	0.3821102008336129	0.4395822484937541	0.47091252675025136	0.30253620805781833	0.27045635643320304	0.3498478196724141	0.27444144307720364	0.1790949160270087	0.0	0.26821243084657764	0.27227498965549113	0.3875161887593904	0.44645029867581465	0.34548189344370955	0.30473163827979943	0.31811495735682316	0.3458611553036911	0.33343366912456407	0.27334158326790003	0.3569907019946815	0.3278451589086711	0.38705816876698784	0.422529627752957	0.39748158842554004	0.30592085488526144	0.30742366918292985	0.30745144697862625	0.35596865938856215
f21pp	0.2524809355349019	0.27492969405765944	0.3478651343667052	0.34439523353446927	0.2569693351645356	0.3710848273654398	0.40292419220709563	0.3412540552747103	0.39872610293485145	0.4300563811913487	0.26168006249891573	0.22960021087430044	0.30899167411351147	0.23358529751830104	0.19716120026436623	0.26821243084657764	0.0	0.1035308009783931	0.2778197503847298	0.33675386030115395	0.23578545506904885	0.19503519990513876	0.20841851898216252	0.2361647169290304	0.2531393754504291	0.19304728959376508	0.27669640832054654	0.24755086523453612	0.30676387509285286	0.342235334078822	0.31718729475140506	0.26506470932635884	0.26656752362402725	0.26659530141972365	0.31511251382965955
w3pp	0.2565434943438154	0.2789922528665729	0.35192769317561867	0.34845779234338276	0.26103189397344906	0.3751473861743533	0.4069867510160091	0.3453166140836238	0.40278866174376493	0.4341189400002622	0.2657426213078292	0.23366276968321392	0.31305423292242496	0.23764785632721452	0.20122375907327972	0.27227498965549113	0.1035308009783931	0.0	0.28188230919364327	0.34081641911006744	0.23984801387796237	0.19909775871405228	0.212481077791076	0.24022727573794392	0.25720193425934257	0.1971098484026786	0.28075896712946	0.25161342404344966	0.31082643390176634	0.3462978928877355	0.32124985356031854	0.2691272681352723	0.27063008243294073	0.27065786022863714	0.31917507263857303
w16pp	0.3717846934477147	0.3942334519704722	0.46716889227951797	0.46369899144728205	0.37627309307734835	0.4903885852782526	0.5222279501199084	0.4605578131875231	0.5180298608476642	0.5493601391041615	0.3809838204117285	0.3489039687871132	0.42829543202632425	0.3528890554311138	0.316464958177179	0.3875161887593904	0.2778197503847298	0.28188230919364327	0.0	0.3576921231462609	0.2567237179141558	0.24958475953678452	0.2629680786138083	0.32553851514465604	0.37244313336324186	0.3123510475065779	0.3960001662333593	0.36685462314734896	0.42606763300566564	0.4615390919916348	0.43649105266421784	0.3843684672391716	0.38587128153684	0.38589905933253643	0.4344162717424723
F14H1B	0.430718803364139	0.45316756188689644	0.5261030021959423	0.5226331013637063	0.4352072029937726	0.5493226951946768	0.5811620600363326	0.5194919231039473	0.5769639707640886	0.6082942490205858	0.43991793032815274	0.40783807870353744	0.4872295419427485	0.41182316534753804	0.37539906809360324	0.44645029867581465	0.33675386030115395	0.34081641911006744	0.3576921231462609	0.0	0.2414973997109012	0.3085188694532087	0.3219021885302325	0.38447262506108026	0.4313772432796661	0.37128515742300205	0.45493427614978355	0.42578873306377313	0.48500174292208986	0.520473201908059	0.49542516258064206	0.44330257715559584	0.44480539145326425	0.44483316924896066	0.49335038165889655
f16ppB	0.32975039813203383	0.3521991566547913	0.4251345969638371	0.4216646961316012	0.3342387977616674	0.44835428996257165	0.4801936548042275	0.41852351787184217	0.47599556553198336	0.5073258437884807	0.3389495250960476	0.3068696734714323	0.3862611367106433	0.3108547601154329	0.2744306628614981	0.34548189344370955	0.23578545506904885	0.23984801387796237	0.2567237179141558	0.2414973997109012	0.0	0.20755046422110363	0.22093378329812735	0.28350421982897517	0.330408838047561	0.27031675219089696	0.35396587091767845	0.32482032783166803	0.38403333768998477	0.4195047966759539	0.39445675734853697	0.3423341719234907	0.3438369862211591	0.3438647640168555	0.3923819764267914
f16ppA	0.2890001429681237	0.3114489014908812	0.384384341799927	0.38091444096769106	0.29348854259775736	0.4076040347986616	0.4394433996403174	0.3777732627079321	0.43524531036807323	0.4665755886245705	0.2981992699321375	0.2661194183075222	0.34551088154673326	0.27010450495152283	0.23368040769758802	0.30473163827979943	0.19503519990513876	0.19909775871405228	0.24958475953678452	0.3085188694532087	0.20755046422110363	0.0	0.15717865603804476	0.24275396466506505	0.2896585828836509	0.2295664970269869	0.31321561575376833	0.28407007266775797	0.34328308252607465	0.3787545415120438	0.35370650218462685	0.30158391675958063	0.30308673105724904	0.30311450885294544	0.35163172126288134
f32pp	0.30238346204514743	0.32483222056790495	0.3977676608769507	0.3942977600447148	0.3068718616747811	0.4209873538756853	0.45282671871734115	0.3911565817849558	0.44862862944509696	0.4799589077015942	0.31158258900916125	0.27950273738454595	0.358894200623757	0.28348782402854655	0.24706372677461175	0.31811495735682316	0.20841851898216252	0.212481077791076	0.2629680786138083	0.3219021885302325	0.22093378329812735	0.15717865603804476	0.0	0.2561372837420888	0.3030419019606746	0.24294981610401062	0.32659893483079205	0.2974533917447817	0.35666640160309837	0.3921378605890675	0.3670898212616506	0.31496723583660435	0.31647005013427276	0.31649782792996917	0.36501504033990506
w9pp	0.3301296599920154	0.35257841851477284	0.42551385882381865	0.4220439579915827	0.334618059621649	0.4487335518225532	0.48057291666420904	0.4189027797318237	0.4763748273919649	0.5077051056484622	0.33932878695602914	0.30724893533141384	0.3866403985706249	0.31123402197541444	0.27480992472147964	0.3458611553036911	0.2361647169290304	0.24022727573794392	0.32553851514465604	0.38447262506108026	0.28350421982897517	0.24275396466506505	0.2561372837420888	0.0	0.33078809990754254	0.2706960140508785	0.35434513277766	0.3251995896916496	0.3844125995499663	0.41988405853593547	0.3948360192085185	0.3427134337834723	0.3442162480811407	0.344244025876837	0.39276123828677295
f22ppA	0.31770217381288834	0.3401509323356458	0.4130863726446916	0.40961647181245564	0.32219057344252194	0.43630606564342617	0.468145430485082	0.4064752935526967	0.46394734121283787	0.49527761946933513	0.3269013007769021	0.2948214491522868	0.37421291239149784	0.2988065357962874	0.2623824385423526	0.33343366912456407	0.2531393754504291	0.25720193425934257	0.37244313336324186	0.4313772432796661	0.330408838047561	0.2896585828836509	0.3030419019606746	0.33078809990754254	0.0	0.09794215163739549	0.2731953153693391	0.2440497722833287	0.3032627821416454	0.3387342411276146	0.31368620180019763	0.33028594760434526	0.3317887619020137	0.33181653969771	0.380333752107646
f31pp	0.2576100879562243	0.2800588464789818	0.3529942867880276	0.34952438595579166	0.26209848758585796	0.3762139797867622	0.408053344628418	0.3463832076960327	0.40385525535617384	0.4351855336126711	0.2668092149202381	0.23472936329562283	0.31412082653483386	0.23871444993962343	0.20229035268568862	0.27334158326790003	0.19304728959376508	0.1971098484026786	0.3123510475065779	0.37128515742300205	0.27031675219089696	0.2295664970269869	0.24294981610401062	0.2706960140508785	0.09794215163739549	0.0	0.21310322951267507	0.18395768642666468	0.2431706962849814	0.27864215527095054	0.2535941159435336	0.27019386174768123	0.27169667604534964	0.27172445384104604	0.32024166625098194
S18H1	0.3412592066830058	0.36370796520576326	0.43664340551480907	0.4331735046825731	0.3457476063126394	0.4598630985135436	0.49170246335519946	0.43003232642281414	0.4875043740829553	0.5188346523394526	0.35045833364701956	0.31837848202240426	0.3977699452616153	0.32236356866640486	0.28593947141247006	0.3569907019946815	0.27669640832054654	0.28075896712946	0.3960001662333593	0.45493427614978355	0.35396587091767845	0.31321561575376833	0.32659893483079205	0.35434513277766	0.2731953153693391	0.21310322951267507	0.0	0.10877381443423223	0.28389163381843574	0.3193630928044049	0.29431505347698794	0.3538429804744627	0.35534579477213113	0.3553735725678274	0.4038907849777634
S13Hp	0.3121136635969954	0.33456242211975284	0.40749786242879865	0.40402796159656273	0.316602063226629	0.4307175554275332	0.46255692026918904	0.4008867833368037	0.4583588309969449	0.48968910925344217	0.32131279056100914	0.28923293893639385	0.3686244021756049	0.29321802558039445	0.25679392832645964	0.3278451589086711	0.24755086523453612	0.25161342404344966	0.36685462314734896	0.42578873306377313	0.32482032783166803	0.28407007266775797	0.2974533917447817	0.3251995896916496	0.2440497722833287	0.18395768642666468	0.10877381443423223	0.0	0.2547460907324253	0.2902175497183945	0.2651695103909775	0.32469743738845225	0.32620025168612066	0.32622802948181706	0.37474524189175296
f30pp	0.3713266734553121	0.3937754319780696	0.4667108722871154	0.4632409714548794	0.3758150730849457	0.48993056528584994	0.5217699301275058	0.46009979319512045	0.5175718408552616	0.5489021191117589	0.3805258004193259	0.3484459487947106	0.4278374120339216	0.3524310354387112	0.3160069381847764	0.38705816876698784	0.30676387509285286	0.31082643390176634	0.42606763300566564	0.48500174292208986	0.38403333768998477	0.34328308252607465	0.35666640160309837	0.3844125995499663	0.3032627821416454	0.2431706962849814	0.28389163381843574	0.2547460907324253	0.0	0.3085013768315885	0.28345333750417157	0.38391044724676904	0.38541326154443745	0.38544103934013374	0.4339582517500697
f20ppB	0.4067981324412813	0.4292468909640388	0.5021823312730846	0.4987124304408487	0.4112865320709149	0.5254020242718191	0.557241389113475	0.49557125218108966	0.5530432998412309	0.5843735780977282	0.4159972594052951	0.3839174077806798	0.4633088710198908	0.3879024944246804	0.3514783971707456	0.422529627752957	0.342235334078822	0.3462978928877355	0.4615390919916348	0.520473201908059	0.4195047966759539	0.3787545415120438	0.3921378605890675	0.41988405853593547	0.3387342411276146	0.27864215527095054	0.3193630928044049	0.2902175497183945	0.3085013768315885	0.0	0.15972983166173246	0.4193819062327382	0.4208847205304066	0.420912498326103	0.4694297107360389
f22ppB	0.3817500931138643	0.4041988516366218	0.4771342919456676	0.4736643911134316	0.3862384927434979	0.5003539849444021	0.532193349786058	0.47052321285367266	0.5279952605138138	0.5593255387703111	0.3909492200778781	0.3588693684532628	0.4382608316924738	0.3628544550972634	0.3264303578433286	0.39748158842554004	0.31718729475140506	0.32124985356031854	0.43649105266421784	0.49542516258064206	0.39445675734853697	0.35370650218462685	0.3670898212616506	0.3948360192085185	0.31368620180019763	0.2535941159435336	0.29431505347698794	0.2651695103909775	0.28345333750417157	0.15972983166173246	0.0	0.39433386690532124	0.39583668120298965	0.39586445899868594	0.4443816714086219
f17ppA	0.2756193633905827	0.2980681219133401	0.37100356222238595	0.36753366139015	0.2801077630202162	0.39422325522112045	0.4260626200627763	0.36439248313039097	0.4218645307905322	0.45319480904702947	0.2848184903545964	0.25273863872998115	0.3321301019691921	0.25672372537398175	0.23486962430305003	0.30592085488526144	0.26506470932635884	0.2691272681352723	0.3843684672391716	0.44330257715559584	0.3423341719234907	0.30158391675958063	0.31496723583660435	0.3427134337834723	0.33028594760434526	0.27019386174768123	0.3538429804744627	0.32469743738845225	0.38391044724676904	0.4193819062327382	0.39433386690532124	0.0	0.1691907703560247	0.25164389273341303	0.300161105143349
f13pp	0.2771221776882511	0.2995709362110085	0.37250637652005436	0.3690364756878184	0.28161057731788464	0.39572606951878886	0.4275654343604447	0.3658952974280594	0.4233673450882006	0.4546976233446979	0.2863213046522648	0.25424145302764956	0.33363291626686054	0.25822653967165016	0.23637243860071844	0.30742366918292985	0.26656752362402725	0.27063008243294073	0.38587128153684	0.44480539145326425	0.3438369862211591	0.30308673105724904	0.31647005013427276	0.3442162480811407	0.3317887619020137	0.27169667604534964	0.35534579477213113	0.32620025168612066	0.38541326154443745	0.4208847205304066	0.39583668120298965	0.1691907703560247	0.0	0.25314670703108144	0.3016639194410174
f6ppA	0.27714995548394744	0.2995987140067049	0.37253415431575065	0.3690642534835148	0.28163835511358104	0.39575384731448526	0.4275932121561411	0.3659230752237558	0.4233951228838969	0.45472540114039417	0.2863490824479612	0.25426923082334596	0.33366069406255694	0.2582543174673465	0.23640021639641481	0.30745144697862625	0.26659530141972365	0.27065786022863714	0.38589905933253643	0.44483316924896066	0.3438647640168555	0.30311450885294544	0.31649782792996917	0.344244025876837	0.33181653969771	0.27172445384104604	0.3553735725678274	0.32622802948181706	0.38544103934013374	0.420912498326103	0.39586445899868594	0.25164389273341303	0.25314670703108144	0.0	0.23581931803602282
F7H1	0.3256671678938834	0.3481159264166408	0.4210513667256866	0.4175814658934507	0.33015556752351694	0.44427105972442116	0.476110424566077	0.4144402876336917	0.47191233529383286	0.5032426135503301	0.3348662948578971	0.30278644323328185	0.38217790647249283	0.30677152987728246	0.28491742880635074	0.35596865938856215	0.31511251382965955	0.31917507263857303	0.4344162717424723	0.49335038165889655	0.3923819764267914	0.35163172126288134	0.36501504033990506	0.39276123828677295	0.380333752107646	0.32024166625098194	0.4038907849777634	0.37474524189175296	0.4339582517500697	0.4694297107360389	0.4443816714086219	0.300161105143349	0.3016639194410174	0.23581931803602282	0.0
