	S20H1	S9H1	w20pp	f20ppA	w9pp	f1pp	w17pp	S1Hp	S21H1	w1pp	S11Hp	S22Hp	w19pp	S3Hp	w3pp	F7H1	w14pp	w13pp	f4pp	F32H1	F22HpB	f22ppB	f6ppB	f8pp	F23HpA	w8pp	f2pp	S2Hp	f17ppB	f19pp	f23ppA	f18pp	f21pp	f32pp	f30pp	w12pp	f13pp	w10pp	f7pp	s24H1	f24pp	S13Hp	w24pp	w28pp	S23Hp	w23pp	f14ppB	f25pp	w25pp	f16ppB	f16ppA	w26pp	f26pp	S26Hp	w27pp	w29pp	S31Hp	f15pp	F3H1	S18H1	f23ppB	w11pp	f11pp	f14ppA	f12ppB	f10pp	f12ppA	f6ppA
S20H1	0.0	0.23172977008579018	0.18760004615416928	0.18631530910744734	0.1975782497680168	0.227319650890725	0.27741560968914036	0.37253782588804374	0.3940761152214556	0.3373166071351593	0.4030362524513588	0.3660396150063688	0.3601042719371892	0.28210866232691456	0.2744846688890905	0.40963774730655733	0.3383089197431996	0.28876062476277087	0.21002024608944697	0.419291065088035	0.40378904178130065	0.27110262630382165	0.22091543716056017	0.225255967543787	0.4171729908464649	0.3177441724765233	0.3087001989308771	0.4225910337235252	0.24699425593006705	0.29899265919669527	0.2270170810249278	0.3159501928948346	0.2841773034436267	0.2468211651318818	0.22115048663635103	0.2755344454818561	0.2886710875260572	0.21070884055630634	0.20201614591518102	0.3729200961827044	0.2339715127812587	0.8844914782624302	0.23388936398014554	0.21805024702051487	0.4094006702328608	0.3254102516616917	0.2637844100130735	0.28271889511539305	0.33803363445030465	0.35573353871820934	0.2614476728208618	0.2629626681051834	0.3221096601812382	0.3772925925466273	0.2840446196672243	0.35718282430454495	0.43770699364536286	0.4046993089120471	0.4318793914236147	0.35377634407720826	0.25510271196358575	0.23315353369360234	0.25514307155248306	0.2173853956149094	0.19004379730714674	0.19004379730714674	0.2087982918178117	0.16174617308461697
S9H1	0.23172977008579018	0.0	0.20951356479446992	0.20822882774774798	0.21949176840831744	0.24923316953102564	0.29932912832944103	0.3944513445283444	0.41598963386175625	0.35923012577545993	0.42494977109165943	0.3879531336466694	0.38201779057748986	0.30402218096721517	0.2963981875293912	0.431551265946858	0.3602224383835002	0.31067414340307153	0.23193376472974764	0.4412045837283356	0.42570256042160126	0.2930161449441223	0.24282895580086078	0.24716948618408763	0.43908650948676553	0.3396576911168239	0.33061371757117775	0.4445045523638258	0.2689077745703677	0.32090617783699593	0.24893059966522843	0.3378637115351353	0.30609082208392735	0.26873468377218246	0.24306400527665167	0.29744796412215674	0.31058460616635786	0.23262235919660695	0.22392966455548163	0.394833614823005	0.25588503142155933	0.9064049969027309	0.25580288262044615	0.2399637656608155	0.4313141888731614	0.3473237703019923	0.2856979286533741	0.3046324137556937	0.3599471530906053	0.37764705735851	0.28336119146116245	0.284876186745484	0.3440231788215389	0.39920611118692795	0.30595813830752494	0.3790963429448456	0.4596205122856635	0.42661282755234775	0.4537929100639153	0.3756898627175089	0.27701623060388636	0.255067052333903	0.27705659019278367	0.23929891425521005	0.21195731594744738	0.21195731594744738	0.23071181045811234	0.1836596917249176
w20pp	0.18760004615416928	0.20951356479446992	0.0	0.010999394680286026	0.05959521662962527	0.08933661775233345	0.13943257655074884	0.2345547927496522	0.256093082083064	0.19933357399676777	0.2650532193129672	0.22805658186797725	0.22212123879879767	0.14412562918852298	0.136501635750699	0.2716547141681657	0.20032588660480807	0.15077759162437934	0.07203721295105545	0.2813080319496434	0.26580600864290904	0.1331195931654301	0.08293240402216862	0.08727293440539546	0.2791899577080733	0.17976113933813176	0.17071716579248558	0.2846080005851336	0.1090112227916755	0.16100962605830377	0.08903404788653627	0.1779671597564431	0.14619427030523519	0.10883813199349027	0.08316745349795948	0.13755141234346455	0.15068805438766567	0.07272580741791479	0.06403311277678947	0.23493706304431283	0.09598847964286714	0.7465084451240387	0.09590633084175401	0.08006721388212333	0.27141763709446926	0.18742721852330013	0.12580137687468196	0.14473586197700156	0.20005060131191313	0.21775050557981782	0.12346463968247029	0.12497963496679185	0.18412662704284669	0.23930955940823578	0.14606158652883278	0.21919979116615346	0.29972396050697125	0.26671627577365553	0.2938963582852231	0.21579331093881676	0.11711967882519422	0.09517050055521081	0.1171600384140915	0.07940236247651787	0.05206076416875519	0.05206076416875519	0.099573775061851	0.06677646614009433
f20ppA	0.18631530910744734	0.20822882774774798	0.010999394680286026	0.0	0.05831047958290332	0.08805188070561151	0.1381478395040269	0.23327005570293027	0.2548083450363421	0.19804883695004583	0.2637684822662453	0.22677184482125531	0.22083650175207573	0.14284089214180104	0.13521689870397707	0.2703699771214438	0.19904114955808613	0.1494928545776574	0.0707524759043335	0.28002329490292144	0.2645212715961871	0.13183485611870815	0.08164766697544668	0.08598819735867351	0.27790522066135137	0.17847640229140982	0.16943242874576364	0.28332326353841164	0.10772648574495355	0.15972488901158183	0.08774931083981431	0.17668242270972115	0.14490953325851325	0.10755339494676831	0.08188271645123754	0.1362666752967426	0.14940331734094373	0.07144107037119284	0.06274837573006753	0.2336523259975909	0.0947037425961452	0.7452237080773167	0.09462159379503206	0.07878247683540139	0.2701329000477473	0.1861424814765782	0.12451663982796	0.14345112493027962	0.1987658642651912	0.21646576853309588	0.12217990263574834	0.1236948979200699	0.18284188999612475	0.23802482236151384	0.14477684948211084	0.21791505411943152	0.2984392234602493	0.2654315387269336	0.29261162123850115	0.21450857389209482	0.11583494177847227	0.09388576350848886	0.11587530136736955	0.07811762542979593	0.050776027122033246	0.050776027122033246	0.09828903801512906	0.06549172909337239
w9pp	0.1975782497680168	0.21949176840831744	0.05959521662962527	0.05831047958290332	0.0	0.07487129968583403	0.12496725848424942	0.22008947468315276	0.24162776401656458	0.18486825593026832	0.2505879012464678	0.2135912638014778	0.20765592073229822	0.12966031112202356	0.12203631768419959	0.2571893961016663	0.18586056853830862	0.1363122735578799	0.05757189488455602	0.266842713883144	0.2513406905764096	0.11865427509893067	0.0684670859556692	0.07280761633889603	0.26472463964157394	0.1652958212716323	0.15625184772598613	0.2701426825186342	0.09454590472517607	0.14654430799180435	0.07456872982003684	0.16350184168994364	0.13172895223873576	0.09437281392699085	0.06870213543146006	0.12308609427696512	0.13622273632116624	0.058260489351415354	0.04956779471029004	0.22047174497781338	0.08152316157636771	0.7320431270575393	0.08144101277525459	0.0656018958156239	0.25695231902796983	0.17296190045680068	0.11133605880818254	0.13027054391050213	0.18558528324541368	0.20328518751331837	0.10899932161597087	0.11051431690029243	0.16966130897634724	0.22484424134173633	0.13159626846233335	0.204734473099654	0.2852586424404719	0.2522509577071561	0.2794310402187237	0.2013279928723173	0.1026543607586948	0.08070518248871139	0.10269472034759208	0.06493704441001844	0.037595446102255764	0.037595446102255764	0.10955197867569852	0.07675466975394186
f1pp	0.227319650890725	0.24923316953102564	0.08933661775233345	0.08805188070561151	0.07487129968583403	0.0	0.08640588295493835	0.18152809915384174	0.20306638848725356	0.1463068804009573	0.21202652571715677	0.17502988827216678	0.1690945452029872	0.12069578377117057	0.11307179033334659	0.24822486875081332	0.17689604118745564	0.1273477462070269	0.05819187384302137	0.26746269284160934	0.25196066953487495	0.11927425405739603	0.06908706491413454	0.07342759529736137	0.2653446186000393	0.16591580023009767	0.1568718266844515	0.27076266147709954	0.09516588368364143	0.14716428695026967	0.07518870877850219	0.164121820648409	0.1323489311972011	0.09499279288545619	0.06932211438992542	0.13586391805492928	0.14900056009913037	0.07103831312937951	0.06234561848825419	0.23324956875577751	0.09430098535433187	0.7448209508355035	0.09421883655321873	0.07837971959358805	0.26973014280593394	0.1857397242347648	0.12411388258614668	0.1430483676884663	0.19836310702337784	0.21606301129128253	0.12177714539393501	0.12329214067825657	0.1824391327543114	0.23762206511970047	0.1443740922402975	0.21751229687761814	0.298036466218436	0.2650287814851202	0.2922088639966879	0.21410581665028144	0.11543218453665895	0.09348300626667554	0.11547254412555623	0.0832156078431383	0.055874009535375635	0.055874009535375635	0.13929337979840672	0.10649607087665006
w17pp	0.27741560968914036	0.29932912832944103	0.13943257655074884	0.1381478395040269	0.12496725848424942	0.08640588295493835	0.0	0.19166215745810083	0.21320044679151262	0.15644093870521636	0.23593493893453515	0.19893830148954517	0.20607333183229548	0.17079174256958596	0.16316774913176196	0.2983208275492287	0.226991999985871	0.17744370500544226	0.10828783264143674	0.3175586516400247	0.30205662833329033	0.1693702128558114	0.11918302371254991	0.12352355409577676	0.31544057739845466	0.21601175902851305	0.20696778548286685	0.3208586202755149	0.1452618424820568	0.19726024574868506	0.12528466757691756	0.21421777944682435	0.18244488999561648	0.14508875168387156	0.11941807318834077	0.18595987685334464	0.19909651889754576	0.12113427192779488	0.11244157728666956	0.2833455275541929	0.14439694415274723	0.7949169096339188	0.1443147953516341	0.1284756783920034	0.3198261016043493	0.2358356830331802	0.17420984138456205	0.19314432648688165	0.2484590658217932	0.2661589700896979	0.17187310419235038	0.17338809947667194	0.23253509155272675	0.28771802391811585	0.19447005103871287	0.2676082556760335	0.3481324250168514	0.3151247402835356	0.3423048227951032	0.26420177544869683	0.16552814333507432	0.1435789650650909	0.1655685029239716	0.1333115666415537	0.105969968333791	0.105969968333791	0.18938933859682208	0.15659202967506541
S1Hp	0.37253782588804374	0.3944513445283444	0.2345547927496522	0.23327005570293027	0.22008947468315276	0.18152809915384174	0.19166215745810083	0.0	0.24672677785914368	0.1899672697728474	0.33105715513343853	0.29406051768844854	0.30119554803119886	0.26591395876848933	0.25828996533066534	0.39344304374813205	0.32211421618477437	0.27256592120434564	0.2034100488403401	0.4126808678389281	0.3971788445321937	0.26449242905471476	0.21430523991145328	0.2186457702946801	0.41056279359735803	0.31113397522741637	0.3020900016817702	0.4159808364744183	0.24038405868096016	0.29238246194758843	0.2204068837758209	0.30933999564572773	0.27756710619451985	0.2402109678827749	0.21454028938724415	0.281082093052248	0.29421873509644914	0.21625648812669823	0.2075637934855729	0.3784677437530962	0.23951916035165058	0.8900391258328222	0.23943701155053745	0.2235978945909068	0.4149483178032527	0.3309578992320835	0.2693320575834654	0.288266542685785	0.34358128202069654	0.36128118628860123	0.26699532039125373	0.26851031567557526	0.3276573077516301	0.3828402401170192	0.2895922672376162	0.3627304718749369	0.44325464121575475	0.4102469564824389	0.4374270389940066	0.3593239916476002	0.26065035953397764	0.23870118126399426	0.26069071912287495	0.22843378284045704	0.20109218453269437	0.20109218453269437	0.28451155479572543	0.2517142458739688
S21H1	0.3940761152214556	0.41598963386175625	0.256093082083064	0.2548083450363421	0.24162776401656458	0.20306638848725356	0.21320044679151262	0.24672677785914368	0.0	0.1620750120588741	0.3525954444668503	0.3155988070218604	0.3227338373646107	0.2874522481019011	0.2798282546640771	0.41498133308154384	0.34365250551818616	0.2941042105377575	0.22494833817375193	0.4342191571723399	0.4187171338656055	0.28603071838812655	0.23584352924486507	0.24018405962809192	0.4321010829307698	0.3326722645608282	0.32362829101518203	0.4375191258078301	0.261922348014372	0.3139207512810002	0.24194517310923275	0.3308782849791395	0.29910539552793164	0.26174925721618675	0.23607857872065596	0.3026203823856598	0.3157570244298609	0.23779477746011005	0.22910208281898473	0.40000603308650806	0.2610574496850624	0.911577415166234	0.26097530088394927	0.24513618392431857	0.4364866071366645	0.35249618856549536	0.2908703469168772	0.30980483201919684	0.36511957135410833	0.382819475622013	0.2885336097246656	0.2900486050089871	0.3491955970850419	0.404378529450431	0.31113055657102806	0.3842687612083487	0.46479293054916654	0.43178524581585076	0.45896532832741843	0.380862280981012	0.2821886488673895	0.26023947059740604	0.28222900845628673	0.24997207217386885	0.22263047386610618	0.22263047386610618	0.30604984412913727	0.27325253520738063
w1pp	0.3373166071351593	0.35923012577545993	0.19933357399676777	0.19804883695004583	0.18486825593026832	0.1463068804009573	0.15644093870521636	0.1899672697728474	0.1620750120588741	0.0	0.29583593638055405	0.2588392989355641	0.26597432927831444	0.23069274001560486	0.22306874657778086	0.3582218249952476	0.2868929974318899	0.2373447024514612	0.16818883008745567	0.3774596490860436	0.36195762577930923	0.2292712103018303	0.1790840211585688	0.18342455154179566	0.37534157484447356	0.27591275647453195	0.2668687829288858	0.3807596177215338	0.2051628399280757	0.25716124319470396	0.18518566502293649	0.27411877689284325	0.24234588744163538	0.2049897491298905	0.1793190706343597	0.24586087429936354	0.25899751634356466	0.18103526937381378	0.17234257473268846	0.3432465250002118	0.20429794159876613	0.8548179070799378	0.204215792797653	0.1883766758380223	0.3797270990503682	0.2957366804791991	0.23411083883058095	0.2530453239329006	0.30836006326781207	0.32605996753571675	0.23177410163836928	0.23328909692269084	0.2924360889987456	0.34761902136413475	0.2543710484847318	0.3275092531220524	0.4080334224628703	0.3750257377295545	0.40220582024112217	0.32410277289471573	0.22542914078109322	0.2034799625111098	0.2254695003699905	0.1932125640875726	0.16587096577980992	0.16587096577980992	0.249290336042841	0.21649302712108434
S11Hp	0.4030362524513588	0.42494977109165943	0.2650532193129672	0.2637684822662453	0.2505879012464678	0.21202652571715677	0.23593493893453515	0.33105715513343853	0.3525954444668503	0.29583593638055405	0.0	0.2577502259075436	0.3316939745945139	0.29641238533180436	0.28878839189398037	0.4239414703114471	0.3526126427480894	0.30306434776766067	0.23390847540365514	0.44317929440224313	0.42767727109550874	0.2949908556180298	0.2448036664747683	0.24914419685799513	0.44106122016067306	0.3416324017907314	0.3325884282450852	0.44647926303773333	0.27088248524427516	0.32288088851090346	0.25090531033913593	0.33983842220904276	0.3080655327578349	0.27070939444608993	0.24503871595055918	0.31158051961556305	0.32471716165976416	0.24675491469001326	0.23806222004888794	0.40896617031641125	0.27001758691496563	0.9205375523961372	0.26993543811385246	0.2540963211542218	0.4454467443665677	0.36145632579539855	0.29983048414678043	0.3187649692491	0.37407970858401157	0.39177961285191626	0.29749374695456876	0.2990087422388903	0.35815573431494513	0.41333866668033425	0.32009069380093125	0.39322889843825193	0.4737530677790698	0.44074538304575395	0.4679254655573216	0.38982241821091523	0.29114878609729267	0.2691996078273093	0.29118914568619	0.25893220940377204	0.2315906110960094	0.2315906110960094	0.3150099813590405	0.2822126724372839
S22Hp	0.3660396150063688	0.3879531336466694	0.22805658186797725	0.22677184482125531	0.2135912638014778	0.17502988827216678	0.19893830148954517	0.29406051768844854	0.3155988070218604	0.2588392989355641	0.2577502259075436	0.0	0.2946973371495239	0.2594157478868143	0.2517917544489904	0.3869448328664571	0.3156160053030994	0.2660677103226707	0.19691183795866515	0.4061826569572531	0.39068063365051875	0.2579942181730398	0.20780702902977832	0.21214755941300514	0.404064582715683	0.30463576434574147	0.29559179080009523	0.4094826255927433	0.2338858477992852	0.2858842510659135	0.21390867289414595	0.30284178476405277	0.2710688953128449	0.23371275700109995	0.2080420785055692	0.27458388217057306	0.2877205242147741	0.20975827724502327	0.20106558260389795	0.3719695328714213	0.23302094946997562	0.8835409149511473	0.2329388006688625	0.21709968370923183	0.4084501069215777	0.3244596883504086	0.26283384670179044	0.28176833180411004	0.3370830711390216	0.35478297540692627	0.2604971095095788	0.26201210479390036	0.32115909686995514	0.3763420292353442	0.28309405635594126	0.3562322609932619	0.43675643033407974	0.403748745600764	0.43092882811233163	0.3528257807659252	0.25415214865230273	0.2322029703823193	0.2541925082412	0.22193557195878208	0.1945939736510194	0.1945939736510194	0.27801334391405047	0.24521603499229383
w19pp	0.3601042719371892	0.38201779057748986	0.22212123879879767	0.22083650175207573	0.20765592073229822	0.1690945452029872	0.20607333183229548	0.30119554803119886	0.3227338373646107	0.26597432927831444	0.3316939745945139	0.2946973371495239	0.0	0.2534804048176348	0.2458564113798108	0.3810094897972775	0.3096806622339198	0.2601323672534911	0.19097649488948557	0.40024731388807355	0.38474529058133916	0.2520588751038602	0.20187168596059873	0.20621221634382556	0.3981292396465035	0.2987004212765618	0.28965644773091564	0.40354728252356376	0.2279505047301056	0.2799489079967339	0.20797332982496636	0.2969064416948732	0.2651335522436653	0.22777741393192036	0.2021067354363896	0.26864853910139347	0.2817851811455946	0.20382293417584368	0.19513023953471836	0.36603418980224167	0.22708560640079603	0.8776055718819676	0.2270034575996829	0.21116434064005224	0.40251476385239815	0.31852434528122897	0.25689850363261085	0.27583298873493045	0.331147728069842	0.3488476323377467	0.2545617664403992	0.2560767617247207	0.31522375380077555	0.3704066861661647	0.27715871328676167	0.35029691792408235	0.4308210872649002	0.39781340253158437	0.42499348504315204	0.34689043769674566	0.24821680558312312	0.2262676273131397	0.2482571651720204	0.2160002288896025	0.18865863058183982	0.18865863058183982	0.2720780008448709	0.23928069192311424
S3Hp	0.28210866232691456	0.30402218096721517	0.14412562918852298	0.14284089214180104	0.12966031112202356	0.12069578377117057	0.17079174256958596	0.26591395876848933	0.2874522481019011	0.23069274001560486	0.29641238533180436	0.2594157478868143	0.2534804048176348	0.0	0.11073705946916013	0.2952302135968947	0.22390138603353707	0.17435309105310834	0.11298088527921091	0.32225170427779887	0.3067496809710645	0.17406326549358556	0.12387607635032406	0.1282166067335509	0.3201336300362288	0.2207048116662872	0.21166083812064101	0.32555167291328907	0.14995489511983096	0.2019532983864592	0.12997772021469173	0.21891083208459852	0.18713794263339062	0.14978180432164573	0.12411112582611494	0.1906529294911188	0.2037895715353199	0.12582732456556903	0.11713462992444372	0.28803858019196704	0.1490899967905214	0.799609962271693	0.14900784798940825	0.13316873102977758	0.32451915424212346	0.24052873567095434	0.17890289402233622	0.19783737912465582	0.25315211845956737	0.27085202272747205	0.17656615683012455	0.17808115211444608	0.23722814419050092	0.29241107655589	0.19916310367648704	0.27230130831380767	0.3528254776546255	0.31981779292130974	0.3469978754328774	0.26889482808647097	0.17022119597284846	0.14827201770286508	0.17026155556174577	0.13800461927932783	0.11066302097156516	0.11066302097156516	0.19408239123459625	0.16128508231283958
w3pp	0.2744846688890905	0.2963981875293912	0.136501635750699	0.13521689870397707	0.12203631768419959	0.11307179033334659	0.16316774913176196	0.25828996533066534	0.2798282546640771	0.22306874657778086	0.28878839189398037	0.2517917544489904	0.2458564113798108	0.11073705946916013	0.0	0.2876062201590708	0.2162773925957131	0.16672909761528437	0.10535689184138691	0.3146277108399749	0.29912568753324054	0.1664392720557616	0.11625208291250008	0.12059261329572693	0.3125096365984048	0.2130808182284632	0.20403684468281702	0.3179276794754651	0.14233090168200696	0.19432930494863523	0.12235372677686773	0.21128683864677456	0.17951394919556665	0.14215781088382173	0.11648713238829095	0.18302893605329484	0.19616557809749594	0.11820333112774506	0.10951063648661974	0.2804145867541431	0.1414660033526974	0.7919859688338691	0.14138385455158428	0.12554473759195361	0.31689516080429947	0.23290474223313037	0.17127890058451223	0.19021338568683183	0.24552812502174337	0.26322802928964806	0.16894216339230056	0.17045715867662212	0.22960415075267693	0.284787083118066	0.19153911023866305	0.26467731487598367	0.3452014842168015	0.3121937994834858	0.3393738819950534	0.261270834648647	0.1625972025350245	0.14064802426504108	0.16263756212392178	0.13038062584150384	0.10303902753374118	0.10303902753374118	0.18645839779677226	0.1536610888750156
F7H1	0.40963774730655733	0.431551265946858	0.2716547141681657	0.2703699771214438	0.2571893961016663	0.24822486875081332	0.2983208275492287	0.39344304374813205	0.41498133308154384	0.3582218249952476	0.4239414703114471	0.3869448328664571	0.3810094897972775	0.2952302135968947	0.2876062201590708	0.0	0.3276913404678694	0.2781430454874407	0.24050997025885365	0.4497807892574416	0.43427876595070725	0.3015923504732283	0.2514051613299668	0.25574569171319367	0.4476627150158715	0.34823389664592996	0.33918992310028373	0.4530807578929318	0.2774839800994737	0.32948238336610197	0.25750680519433444	0.34643991706424127	0.3146670276130334	0.27731088930128844	0.25164021080575766	0.31818201447076155	0.3313186565149626	0.25335640954521177	0.24466371490408645	0.4155676651716098	0.27661908177016414	0.9271390472513358	0.276536932969051	0.2606978160094203	0.4520482392217662	0.3680578206505971	0.30643197900197894	0.32536646410429854	0.3806812034392101	0.39838110770711477	0.30409524180976727	0.30561023709408885	0.36475722917014364	0.4199401615355327	0.32669218865612976	0.3998303932934504	0.48035456263426823	0.4473468779009525	0.4745269604125201	0.3964239130661137	0.29775028095249123	0.2758011026825078	0.2977906405413885	0.2655337042589706	0.2381921059512079	0.2381921059512079	0.321611476214239	0.2888141672924824
w14pp	0.3383089197431996	0.3602224383835002	0.20032588660480807	0.19904114955808613	0.18586056853830862	0.17689604118745564	0.226991999985871	0.32211421618477437	0.34365250551818616	0.2868929974318899	0.3526126427480894	0.3156160053030994	0.3096806622339198	0.22390138603353707	0.2162773925957131	0.3276913404678694	0.0	0.17967203223127312	0.16918114269549597	0.3784519616940839	0.36294993838734957	0.23026352290987062	0.18007633376660914	0.18441686414983596	0.37633388745251384	0.2769050690825723	0.26786109553692605	0.3817519303295741	0.20615515253611602	0.2581535558027443	0.18617797763097677	0.2751110895008836	0.2433382000496757	0.20598206173793077	0.1803113832424	0.24685318690740388	0.25998982895160494	0.1820275819818541	0.17333488734072877	0.34423883760825214	0.20529025420680644	0.8558102196879781	0.20520810540569331	0.18936898844606265	0.3807194116584085	0.29672899308723943	0.23510315143862126	0.25403763654094086	0.3093523758758524	0.3270522801437571	0.2327664142464096	0.23428140953073115	0.29342840160678596	0.34861133397217503	0.2553633610927721	0.3285015657300927	0.40902573507091056	0.37601805033759483	0.40319813284916245	0.325095085502756	0.22642145338913353	0.20447227511915012	0.2264618129780308	0.1942048766956129	0.16686327838785023	0.16686327838785023	0.2502826486508813	0.21748533972912465
w13pp	0.28876062476277087	0.31067414340307153	0.15077759162437934	0.1494928545776574	0.1363122735578799	0.1273477462070269	0.17744370500544226	0.27256592120434564	0.2941042105377575	0.2373447024514612	0.30306434776766067	0.2660677103226707	0.2601323672534911	0.17435309105310834	0.16672909761528437	0.2781430454874407	0.17967203223127312	0.0	0.11963284771506724	0.32890366671365523	0.31340164340692084	0.1807152279294419	0.1305280387861804	0.13486856916940723	0.32678559247208516	0.22735677410214353	0.21831280055649732	0.33220363534914543	0.1566068575556873	0.20860526082231556	0.13662968265054803	0.22556279452045486	0.19378990506924698	0.15643376675750204	0.13076308826197128	0.19730489192697515	0.21044153397117626	0.13247928700142536	0.12378659236030005	0.2946905426278234	0.15574195922637774	0.8062619247075493	0.1556598104252646	0.13982069346563392	0.3311711166779798	0.2471806981068107	0.18555485645819253	0.20448934156051213	0.2598040808954237	0.27750398516332836	0.18321811926598086	0.18473311455030245	0.24388010662635723	0.29906303899174635	0.20581506611234335	0.27895327074966403	0.3594774400904819	0.3264697553571661	0.3536498378687337	0.27554679052232733	0.17687315840870482	0.15492398013872138	0.17691351799760208	0.14465658171518417	0.1173149834074215	0.1173149834074215	0.2007343536704526	0.16793704474869592
f4pp	0.21002024608944697	0.23193376472974764	0.07203721295105545	0.0707524759043335	0.05757189488455602	0.05819187384302137	0.10828783264143674	0.2034100488403401	0.22494833817375193	0.16818883008745567	0.23390847540365514	0.19691183795866515	0.19097649488948557	0.11298088527921091	0.10535689184138691	0.24050997025885365	0.16918114269549597	0.11963284771506724	0.0	0.22116759415749698	0.20566557085076262	0.0729791553732837	0.022791966230022206	0.027132496613249048	0.21904951991592692	0.11962070154598534	0.11057672800033914	0.22446756279298719	0.0488707849995291	0.10086918826615736	0.028893610094389857	0.11782672196429667	0.08605383251308878	0.06274883165140527	0.03707815315587449	0.11856451325365126	0.13170115529785237	0.05373890832810149	0.04504621368697618	0.2159501639544995	0.07700158055305385	0.7275215460342255	0.07691943175194071	0.061080314792310034	0.25243073800465593	0.1684403194334868	0.10681447778486866	0.12574896288718826	0.1810637022220998	0.1987636064900045	0.10447774059265699	0.10599273587697855	0.16513972795303336	0.22032266031842246	0.12707468743901948	0.20021289207634013	0.280737061417158	0.2477293766838422	0.2749094591954099	0.19680641184900344	0.09813277973538093	0.07618360146539752	0.09817313932427821	0.06591620304186029	0.038574604734097614	0.038574604734097614	0.12199397499712869	0.08919666607537205
F32H1	0.419291065088035	0.4412045837283356	0.2813080319496434	0.28002329490292144	0.266842713883144	0.26746269284160934	0.3175586516400247	0.4126808678389281	0.4342191571723399	0.3774596490860436	0.44317929440224313	0.4061826569572531	0.40024731388807355	0.32225170427779887	0.3146277108399749	0.4497807892574416	0.3784519616940839	0.32890366671365523	0.22116759415749698	0.0	0.4147958811540591	0.28210946567658013	0.23192227653331865	0.23626280691654547	0.42817983021922335	0.3287510118492818	0.31970703830363556	0.4335978730962836	0.25800109530282556	0.3099994985694538	0.23802392039768627	0.3269570322675931	0.2951841428163852	0.2720196506499932	0.24634897215446244	0.3278353322522392	0.3409719742964403	0.2630097273266894	0.25431703268556416	0.42522098295308747	0.2862723995516418	0.9367923650328134	0.2861902507505287	0.270351133790898	0.4617015570032439	0.37771113843207477	0.31608529678345665	0.3350197818857762	0.3903345212206878	0.4080344254885925	0.3137485595912449	0.3152635548755665	0.37441054695162135	0.4295934793170104	0.3363455064376074	0.4094837110749281	0.49000788041574594	0.45700019568243017	0.4841802781939978	0.4060772308475914	0.3074035987339689	0.2854544204639855	0.3074439583228662	0.27518702204044826	0.2478454237326856	0.2478454237326856	0.3312647939957167	0.29846748507396004
F22HpB	0.40378904178130065	0.42570256042160126	0.26580600864290904	0.2645212715961871	0.2513406905764096	0.25196066953487495	0.30205662833329033	0.3971788445321937	0.4187171338656055	0.36195762577930923	0.42767727109550874	0.39068063365051875	0.38474529058133916	0.3067496809710645	0.29912568753324054	0.43427876595070725	0.36294993838734957	0.31340164340692084	0.20566557085076262	0.4147958811540591	0.0	0.20262050732860049	0.19448871784052094	0.19882924822374776	0.3907462715264256	0.29131745315648405	0.2822734796108379	0.3961643144034859	0.22998200644647965	0.2819804097131079	0.21000483154134042	0.29893794341124724	0.2671650539600393	0.2565176273432589	0.23084694884772808	0.3123333089455049	0.325469950989706	0.2475077040199551	0.23881500937882977	0.4097189596463531	0.27077037624490746	0.921290341726079	0.2706882274437943	0.25484911048416364	0.44619953369650955	0.3622091151253404	0.30058327347672226	0.31951775857904186	0.3748324979139534	0.3925324021818581	0.2982465362845106	0.2997615315688321	0.35890852364488696	0.4140914560102761	0.3208434831308731	0.39398168776819376	0.4745058571090116	0.4414981723756958	0.46867825488726345	0.39057520754085706	0.2919015754272345	0.2699523971572511	0.2919419350161318	0.25968499873371387	0.23234340042595122	0.23234340042595122	0.31576277068898234	0.2829654617672257
f22ppB	0.27110262630382165	0.2930161449441223	0.1331195931654301	0.13183485611870815	0.11865427509893067	0.11927425405739603	0.1693702128558114	0.26449242905471476	0.28603071838812655	0.2292712103018303	0.2949908556180298	0.2579942181730398	0.2520588751038602	0.17406326549358556	0.1664392720557616	0.3015923504732283	0.23026352290987062	0.1807152279294419	0.0729791553732837	0.28210946567658013	0.20262050732860049	0.0	0.061802302363042017	0.06614283274626885	0.2580598560489467	0.15863103767900513	0.14958706413335895	0.263477898926007	0.09729559096900073	0.149293994235629	0.07731841606386149	0.1662515279337683	0.13447863848256042	0.12383121186577993	0.09816053337024915	0.17964689346802593	0.19278353551222704	0.11482128854247615	0.10612859390135083	0.2770325441688742	0.13808396076742852	0.7886039262486001	0.1380018119663154	0.1221626950066847	0.3135131182190306	0.22952269964786148	0.1678968579992433	0.1868313431015629	0.24214608243647445	0.25984598670437914	0.16556012080703164	0.16707511609135323	0.226222108167408	0.28140504053279713	0.18815706765339413	0.2612952722907148	0.34181944163153266	0.3088117568982169	0.3359918394097845	0.2578887920633781	0.1592151599497556	0.13726598167977216	0.15925551953865286	0.12699858325623495	0.09965698494847228	0.09965698494847228	0.18307635521150337	0.1502790462897467
f6ppB	0.22091543716056017	0.24282895580086078	0.08293240402216862	0.08164766697544668	0.0684670859556692	0.06908706491413454	0.11918302371254991	0.21430523991145328	0.23584352924486507	0.1790840211585688	0.2448036664747683	0.20780702902977832	0.20187168596059873	0.12387607635032406	0.11625208291250008	0.2514051613299668	0.18007633376660914	0.1305280387861804	0.022791966230022206	0.23192227653331865	0.19448871784052094	0.061802302363042017	0.0	0.009146141477963294	0.20106316478064118	0.10163434641069957	0.09259037286505338	0.20648120765770145	0.047108401825739235	0.0991068050923675	0.027131226920599997	0.1160643387905068	0.08429144933929891	0.07364402272251844	0.04797334422698765	0.12945970432476445	0.14259634636896554	0.06463409939921466	0.05594140475808934	0.22684535502561268	0.08789677162416701	0.7384167371053386	0.08781462282305388	0.0719755058634232	0.2633259290757691	0.17933551050459998	0.11770966885598183	0.13664415395830143	0.19195889329321297	0.20965879756111766	0.11537293166377016	0.11688792694809172	0.17603491902414653	0.23121785138953563	0.13796987851013265	0.2111080831474533	0.2916322524882712	0.25862456775495535	0.285804650266523	0.2077016029201166	0.1090279708064941	0.08707879253651069	0.10906833039539138	0.07681139411297346	0.049469795805210784	0.049469795805210784	0.13288916606824186	0.10009185714648522
f8pp	0.225255967543787	0.24716948618408763	0.08727293440539546	0.08598819735867351	0.07280761633889603	0.07342759529736137	0.12352355409577676	0.2186457702946801	0.24018405962809192	0.18342455154179566	0.24914419685799513	0.21214755941300514	0.20621221634382556	0.1282166067335509	0.12059261329572693	0.25574569171319367	0.18441686414983596	0.13486856916940723	0.027132496613249048	0.23626280691654547	0.19882924822374776	0.06614283274626885	0.009146141477963294	0.0	0.1919190233036779	0.09249020493373634	0.08344623138809015	0.19733706618073818	0.051448932208966076	0.10344733547559433	0.031471757303826835	0.12040486917373364	0.08863197972252575	0.07798455310574527	0.05231387461021449	0.13380023470799127	0.14693687675219239	0.0689746297824415	0.06028193514131619	0.23118588540883953	0.09223730200739386	0.7427572674885655	0.09215515320628073	0.07631603624665004	0.2676664594589959	0.18367604088782682	0.12205019923920868	0.14098468434152828	0.19629942367643982	0.2139993279443445	0.11971346204699701	0.12122845733131857	0.18037544940737338	0.23555838177276248	0.1423104088933595	0.21544861353068015	0.295972782871498	0.2629650981381822	0.29014518064974987	0.21204213330334346	0.11336850118972094	0.09141932291973753	0.11340886077861823	0.08115192449620029	0.053810326188437625	0.053810326188437625	0.1372296964514687	0.10443238752971204
F23HpA	0.4171729908464649	0.43908650948676553	0.2791899577080733	0.27790522066135137	0.26472463964157394	0.2653446186000393	0.31544057739845466	0.41056279359735803	0.4321010829307698	0.37534157484447356	0.44106122016067306	0.404064582715683	0.3981292396465035	0.3201336300362288	0.3125096365984048	0.4476627150158715	0.37633388745251384	0.32678559247208516	0.21904951991592692	0.42817983021922335	0.3907462715264256	0.2580598560489467	0.20106316478064118	0.1919190233036779	0.0	0.26778774175802367	0.2587437682123775	0.37263460300502554	0.24336595551164394	0.2953643587782722	0.2233887806065047	0.3123218924764115	0.28054900302520364	0.26990157640842316	0.24423089791289238	0.32571725801066914	0.33885390005487026	0.26089165308511936	0.2521989584439941	0.4231029087115174	0.28415432531007173	0.9346742907912433	0.2840721765089586	0.2682330595493279	0.4595834827616738	0.3755930641905047	0.3139672225418866	0.3329017076442061	0.3882164469791177	0.4059163512470224	0.31163048534967486	0.31314548063399644	0.3722924727100513	0.42747540507544035	0.33422743219603734	0.407365636833358	0.4878898061741759	0.4548821214408601	0.4820622039524277	0.40395915660602133	0.3052855244923988	0.28333634622241544	0.30532588408129613	0.2730689477988782	0.24572734949111552	0.24572734949111552	0.3291467197541466	0.29634941083238997
w8pp	0.3177441724765233	0.3396576911168239	0.17976113933813176	0.17847640229140982	0.1652958212716323	0.16591580023009767	0.21601175902851305	0.31113397522741637	0.3326722645608282	0.27591275647453195	0.3416324017907314	0.30463576434574147	0.2987004212765618	0.2207048116662872	0.2130808182284632	0.34823389664592996	0.2769050690825723	0.22735677410214353	0.11962070154598534	0.3287510118492818	0.29131745315648405	0.15863103767900513	0.10163434641069957	0.09249020493373634	0.26778774175802367	0.0	0.13196172485967123	0.24585255965231928	0.14393713714170236	0.1959355404083306	0.12395996223656312	0.21289307410646993	0.18112018465526203	0.17047275803848155	0.1448020795429508	0.22628843964072753	0.23942508168492865	0.16146283471517778	0.15277014007405246	0.3236740903415758	0.18472550694013012	0.8352454724213018	0.184643358139017	0.1688042411793863	0.3601546643917322	0.2761642458205631	0.21453840417194495	0.23347288927426454	0.28878762860917606	0.30648753287708075	0.21220166697973328	0.21371666226405484	0.2728636543401096	0.32804658670549874	0.23479861382609576	0.3079368184634164	0.38846098780423427	0.3554533030709185	0.38263338558248616	0.3045303382360797	0.2058567061224572	0.1839075278524738	0.2058970657113545	0.17364012942893658	0.1462985311211739	0.1462985311211739	0.229717901384205	0.19692059246244834
f2pp	0.3087001989308771	0.33061371757117775	0.17071716579248558	0.16943242874576364	0.15625184772598613	0.1568718266844515	0.20696778548286685	0.3020900016817702	0.32362829101518203	0.2668687829288858	0.3325884282450852	0.29559179080009523	0.28965644773091564	0.21166083812064101	0.20403684468281702	0.33918992310028373	0.26786109553692605	0.21831280055649732	0.11057672800033914	0.31970703830363556	0.2822734796108379	0.14958706413335895	0.09259037286505338	0.08344623138809015	0.2587437682123775	0.13196172485967123	0.0	0.17999282908039754	0.1348931635960562	0.18689156686268443	0.11491598869091693	0.20384910056082373	0.17207621110961585	0.16142878449283538	0.1357581059973046	0.21724446609508136	0.23038110813928248	0.1524188611695316	0.14372616652840628	0.3146301167959296	0.17568153339448395	0.8262014988756556	0.17559938459337082	0.15976026763374013	0.35111069084608604	0.2671202722749169	0.20549443062629877	0.22442891572861837	0.27974365506352994	0.2974435593314346	0.2031576934340871	0.20467268871840866	0.2638196807944635	0.31900261315985257	0.2257546402804496	0.29889284491777024	0.3794170142585881	0.3464093295252723	0.37358941203683993	0.29548636469043355	0.19681273257681103	0.17486355430682762	0.19685309216570832	0.1645961558832904	0.13725455757552774	0.13725455757552774	0.22067392783855883	0.18787661891680216
S2Hp	0.4225910337235252	0.4445045523638258	0.2846080005851336	0.28332326353841164	0.2701426825186342	0.27076266147709954	0.3208586202755149	0.4159808364744183	0.4375191258078301	0.3807596177215338	0.44647926303773333	0.4094826255927433	0.40354728252356376	0.32555167291328907	0.3179276794754651	0.4530807578929318	0.3817519303295741	0.33220363534914543	0.22446756279298719	0.4335978730962836	0.3961643144034859	0.263477898926007	0.20648120765770145	0.19733706618073818	0.37263460300502554	0.24585255965231928	0.17999282908039754	0.0	0.24878399838870421	0.3007824016553325	0.22880682348356496	0.3177399353534718	0.2859670459022639	0.27531961928548343	0.24964894078995264	0.3311353008877294	0.34427194293193053	0.2663096959621796	0.25761700132105436	0.42852095158857767	0.289572368187132	0.9400923336683036	0.2894902193860189	0.2736511024263882	0.4650015256387341	0.38101110706756497	0.31938526541894685	0.3383197505212664	0.393634489856178	0.4113343941240827	0.3170485282267351	0.3185635235110567	0.37771051558711155	0.4328934479525006	0.3396454750730976	0.4127836797104183	0.49330784905123615	0.46030016431792037	0.487480246829488	0.4093771994830816	0.3107035673694591	0.2887543890994757	0.3107439269583564	0.27848699067593846	0.2511453923681758	0.2511453923681758	0.3345647626312069	0.30176745370945024
f17ppB	0.24699425593006705	0.2689077745703677	0.1090112227916755	0.10772648574495355	0.09454590472517607	0.09516588368364143	0.1452618424820568	0.24038405868096016	0.261922348014372	0.2051628399280757	0.27088248524427516	0.2338858477992852	0.2279505047301056	0.14995489511983096	0.14233090168200696	0.2774839800994737	0.20615515253611602	0.1566068575556873	0.0488707849995291	0.25800109530282556	0.22998200644647965	0.09729559096900073	0.047108401825739235	0.051448932208966076	0.24336595551164394	0.14393713714170236	0.1348931635960562	0.24878399838870421	0.0	0.09580366652952613	0.037709630106470444	0.12664274197637726	0.09486985252516937	0.09972284149202533	0.07405216299649454	0.15553852309427132	0.16867516513847242	0.09071291816872155	0.08202022352759623	0.25292417379511956	0.11397559039367391	0.7644955558748455	0.11389344159256078	0.0980543246329301	0.289404747845276	0.20541432927410685	0.14378848762548874	0.16272297272780833	0.21803771206271988	0.23573761633062457	0.14145175043327707	0.1429667457175986	0.20211373779365344	0.2572966701590425	0.16404869727963955	0.23718690191696018	0.31771107125777803	0.28470338652446225	0.3118834690360299	0.23378042168962349	0.13510678957600097	0.11315761130601758	0.13514714916489828	0.10289021288248035	0.07554861457471768	0.07554861457471768	0.15896798483774877	0.1261706759159921
