	f6ppB	s19pp	s16pp	f16ppB	w21pp	s1pp	w12pp	s2pp	s30pp	f12ppA	f7pp	f17ppA	s26pp	s9pp	s32pp	s22pp	s13pp	w6pp	f9pp	w25pp	w9pp	s28pp	s14pp	s7pp	s25pp	f16ppA	f25pp	f20ppB	f8pp	f12ppB	f32pp	s3pp	s4pp	f21pp	f18pp	s31pp	s24pp	S15Hp	F14H1B	S18H1	530451	31160	S28Hp	S20H1	S13Hp	S26Hp	S19H1	S9H1	530167	31750	530055	31219	S1Hp	31267	31700	F7H1	S22Hp	530295	31328	w30pp	w4pp	s18pp	f30pp	f14ppB
f6ppB	0.0	0.12428176943958202	0.12289671608032873	0.1567498504941885	0.14708981297711887	0.10989407797751453	0.19379706852387493	0.18793326414945427	0.18302338948098373	0.18291997701689952	0.18317058751659712	0.17268640495125787	0.1671211380601988	0.21402881032335325	0.19150491592714358	0.18407861315182308	0.1770516207166024	0.15233329688819597	0.18645956503834157	0.24261099488626642	0.164048587601138	0.19588035098155113	0.1696566863939588	0.14864064317414052	0.12937013249727478	0.11873556142414542	0.17318606493229863	0.1521734485434398	0.17928293475247675	0.1565850223141721	0.14928884006338436	0.12991779544671317	0.14198327355195517	0.17717856234932947	0.1617662256400677	0.23883746482981705	0.22262278921765394	0.3313493925840276	0.49510395524681555	0.4525548151109637	0.49722739565689433	0.45973135713537483	0.481572240206915	0.4708345255870481	0.45830038994696953	0.4823318068226111	0.5096144666720345	0.45209311745122394	0.5012497097775119	0.511278325498239	0.5200274845392637	0.5031690231663445	0.44029861454686303	0.46671491817592814	0.45149250812619546	0.42307690908964984	0.4654729060316539	0.4803990193306026	0.47613435683550887	0.16787342500044047	0.15119787153561223	0.18365872063995065	0.16057810270798537	0.09432069777013495
s19pp	0.12428176943958202	0.0	0.08440685340248404	0.1250284138747655	0.11536837635769587	0.07817264135809153	0.16207563190445193	0.15621182753003127	0.15130195286156073	0.15119854039747652	0.15144915089717412	0.14096496833183486	0.1353997014407758	0.18230737370393024	0.15978347930772058	0.15235717653240008	0.1453301840971794	0.12061186026877296	0.15473812841891857	0.2108895582668434	0.132327150981715	0.16415891436212812	0.1379352497745358	0.11691920655471752	0.09764869587785177	0.08701412480472241	0.14146462831287562	0.1204520119240168	0.14756149813305375	0.12486358569474909	0.11756740344396135	0.09819635882729016	0.11026183693253218	0.14545712572990646	0.1300447890206447	0.20711602821039404	0.19090135259823093	0.2996279559646046	0.46338251862739255	0.4208333784915407	0.46550595903747133	0.4280099205159518	0.449850803587492	0.4391130889676251	0.42657895332754653	0.4506103702031881	0.47789303005261147	0.42037168083180093	0.4695282731580889	0.47955688887881603	0.4883060479198407	0.4714475865469215	0.40857717792744	0.43499348155650513	0.41977107150677245	0.39135547247022684	0.4337514694122309	0.4486775827111796	0.44441292021608586	0.13615198838101747	0.11947643491618923	0.15193728402052764	0.12885666608856236	0.06259926115071195
s16pp	0.12289671608032873	0.08440685340248404	0.0	0.12364336051551221	0.11398332299844258	0.07678758799883824	0.16069057854519864	0.15482677417077798	0.1499168995023074	0.14981348703822323	0.15006409753792083	0.13957991497258157	0.13401464808152252	0.18092232034467698	0.15839842594846726	0.1509721231731468	0.14394513073792614	0.11922680690951967	0.15335307505966528	0.2095045049075901	0.1309420976224617	0.16277386100287483	0.13655019641528254	0.11553415319546423	0.09626364251859848	0.08562907144546912	0.14007957495362233	0.11906695856476351	0.14617644477380046	0.1234785323354958	0.11618235008470806	0.09681130546803687	0.10887678357327889	0.14407207237065317	0.1286597356613914	0.20573097485114072	0.18951629923897767	0.2982429026053513	0.46199746526813923	0.41944832513228736	0.464120905678218	0.4266248671566985	0.4484657502282387	0.43772803560837176	0.4251938999682932	0.4492253168439348	0.47650797669335815	0.4189866274725476	0.4681432197988356	0.4781718355195627	0.4869209945605874	0.47006253318766816	0.4071921245681867	0.4336084281972518	0.41838601814751913	0.3899704191109735	0.4323664160529776	0.44729252935192626	0.44302786685683254	0.13476693502176418	0.11809138155693594	0.15055223066127438	0.12747161272930907	0.06121420779145865
f16ppB	0.1567498504941885	0.1250284138747655	0.12364336051551221	0.0	0.07019738388067631	0.05539869276551386	0.13930168331187426	0.1334378789374536	0.12852800426898303	0.12842459180489885	0.12867520230459645	0.11819101973925719	0.11262575284819812	0.15953342511135257	0.13700953071514288	0.1295832279398224	0.12255623550460173	0.0978379116761953	0.1319641798263409	0.18811560967426574	0.10955320238913732	0.14138496576955045	0.11516130118195814	0.09414525796213985	0.0748747472852741	0.07665363473121095	0.13110413823936418	0.11009152185050534	0.15210534791230473	0.12940743547400008	0.12211125322321235	0.10274020860654116	0.11480568671178318	0.15000097550915747	0.1345886387998957	0.21165987798964503	0.19544520237748197	0.3041718057438556	0.46792636840664353	0.42537722827079166	0.4700498088167223	0.4325537702952028	0.454394653366743	0.44365693874687606	0.4311228031067975	0.4551542199824391	0.48243687983186245	0.4249155306110519	0.4740721229373399	0.484100738658067	0.4928498976990917	0.47599143632617247	0.413121027706691	0.4395373313357561	0.42431492128602344	0.3958993222494778	0.4382953191914819	0.45322143249043056	0.44895676999533685	0.14069583816026848	0.12402028469544023	0.15648113379977865	0.13340051586781337	0.08029310729605985
w21pp	0.14708981297711887	0.11536837635769587	0.11398332299844258	0.07019738388067631	0.0	0.04573865524844422	0.1296416457948046	0.12377784142038395	0.1188679667519134	0.1187645542878292	0.1190151647875268	0.10853098222218754	0.10296571533112849	0.14987338759428293	0.12734949319807326	0.11992319042275276	0.1128961979875321	0.08817787415912566	0.12230414230927125	0.1784555721571961	0.09989316487206767	0.1317249282524808	0.1055012636648885	0.08448522044507022	0.06521470976820445	0.0669935972141413	0.12144410072229453	0.10043148433343571	0.14244531039523511	0.11974739795693046	0.11245121570614272	0.09308017108947153	0.10514564919471353	0.14034093799208783	0.12492860128282607	0.2019998404725754	0.18578516486041233	0.294511768226786	0.45826633088957386	0.415717190753722	0.46038977129965264	0.42289373277813314	0.44473461584967333	0.4339969012298064	0.42146276558972784	0.4454941824653694	0.4727768423147928	0.41525549309398224	0.46441208542027024	0.47444070114099735	0.48318986018202204	0.4663313988091028	0.40346099018962134	0.42987729381868645	0.41465488376895376	0.38623928473240815	0.4286352816744122	0.4435613949733609	0.43929673247826717	0.13103580064319884	0.1143602471783706	0.146821096282709	0.12374047835074373	0.0706330697789902
s1pp	0.10989407797751453	0.07817264135809153	0.07678758799883824	0.05539869276551386	0.04573865524844422	0.0	0.0854966149025551	0.07963281052813444	0.07472293585966389	0.07461952339557969	0.07487013389527729	0.06438595132993803	0.058820684438878966	0.10572835670203343	0.08320446230582373	0.07577815953050325	0.06875116709528259	0.04403284326687614	0.07815911141702174	0.13431054126494657	0.055748133979818155	0.08757989736023129	0.061356232772638984	0.0403401895528207	0.021069678875954942	0.02979786221453698	0.08424836572269019	0.06323574933383137	0.10524957539563078	0.08255166295732612	0.07525548070653838	0.05588443608986719	0.0679499141951092	0.10314520299248349	0.08773286628322173	0.16480410547297109	0.14858942986080798	0.25731603322718166	0.42107059588996953	0.37852145575411766	0.4231940363000483	0.3856979977785288	0.407538880850069	0.39680116623020206	0.3842670305901235	0.4082984474657651	0.43558110731518845	0.3780597580943779	0.4272163504206659	0.437244966141393	0.4459941251824177	0.42913566380949847	0.366265255190017	0.3926815588190821	0.37745914876934944	0.3490435497328038	0.3914395466748079	0.40636565997375657	0.40210099747866285	0.0938400656435945	0.07716451217876626	0.10962536128310468	0.08654474335113939	0.03343733477938587
w12pp	0.19379706852387493	0.16207563190445193	0.16069057854519864	0.13930168331187426	0.1296416457948046	0.0854966149025551	0.0	0.10174713264365061	0.12490719589597299	0.12480378343188878	0.12505439393158638	0.12192110965468923	0.1366498696289485	0.183557541892103	0.16103364749589327	0.1536073447205728	0.14658035228535216	0.12186202845694569	0.1559882966070913	0.21213972645501614	0.13357731916988771	0.16540908255030085	0.13918541796270853	0.11816937474289024	0.0988988640660245	0.11370085276089738	0.1681513562690506	0.14713873988019177	0.18915256594199117	0.16645465350368652	0.15915847125289878	0.1397874266362276	0.15185290474146962	0.1870481935388439	0.17163585682958213	0.24870709601933147	0.2324924204071684	0.3412190237735421	0.50497358643633	0.4624244463004781	0.5070970268464088	0.4696009883248892	0.4914418713964294	0.4807041567765625	0.4681700211364839	0.4922014380121255	0.5194840978615489	0.46196274864073833	0.5111193409670263	0.5211479566877535	0.5298971157287782	0.5130386543558589	0.4501682457363774	0.47658454936544253	0.46136213931570985	0.43294654027916424	0.4753425372211683	0.490268650520117	0.48600398802502326	0.1777430561899549	0.16106750272512665	0.1935283518294651	0.1704477338974998	0.11734032532574627
s2pp	0.18793326414945427	0.15621182753003127	0.15482677417077798	0.1334378789374536	0.12377784142038395	0.07963281052813444	0.10174713264365061	0.0	0.11904339152155233	0.11893997905746813	0.11919058955716572	0.11605730528026857	0.13078606525452785	0.1776937375176823	0.15516984312147264	0.14774354034615214	0.14071654791093147	0.11599822408252503	0.15012449223267063	0.20627592208059548	0.12771351479546705	0.15954527817588018	0.13332161358828787	0.11230557036846958	0.09303505969160383	0.10783704838647672	0.16228755189462993	0.1412749355057711	0.1832887615675705	0.16059084912926586	0.15329466687847812	0.13392362226180693	0.14598910036704893	0.18118438916442323	0.16577205245516147	0.2428432916449108	0.22662861603274773	0.3353552193991214	0.49910978206190926	0.4565606419260574	0.5012332224719881	0.4637371839504686	0.4855780670220088	0.47484035240214184	0.4623062167620633	0.4863376336377049	0.5136202934871282	0.4560989442663177	0.5052555365926057	0.5152841523133328	0.5240333113543575	0.5071748499814382	0.4443044413619568	0.4707207449910219	0.4554983349412892	0.42708273590474355	0.4694787328467477	0.48440484614569634	0.4801401836506026	0.17187925181553423	0.155203698350706	0.1876645474550444	0.16458392952307913	0.11147652095132561
s30pp	0.18302338948098373	0.15130195286156073	0.1499168995023074	0.12852800426898303	0.1188679667519134	0.07472293585966389	0.12490719589597299	0.11904339152155233	0.0	0.09123450448198143	0.10401861346130742	0.11114743061179802	0.1258761905860573	0.17278386284921177	0.15025996845300207	0.14283366567768158	0.13580667324246093	0.11108834941405449	0.14521461756420007	0.20136604741212494	0.12280364012699649	0.15463540350740962	0.12841173891981733	0.10739569569999904	0.08812518502313328	0.10292717371800617	0.15737767722615936	0.13636506083730054	0.17837888689909998	0.15568097446079532	0.14838479221000755	0.1290137475933364	0.1410792256985784	0.17627451449595266	0.16086217778669093	0.23793341697644027	0.22171874136427716	0.33044534473065085	0.4941999073934387	0.45165076725758685	0.4963233478035175	0.458827309281998	0.4806681923535382	0.46993047773367125	0.4573963420935927	0.4814277589692343	0.5087104188186576	0.4511890695978471	0.5003456619241351	0.5103742776448622	0.5191234366858869	0.5022649753129677	0.4393945666934862	0.4658108703225513	0.4505884602728186	0.422172861236273	0.4645688581782771	0.47949497147722575	0.47523030898213203	0.16696937714706367	0.15029382368223543	0.18275467278657387	0.15967405485460856	0.10656664628285506
f12ppA	0.18291997701689952	0.15119854039747652	0.14981348703822323	0.12842459180489885	0.1187645542878292	0.07461952339557969	0.12480378343188878	0.11893997905746813	0.09123450448198143	0.0	0.10391520099722323	0.11104401814771384	0.1257727781219731	0.17268045038512758	0.15015655598891786	0.1427302532135974	0.13570326077837674	0.11098493694997028	0.14511120510011588	0.20126263494804073	0.1227002276629123	0.15453199104332543	0.12830832645573312	0.10729228323591483	0.08802177255904908	0.10282376125392197	0.15727426476207518	0.13626164837321636	0.17827547443501576	0.1555775619967111	0.14828137974592337	0.12891033512925218	0.1409758132344942	0.17617110203186848	0.16075876532260672	0.23783000451235606	0.22161532890019298	0.3303419322665666	0.49409649492935453	0.45154735479350266	0.4962199353394333	0.4587238968179138	0.480564779889454	0.46982706526958706	0.4572929296295085	0.4813243465051501	0.5086070063545735	0.4510856571337629	0.5002422494600509	0.510270865180778	0.5190200242218027	0.5021615628488835	0.439291154229402	0.4657074578584671	0.45048504780873444	0.4220694487721888	0.4644654457141929	0.47939155901314157	0.47512689651804785	0.16686596468297948	0.15019041121815124	0.18265126032248968	0.15957064239052438	0.10646323381877086
f7pp	0.18317058751659712	0.15144915089717412	0.15006409753792083	0.12867520230459645	0.1190151647875268	0.07487013389527729	0.12505439393158638	0.11919058955716572	0.10401861346130742	0.10391520099722323	0.0	0.11129462864741142	0.1260233886216707	0.17293106088482518	0.15040716648861546	0.142980863713295	0.13595387127807435	0.11123554744966788	0.14536181559981348	0.20151324544773833	0.1229508381626099	0.15478260154302304	0.12855893695543072	0.10754289373561243	0.08827238305874668	0.10307437175361957	0.15752487526177278	0.13651225887291396	0.17852608493471336	0.1558281724964087	0.14853199024562097	0.12916094562894978	0.1412264237341918	0.17642171253156608	0.16100937582230432	0.23808061501205366	0.22186593939989058	0.33059254276626426	0.49434710542905214	0.45179796529320027	0.4964705458391309	0.4589745073176114	0.4808153903891516	0.47007767576928466	0.4575435401292061	0.4815749570048477	0.5088576168542711	0.4513362676334605	0.5004928599597485	0.5105214756804757	0.5192706347215004	0.5024121733485811	0.4395417647290996	0.4659580683581647	0.45073565830843204	0.4223200592718864	0.4647160562138905	0.47964216951283917	0.47537750701774545	0.16711657518267709	0.15044102171784884	0.18290187082218728	0.15982125289022198	0.10671384431846846
f17ppA	0.17268640495125787	0.14096496833183486	0.13957991497258157	0.11819101973925719	0.10853098222218754	0.06438595132993803	0.12192110965468923	0.11605730528026857	0.11114743061179802	0.11104401814771384	0.11129462864741142	0.0	0.11553920605633146	0.16244687831948593	0.13992298392327623	0.13249668114795574	0.1254696887127351	0.10075136488432863	0.13487763303447423	0.19102906288239907	0.11246665559727065	0.14429841897768378	0.11807475439009148	0.09705871117027319	0.07778820049340743	0.09259018918828031	0.14704069269643352	0.1260280763075747	0.1680419023693741	0.14534398993106945	0.13804780768028171	0.11867676306361052	0.13074224116885252	0.16593752996622682	0.15052519325696506	0.2275964324467144	0.21138175683455132	0.320108360200925	0.4838629228637129	0.44131378272786104	0.48598636327379163	0.44849032475227213	0.4703312078238123	0.4595934932039454	0.44705935756386683	0.4710907744395084	0.49837343428893177	0.44085208506812124	0.49000867739440923	0.5000372931151363	0.508786452156161	0.4919279907832418	0.42905758216376033	0.45547388579282544	0.44025147574309276	0.4118358767065472	0.4542318736485512	0.4691579869474999	0.46489332445240616	0.15663239261733783	0.1399568391525096	0.172417688256848	0.14933707032488272	0.0962296617531292
s26pp	0.1671211380601988	0.1353997014407758	0.13401464808152252	0.11262575284819812	0.10296571533112849	0.058820684438878966	0.1366498696289485	0.13078606525452785	0.1258761905860573	0.1257727781219731	0.1260233886216707	0.11553920605633146	0.0	0.08149736454759583	0.05897347015138614	0.07519041435547322	0.0850185355074018	0.06030021167899535	0.09442647982914094	0.1505779096770658	0.07201550239193737	0.1038472657723505	0.0776236011847582	0.06709577690292773	0.05980527806113355	0.08702492229722125	0.14147542580537448	0.12046280941651565	0.16247663547831503	0.13977872304001038	0.13248254078922267	0.11311149617255147	0.12517697427779348	0.16037226307516778	0.144959926365906	0.22203116555565533	0.20581648994349228	0.3145430933098659	0.47829765597265383	0.43574851583680196	0.4804210963827326	0.4429250578612131	0.4647659409327533	0.45402822631288636	0.4414940906728078	0.4655255075484494	0.49280816739787275	0.4352868181770622	0.4844434105033502	0.4944720262240773	0.503221185265102	0.48636272389218277	0.4234923152727013	0.4499086189017664	0.43468620885203374	0.4062706098154881	0.4486666067574922	0.46359272005644087	0.45932805756134715	0.15106712572627878	0.13439157226145054	0.16685242136578896	0.14377180343382368	0.09066439486207015
s9pp	0.21402881032335325	0.18230737370393024	0.18092232034467698	0.15953342511135257	0.14987338759428293	0.10572835670203343	0.183557541892103	0.1776937375176823	0.17278386284921177	0.17268045038512758	0.17293106088482518	0.16244687831948593	0.08149736454759583	0.0	0.1028320869373617	0.12209808661862767	0.13192620777055625	0.1072078839421498	0.14133415209229538	0.19748558194022026	0.11892317465509182	0.15075493803550494	0.12453127344791265	0.11400344916608218	0.10671295032428801	0.1339325945603757	0.18838309806852893	0.1673704816796701	0.2093843077414695	0.18668639530316483	0.17939021305237712	0.1600191684357059	0.17208464654094793	0.20727993533832223	0.19186759862906044	0.2689388378188098	0.25272416220664673	0.36145076557302036	0.5252053282358082	0.4826561880999564	0.5273287686458871	0.48983273012436757	0.5116736131959078	0.5009358985760408	0.48840176293596227	0.5124331798116039	0.5397158396610272	0.48219449044021667	0.5313510827665047	0.5413796984872318	0.5501288575282565	0.5332703961553372	0.47039998753585577	0.4968162911649209	0.4815938811151882	0.4531782820786426	0.49557427902064666	0.5105003923195953	0.5062357298245016	0.19797479798943324	0.181299244524605	0.2137600936289434	0.19067947569697813	0.1375720671252246
s32pp	0.19150491592714358	0.15978347930772058	0.15839842594846726	0.13700953071514288	0.12734949319807326	0.08320446230582373	0.16103364749589327	0.15516984312147264	0.15025996845300207	0.15015655598891786	0.15040716648861546	0.13992298392327623	0.05897347015138614	0.1028320869373617	0.0	0.09957419222241798	0.10940231337434655	0.08468398954594013	0.11881025769608572	0.17496168754401056	0.09639928025888214	0.12823104363929527	0.10200737905170296	0.09147955476987249	0.08418905592807832	0.11140870016416601	0.1658592036723192	0.1448465872834604	0.18686041334525982	0.16416250090695517	0.1568663186561674	0.13749527403949624	0.14956075214473824	0.1847560409421125	0.16934370423285078	0.24641494342260012	0.230200267810437	0.3389268711768107	0.5026814338395986	0.4601322937037467	0.5048048742496773	0.46730883572815785	0.48914971879969804	0.4784120041798311	0.46587786853975255	0.48990928541539414	0.5171919452648175	0.45967059604400695	0.508827188370295	0.518855804091022	0.5276049631320467	0.5107465017591275	0.44787609313964605	0.47429239676871116	0.4590699867189785	0.43065438768243286	0.47305038462443694	0.4879764979233856	0.4837118354282919	0.17545090359322352	0.15877535012839528	0.19123619923273372	0.1681555813007684	0.11504817272901491
s22pp	0.18407861315182308	0.15235717653240008	0.1509721231731468	0.1295832279398224	0.11992319042275276	0.07577815953050325	0.1536073447205728	0.14774354034615214	0.14283366567768158	0.1427302532135974	0.142980863713295	0.13249668114795574	0.07519041435547322	0.12209808661862767	0.09957419222241798	0.0	0.10197601059902607	0.07725768677061963	0.11138395492076522	0.16753538476869007	0.08897297748356164	0.12080474086397477	0.09458107627638247	0.084053251994552	0.07676275315275782	0.10398239738884553	0.15843290089699874	0.13742028450813992	0.17943411056993933	0.15673619813163467	0.14944001588084693	0.13006897126417574	0.14213444936941777	0.17732973816679204	0.16191740145753028	0.23898864064727962	0.22277396503511654	0.3315005684014902	0.4952551310642781	0.4527059909284262	0.4973785714743569	0.4598825329528374	0.48172341602437757	0.4709857014045106	0.4584515657644321	0.48248298264007367	0.509765642489497	0.4522442932686865	0.5014008855949745	0.5114295013157015	0.5201786603567262	0.503320198983807	0.4404497903643256	0.4668660939933907	0.451643683943658	0.4232280849071124	0.46562408184911647	0.48055019514806513	0.4762855326529714	0.16802460081790305	0.1513490473530748	0.18380989645741325	0.16072927852544794	0.10762186995369442
s13pp	0.1770516207166024	0.1453301840971794	0.14394513073792614	0.12255623550460173	0.1128961979875321	0.06875116709528259	0.14658035228535216	0.14071654791093147	0.13580667324246093	0.13570326077837674	0.13595387127807435	0.1254696887127351	0.0850185355074018	0.13192620777055625	0.10940231337434655	0.10197601059902607	0.0	0.04425160618789154	0.07837787433803714	0.13452930418596198	0.06964719844577738	0.10147896182619053	0.07525529723859822	0.07702625955933134	0.06973576071753718	0.09695540495362487	0.1514059084617781	0.13039329207291928	0.17240711813471865	0.149709205696414	0.14241302344562629	0.12304197882895508	0.1351074569341971	0.1703027457315714	0.1548904090223096	0.23196164821205895	0.2157469725998959	0.3244735759662695	0.48822813862905745	0.4456789984932056	0.49035157903913623	0.45285554051761673	0.4746964235891569	0.46395870896929	0.45142457332921143	0.475455990204853	0.5027386500542763	0.44521730083346583	0.49437389315975383	0.5044025088804809	0.5131516679215056	0.4962932065485864	0.43342279792910493	0.45983910155817004	0.44461669150843736	0.41620109247189174	0.4585970894138958	0.4735232027128445	0.46925854021775076	0.1609976083826824	0.14432205491785416	0.17678290402219257	0.1537022860902273	0.10059487751847376
w6pp	0.15233329688819597	0.12061186026877296	0.11922680690951967	0.0978379116761953	0.08817787415912566	0.04403284326687614	0.12186202845694569	0.11599822408252503	0.11108834941405449	0.11098493694997028	0.11123554744966788	0.10075136488432863	0.06030021167899535	0.1072078839421498	0.08468398954594013	0.07725768677061963	0.04425160618789154	0.0	0.04729824949110074	0.1034496793390256	0.04492887461737095	0.07676063799778408	0.05053697341019178	0.052307935730924904	0.04501743688913073	0.07223708112521843	0.12668758463337162	0.1056749682445128	0.1476887943063122	0.12499088186800755	0.11769469961721982	0.09832365500054863	0.11038913310579065	0.14558442190316492	0.13017208519390316	0.2072433243836525	0.19102864877148942	0.2997552521378631	0.463509814800651	0.42096067466479914	0.4656332552107298	0.4281372166892103	0.4499780997607505	0.43924038514088354	0.426706249500805	0.4507376663764466	0.47802032622586993	0.4204989770050594	0.4696555693313474	0.4796841850520745	0.4884333440930992	0.47157488272017994	0.4087044741006985	0.4351207777297636	0.4198983676800309	0.3914827686434853	0.4338787655854894	0.44880487888443804	0.4445402163893443	0.13627928455427593	0.11960373108944769	0.15206458019378613	0.12898396226182082	0.07587655369006731
f9pp	0.18645956503834157	0.15473812841891857	0.15335307505966528	0.1319641798263409	0.12230414230927125	0.07815911141702174	0.1559882966070913	0.15012449223267063	0.14521461756420007	0.14511120510011588	0.14536181559981348	0.13487763303447423	0.09442647982914094	0.14133415209229538	0.11881025769608572	0.11138395492076522	0.07837787433803714	0.04729824949110074	0.0	0.10482904843556137	0.07905514276751655	0.11088690614792968	0.08466324156033737	0.0864342038810705	0.07914370503927631	0.10636334927536402	0.16081385278351723	0.1398012363946584	0.18181506245645782	0.15911715001815316	0.15182096776736542	0.13244992315069423	0.14451540125593626	0.17971069005331053	0.16429835334404877	0.2413695925337981	0.22515491692163503	0.33388152028800866	0.4976360829507966	0.4550869428149447	0.49975952336087537	0.46226348483935586	0.48410436791089606	0.4733666532910291	0.46083251765095057	0.48486393452659216	0.5121465943760155	0.45462524515520497	0.503781837481493	0.5138104532022201	0.5225596122432448	0.5057011508703255	0.44283074225084407	0.4692470458799092	0.4540246358301765	0.4256090367936309	0.46800503373563496	0.4829311470345836	0.4786664845394899	0.17040555270442154	0.1537299992395933	0.18619084834393174	0.16311023041196643	0.11000282184021291
w25pp	0.24261099488626642	0.2108895582668434	0.2095045049075901	0.18811560967426574	0.1784555721571961	0.13431054126494657	0.21213972645501614	0.20627592208059548	0.20136604741212494	0.20126263494804073	0.20151324544773833	0.19102906288239907	0.1505779096770658	0.19748558194022026	0.17496168754401056	0.16753538476869007	0.13452930418596198	0.1034496793390256	0.10482904843556137	0.0	0.1352065726154414	0.16703833599585455	0.14081467140826223	0.14258563372899535	0.13529513488720118	0.16251477912328888	0.21696528263144207	0.19595266624258326	0.23796649230438266	0.215268579866078	0.20797239761529027	0.18860135299861908	0.20066683110386108	0.23586211990123537	0.22044978319197361	0.29752102238172295	0.2813063467695599	0.39003295013593353	0.5537875127987214	0.5112383726628695	0.5559109532088002	0.5184149146872807	0.5402557977588209	0.529518083138954	0.5169839474988754	0.541015364374517	0.5682980242239404	0.5107766750031298	0.5599332673294178	0.569961883050145	0.5787110420911696	0.5618525807182504	0.49898217209876894	0.525398475727834	0.5101760656781014	0.4817604666415557	0.5241564635835598	0.5390825768825085	0.5348179143874148	0.22655698255234638	0.20988142908751814	0.24234227819185655	0.21926166025989127	0.16615425168813774
w9pp	0.164048587601138	0.132327150981715	0.1309420976224617	0.10955320238913732	0.09989316487206767	0.055748133979818155	0.13357731916988771	0.12771351479546705	0.12280364012699649	0.1227002276629123	0.1229508381626099	0.11246665559727065	0.07201550239193737	0.11892317465509182	0.09639928025888214	0.08897297748356164	0.06964719844577738	0.04492887461737095	0.07905514276751655	0.1352065726154414	0.0	0.07497577634417657	0.04875211175658427	0.06402322644386692	0.05673272760207274	0.08395237183816044	0.13840287534631365	0.11739025895745483	0.15940408501925424	0.13670617258094958	0.12940999033016184	0.11003894571349065	0.12210442381873267	0.15729971261610695	0.1418873759068452	0.21895861509659453	0.20274393948443145	0.3114705428508051	0.475225105513593	0.4326759653777411	0.4773485459236718	0.4398525074021523	0.4616933904736925	0.45095567585382557	0.438421540213747	0.4624529570893886	0.48973561693881196	0.4322142677180014	0.4813708600442894	0.4913994757650165	0.5001486348060412	0.483290173433122	0.4204197648136405	0.4468360684427056	0.43161365839297294	0.4031980593564273	0.4455940562984314	0.46052016959738007	0.45625550710228635	0.14799457526721796	0.13131902180238972	0.16377987090672813	0.14069925297476285	0.08759184440300934
s28pp	0.19588035098155113	0.16415891436212812	0.16277386100287483	0.14138496576955045	0.1317249282524808	0.08757989736023129	0.16540908255030085	0.15954527817588018	0.15463540350740962	0.15453199104332543	0.15478260154302304	0.14429841897768378	0.1038472657723505	0.15075493803550494	0.12823104363929527	0.12080474086397477	0.10147896182619053	0.07676063799778408	0.11088690614792968	0.16703833599585455	0.07497577634417657	0.0	0.07274180478199525	0.09585498982428005	0.08856449098248587	0.11578413521857357	0.17023463872672678	0.14922202233786797	0.19123584839966737	0.1685379359613627	0.16124175371057498	0.14187070909390379	0.1539361871991458	0.18913147599652008	0.17371913928725832	0.2507903784770077	0.23457570286484458	0.34330230623121827	0.5070568688940061	0.46450772875815427	0.509180309304085	0.4716842707825654	0.4935251538541056	0.48278743923423867	0.4702533035941601	0.4942847204698017	0.5215673803192251	0.4640460310984145	0.5132026234247025	0.5232312391454297	0.5319803981864544	0.5151219368135351	0.4522515281940536	0.47866783182311873	0.46344542177338605	0.43502982273684043	0.4774258196788445	0.49235193297779317	0.48808727048269945	0.1798263386476311	0.16315078518280285	0.1956116342871413	0.17253101635517598	0.11942360778342247
s14pp	0.1696566863939588	0.1379352497745358	0.13655019641528254	0.11516130118195814	0.1055012636648885	0.061356232772638984	0.13918541796270853	0.13332161358828787	0.12841173891981733	0.12830832645573312	0.12855893695543072	0.11807475439009148	0.0776236011847582	0.12453127344791265	0.10200737905170296	0.09458107627638247	0.07525529723859822	0.05053697341019178	0.08466324156033737	0.14081467140826223	0.04875211175658427	0.07274180478199525	0.0	0.06963132523668775	0.06234082639489357	0.08956047063098127	0.1440109741391345	0.12299835775027566	0.16501218381207505	0.1423142713737704	0.1350180891229827	0.11564704450631148	0.1277125226115535	0.1629078114089278	0.147495474699666	0.22456671388941535	0.2083520382772523	0.3170786416436259	0.48083320430641385	0.438284064170562	0.48295664471649263	0.44546060619497313	0.4673014892665133	0.4565637746466464	0.44402963900656783	0.4680610558822094	0.49534371573163277	0.43782236651082224	0.48697895883711023	0.49700757455783734	0.505756733598862	0.4888982722259428	0.42602786360646133	0.45244416723552644	0.43722175718579376	0.40880615814924814	0.4512021550912522	0.4661282683902009	0.46186360589510717	0.1536026740600388	0.13692712059521056	0.16938796969954897	0.1463073517675837	0.09319994319583016
s7pp	0.14864064317414052	0.11691920655471752	0.11553415319546423	0.09414525796213985	0.08448522044507022	0.0403401895528207	0.11816937474289024	0.11230557036846958	0.10739569569999904	0.10729228323591483	0.10754289373561243	0.09705871117027319	0.06709577690292773	0.11400344916608218	0.09147955476987249	0.084053251994552	0.07702625955933134	0.052307935730924904	0.0864342038810705	0.14258563372899535	0.06402322644386692	0.09585498982428005	0.06963132523668775	0.0	0.04132478317507528	0.06854442741116298	0.12299493091931618	0.10198231453045736	0.14399614059225677	0.12129822815395211	0.11400204590316437	0.09463100128649318	0.10669647939173521	0.14189176818910948	0.12647943147984772	0.20355067066959706	0.18733599505743398	0.29606259842380767	0.45981716108659554	0.41726802095074367	0.4619406014966743	0.4244445629751548	0.446285446046695	0.43554773142682807	0.4230135957867495	0.4470450126623911	0.47432767251181446	0.4168063232910039	0.4659629156172919	0.475991531338019	0.4847406903790437	0.4678822290061245	0.405011820386643	0.4314281240157081	0.41620571396597544	0.38779011492942983	0.4301861118714339	0.44511222517038257	0.44084756267528885	0.1325866308402205	0.11591107737539225	0.1483719264797307	0.12529130854776538	0.07218389997601186
s25pp	0.12937013249727478	0.09764869587785177	0.09626364251859848	0.0748747472852741	0.06521470976820445	0.021069678875954942	0.0988988640660245	0.09303505969160383	0.08812518502313328	0.08802177255904908	0.08827238305874668	0.07778820049340743	0.05980527806113355	0.10671295032428801	0.08418905592807832	0.07676275315275782	0.06973576071753718	0.04501743688913073	0.07914370503927631	0.13529513488720118	0.05673272760207274	0.08856449098248587	0.06234082639489357	0.04132478317507528	0.0	0.04927391673429722	0.10372442024245043	0.08271180385359161	0.12472562991539102	0.10202771747708636	0.09473153522629862	0.07536049060962743	0.08742596871486945	0.12262125751224373	0.10720892080298197	0.1842801599927313	0.16806548438056823	0.27679208774694186	0.4405466504097298	0.3979975102738779	0.44267009081980857	0.40517405229828907	0.42701493536982926	0.4162772207499623	0.40374308510988377	0.42777450198552536	0.4550571618349487	0.3975358126141382	0.44669240494042617	0.4567210206611533	0.46547017970217797	0.4486117183292587	0.38574130970977727	0.4121576133388424	0.3969352032891097	0.3685196042525641	0.41091560119456816	0.4258417144935168	0.4215770519984231	0.11331612016335474	0.0966405666985265	0.12910141580286494	0.10602079787089963	0.05291338929914611
f16ppA	0.11873556142414542	0.08701412480472241	0.08562907144546912	0.07665363473121095	0.0669935972141413	0.02979786221453698	0.11370085276089738	0.10783704838647672	0.10292717371800617	0.10282376125392197	0.10307437175361957	0.09259018918828031	0.08702492229722125	0.1339325945603757	0.11140870016416601	0.10398239738884553	0.09695540495362487	0.07223708112521843	0.10636334927536402	0.16251477912328888	0.08395237183816044	0.11578413521857357	0.08956047063098127	0.06854442741116298	0.04927391673429722	0.0	0.08200564358042173	0.06099302719156291	0.11409105884226166	0.091393146403957	0.08409696415316927	0.06472591953649807	0.07679139764174009	0.11198668643911437	0.09657434972985261	0.17364558891960197	0.15743091330743886	0.26615751667381254	0.4299120793366004	0.38736293920074855	0.4320355197466792	0.3945394812251597	0.4163803642966999	0.40564264967683294	0.3931085140367544	0.417139930912396	0.44442259076181934	0.3869012415410088	0.4360578338672968	0.4460864495880239	0.4548356086290486	0.43797714725612935	0.3751067386366479	0.401523042265713	0.3863006322159803	0.3578850331794347	0.4002810301214388	0.41520714342038745	0.41094248092529373	0.10268154909022538	0.08600599562539714	0.11846684472973557	0.09538622679777027	0.04227881822601675
f25pp	0.17318606493229863	0.14146462831287562	0.14007957495362233	0.13110413823936418	0.12144410072229453	0.08424836572269019	0.1681513562690506	0.16228755189462993	0.15737767722615936	0.15727426476207518	0.15752487526177278	0.14704069269643352	0.14147542580537448	0.18838309806852893	0.1658592036723192	0.15843290089699874	0.1514059084617781	0.12668758463337162	0.16081385278351723	0.21696528263144207	0.13840287534631365	0.17023463872672678	0.1440109741391345	0.12299493091931618	0.10372442024245043	0.08200564358042173	0.0	0.10575067622091708	0.16854156235041487	0.1458436499121102	0.13854746766132248	0.11917642304465129	0.13124190114989331	0.16643718994726758	0.15102485323800582	0.22809609242775516	0.21188141681559208	0.32060802018196577	0.48436258284475364	0.44181344270890177	0.4864860232548324	0.4489899847333129	0.4708308678048531	0.46009315318498617	0.4475590175449076	0.4715904344205492	0.49887309426997256	0.441351745049162	0.49050833737545	0.5005369530961772	0.5092861121372019	0.4924276507642826	0.4295572421448011	0.45597354577386623	0.44075113572413355	0.41233553668758793	0.454731533629592	0.4696576469285407	0.46539298443344695	0.1571320525983786	0.14045649913355035	0.1729173482378888	0.14983673030592348	0.09672932173416997
f20ppB	0.1521734485434398	0.1204520119240168	0.11906695856476351	0.11009152185050534	0.10043148433343571	0.06323574933383137	0.14713873988019177	0.1412749355057711	0.13636506083730054	0.13626164837321636	0.13651225887291396	0.1260280763075747	0.12046280941651565	0.1673704816796701	0.1448465872834604	0.13742028450813992	0.13039329207291928	0.1056749682445128	0.1398012363946584	0.19595266624258326	0.11739025895745483	0.14922202233786797	0.12299835775027566	0.10198231453045736	0.08271180385359161	0.06099302719156291	0.10575067622091708	0.0	0.14752894596155605	0.1248310335232514	0.11753485127246366	0.09816380665579247	0.11022928476103448	0.14542457355840877	0.130012236849147	0.20708347603889635	0.19086880042673326	0.2995954037931069	0.4633499664558948	0.42080082632004295	0.4654734068659736	0.4279773683444541	0.4498182514159943	0.43908053679612735	0.4265464011560488	0.4505778180316904	0.47786047788111374	0.4203391286603032	0.4694957209865912	0.4795243367073183	0.488273495748343	0.47141503437542376	0.4085446257559423	0.4349609293850074	0.41973851933527473	0.3913229202987291	0.4337189172407332	0.44864503053968185	0.44438036804458814	0.13611943620951977	0.11944388274469153	0.15190473184902997	0.12882411391706466	0.07571670534531115
f8pp	0.17928293475247675	0.14756149813305375	0.14617644477380046	0.15210534791230473	0.14244531039523511	0.10524957539563078	0.18915256594199117	0.1832887615675705	0.17837888689909998	0.17827547443501576	0.17852608493471336	0.1680419023693741	0.16247663547831503	0.2093843077414695	0.18686041334525982	0.17943411056993933	0.17240711813471865	0.1476887943063122	0.18181506245645782	0.23796649230438266	0.15940408501925424	0.19123584839966737	0.16501218381207505	0.14399614059225677	0.12472562991539102	0.11409105884226166	0.16854156235041487	0.14752894596155605	0.0	0.11467853517955708	0.10738235292876935	0.10626269731723328	0.1183281754224753	0.15352346421984958	0.13811112751058782	0.21518236670033714	0.19896769108817408	0.3076942944545477	0.47144885711733564	0.42889971698148377	0.4735722975274144	0.4360762590058949	0.4579171420774351	0.44717942745756817	0.4346452918174896	0.4586767086931312	0.48595936854255456	0.428438019321744	0.477594611648032	0.4876232273687591	0.4963723864097838	0.4795139250368646	0.4166435164173831	0.4430598200464482	0.42783740999671555	0.39942181096016993	0.441817807902174	0.45674392120112267	0.45247925870602895	0.1442183268709606	0.12754277340613235	0.1600036225104708	0.13692300457850548	0.10282619155434809
f12ppB	0.1565850223141721	0.12486358569474909	0.1234785323354958	0.12940743547400008	0.11974739795693046	0.08255166295732612	0.16645465350368652	0.16059084912926586	0.15568097446079532	0.1555775619967111	0.1558281724964087	0.14534398993106945	0.13977872304001038	0.18668639530316483	0.16416250090695517	0.15673619813163467	0.149709205696414	0.12499088186800755	0.15911715001815316	0.215268579866078	0.13670617258094958	0.1685379359613627	0.1423142713737704	0.12129822815395211	0.10202771747708636	0.091393146403957	0.1458436499121102	0.1248310335232514	0.11467853517955708	0.0	0.07375110838431592	0.08356478487892861	0.09563026298417063	0.13082555178154492	0.11541321507228315	0.19248445426203248	0.1762697786498694	0.28499638201624306	0.448750944679031	0.4062018045431791	0.45087438508910976	0.41337834656759026	0.43521922963913046	0.4244815150192635	0.41194737937918496	0.43597879625482655	0.4632614561042499	0.40574010688343937	0.45489669920972736	0.46492531493045447	0.47367447397147916	0.4568160125985599	0.39394560397907846	0.42036190760814357	0.4051394975584109	0.3767238985218653	0.41911989546386935	0.434046008762818	0.4297813462677243	0.12152041443265593	0.10484486096782768	0.1373057100721661	0.11422509214020081	0.08012827911604344
f32pp	0.14928884006338436	0.11756740344396135	0.11618235008470806	0.12211125322321235	0.11245121570614272	0.07525548070653838	0.15915847125289878	0.15329466687847812	0.14838479221000755	0.14828137974592337	0.14853199024562097	0.13804780768028171	0.13248254078922267	0.17939021305237712	0.1568663186561674	0.14944001588084693	0.14241302344562629	0.11769469961721982	0.15182096776736542	0.20797239761529027	0.12940999033016184	0.16124175371057498	0.1350180891229827	0.11400204590316437	0.09473153522629862	0.08409696415316927	0.13854746766132248	0.11753485127246366	0.10738235292876935	0.07375110838431592	0.0	0.07626860262814089	0.0883340807333829	0.12352936953075719	0.10811703282149543	0.18518827201124477	0.16897359639908166	0.27770019976545535	0.4414547624282433	0.3989056222923914	0.44357820283832206	0.40608216431680255	0.42792304738834275	0.4171853327684758	0.40465119712839726	0.42868261400403884	0.4559652738534622	0.39844392463265166	0.44760051695893965	0.45762913267966676	0.46637829172069145	0.4495198303477722	0.38664942172829075	0.41306572535735586	0.3978433153076232	0.36942771627107757	0.41182371321308164	0.4267498265120303	0.4224851640169366	0.1142242321818682	0.09754867871703995	0.13000952782137837	0.10692890988941309	0.0728320968652557
