	w20pp	f16ppA	w11pp	f22ppB	f19pp	f6ppA	w24pp	f2pp	f24pp	w3pp	f16ppB	w9pp	f15pp	f20ppA	w14pp	S7Hp	F14H1A	S18H1	31267	S9H1	S16H2	S21H1	S1Hp	S22Hp	S26Hp	S27H1	F23HpA	530331	S15Hp	S4Hp	S17H1	S6Hp	31750	S31Hp	F14H1B	31452	S19H1	S28Hp	F7H1	31749	31219	S3Hp	S29H1	530055	31300	S13Hp	S14Hp	31160	F1H1	F6H1	S25Hp	31328	f22ppA	f6ppB	w25pp	f8pp	w4pp	F29H1	s22pp	s24pp	s32pp	s2pp	s25pp	s23pp	w10pp	f14ppB	f4pp	f1pp	f7pp	f25pp	w18pp
w20pp	0.0	0.09512550948135573	0.11856893495827919	0.13649897318898982	0.12879800706164185	0.15328020976939974	0.1518303849985513	0.15546137288417353	0.14378573607412554	0.1316362214379197	0.15488364724227613	0.13721526699677417	0.16132008524650088	0.15701805740975072	0.17373744280718093	0.29732609068077825	0.4497028310826382	0.5036418071142845	0.530023975721543	0.4902935350921523	0.4170669003923513	0.5053791426082337	0.48757490744016196	0.5333193015174721	0.5201536442862617	0.5836283002057281	0.5378882402359594	0.559598137380382	0.5602175095694202	0.5971017338408224	0.5869971676949239	0.6408180208093921	0.5560401971638704	0.5971243758922908	0.547155957074619	0.5810379886985018	0.5677821409782757	0.5825014643595938	0.5695720745184418	0.5429660674064056	0.600328900918341	0.5702129851381079	0.5662721077145554	0.5675671628006602	0.5584962359193797	0.5641419463668444	0.5942325177930001	0.5672623740959208	0.6408205232331425	0.6043197195610193	0.4958467358520795	0.5205057514590488	0.140604797313719	0.14066888762497382	0.13649382288401485	0.12816308175583535	0.15288495734864285	0.17900005227740587	0.17535330093343568	0.17167236700651292	0.20593286029373997	0.21808627519568508	0.16901123913279634	0.1728765122529307	0.1628973929449612	0.11448362739080813	0.14989952143020907	0.13801872766041598	0.09718451628875016	0.08703034376962518	0.07980492584674308
f16ppA	0.09512550948135573	0.0	0.09001939331645954	0.10794943154717017	0.1002484654198222	0.12473066812758009	0.12328084335673166	0.1269118312423539	0.1152361944323059	0.10308667979610003	0.1263341056004565	0.10866572535495451	0.1327705436046812	0.12846851576793106	0.1451879011653613	0.2687765490389586	0.42115328944081853	0.47509226547246486	0.5014744340797234	0.46174399345033257	0.3885173587505316	0.476829600966414	0.4590253657983423	0.5047697598756524	0.491604102644442	0.5550787585639085	0.5093386985941397	0.5310485957385623	0.5316679679276005	0.5685521921990029	0.5584476260531043	0.6122684791675725	0.5274906555220509	0.5685748342504713	0.5186064154327993	0.5524884470566821	0.5392325993364561	0.5539519227177742	0.5410225328766223	0.514416525764586	0.5717793592765213	0.5416634434962884	0.5377225660727358	0.5390176211588406	0.5299466942775601	0.5355924047250248	0.5656829761511805	0.5387128324541013	0.6122709815913229	0.5757701779191997	0.46729719421025984	0.4919562098172291	0.11205525567189935	0.11211934598315416	0.1079442812421952	0.09961354011401569	0.1243354157068232	0.15045051063558623	0.14680375929161604	0.14312282536469328	0.1773833186519203	0.1895367335538654	0.1404616974909767	0.14432697061111105	0.13434785130314153	0.08593408574898846	0.12134997978838942	0.10946918601859633	0.0686349746469305	0.07760573440292519	0.07457219669914548
w11pp	0.11856893495827919	0.09001939331645954	0.0	0.08890985768423657	0.0812088915568886	0.13653575596713266	0.13508593119628423	0.13871691908190645	0.12704128227185849	0.11489176763565262	0.13813919344000905	0.12047081319450709	0.1445756314442338	0.14027360360748364	0.15699298900491385	0.2805816368785112	0.4329583772803711	0.48689735331201744	0.513279521919276	0.4735490812898852	0.4003224465900842	0.4886346888059666	0.4708304536378949	0.516574847715205	0.5034091904839946	0.566883846403461	0.5211437864336923	0.5428536835781149	0.5434730557671531	0.5803572800385554	0.5702527138926567	0.624073567007125	0.5392957433616035	0.5803799220900238	0.5304115032723519	0.5642935348962346	0.5510376871760085	0.5657570105573266	0.5528276207161748	0.5262216136041385	0.5835844471160738	0.5534685313358408	0.5495276539122884	0.5508227089983931	0.5417517821171127	0.5473974925645774	0.5774880639907329	0.5505179202936539	0.6240760694308753	0.5875752657587522	0.4791022820498124	0.5037612976567817	0.12386034351145192	0.12392443382270674	0.11974936908174777	0.11141862795356827	0.13614050354637577	0.1622555984751388	0.1586088471311686	0.15492791320424584	0.1891884064914729	0.201341821393418	0.15226678533052926	0.1561320584506636	0.14615293914269412	0.09773917358854105	0.133155067627942	0.1212742738581489	0.08044006248648308	0.10104915987984867	0.09801562217606895
f22ppB	0.13649897318898982	0.10794943154717017	0.08890985768423657	0.0	0.06937917276409358	0.1544657941978433	0.15301596942699486	0.15664695731261707	0.1449713205025691	0.13282180586636322	0.15606923167071968	0.1384008514252177	0.16250566967494443	0.15820364183819427	0.17492302723562447	0.29851167510922183	0.4508884155110817	0.504827391542728	0.5312095601499865	0.4914791195205958	0.4182524848207948	0.5065647270366772	0.4887604918686055	0.5345048859459156	0.5213392287147052	0.5848138846341717	0.5390738246644029	0.5607837218088255	0.5614030939978637	0.5982873182692661	0.5881827521233673	0.6420036052378357	0.5572257815923141	0.5983099603207345	0.5483415415030625	0.5822235731269452	0.5689677254067191	0.5836870487880372	0.5707576589468855	0.5441516518348491	0.6015144853467844	0.5713985695665516	0.567457692142999	0.5687527472291037	0.5596818203478233	0.565327530795288	0.5954181022214435	0.5684479585243645	0.642006107661586	0.6055053039894629	0.497032320280523	0.5216913358874924	0.14179038174216255	0.14185447205341736	0.1376794073124584	0.12934866618427887	0.1540705417770864	0.18018563670584942	0.17653888536187923	0.17285795143495647	0.20711844472218352	0.21927185962412862	0.17019682356123988	0.17406209668137423	0.16408297737340474	0.11566921181925166	0.15108510585865262	0.13920431208885953	0.09837010071719371	0.11897919811055929	0.11594566040677957
f19pp	0.12879800706164185	0.1002484654198222	0.0812088915568886	0.06937917276409358	0.0	0.14676482807049532	0.1453150032996469	0.1489459911852691	0.13727035437522112	0.12512083973901528	0.1483682655433717	0.13069988529786974	0.15480470354759646	0.1505026757108463	0.1672220611082765	0.29081070898187383	0.4431874493837338	0.4971264254153801	0.5235085940226386	0.4837781533932478	0.41055151869344686	0.49886376090932927	0.48105952574125754	0.5268039198185677	0.5136382625873572	0.5771129185068237	0.531372858537055	0.5530827556814776	0.5537021278705158	0.590586352141918	0.5804817859960194	0.6343026391104877	0.5495248154649661	0.5906089941933864	0.5406405753757145	0.5745226069995972	0.5612667592793712	0.5759860826606893	0.5630566928195374	0.5364506857075012	0.5938135192194365	0.5636976034392035	0.5597567260156511	0.5610517811017558	0.5519808542204754	0.55762656466794	0.5877171360940956	0.5607469923970165	0.634305141534238	0.5978043378621148	0.4893313541531751	0.5139903697601443	0.13408941561481458	0.1341535059260694	0.12997844118511043	0.12164770005693092	0.14636957564973843	0.17248467057850145	0.16883791923453126	0.1651569853076085	0.19941747859483555	0.21157089349678065	0.16249585743389192	0.16636113055402627	0.15638201124605677	0.10796824569190369	0.14338413973130465	0.13150334596151156	0.09066913458984574	0.11127823198321132	0.1082446942794316
f6ppA	0.15328020976939974	0.12473066812758009	0.13653575596713266	0.1544657941978433	0.14676482807049532	0.0	0.08702177492911985	0.09065276281474208	0.0789771260046941	0.08194051581535551	0.10518794161971194	0.08751956137420999	0.13458706371377877	0.1302850358770286	0.1470044212744588	0.27059306914805614	0.4229698095499161	0.4769087855815624	0.5032909541888209	0.4635605135594302	0.39033387885962917	0.4786461210755116	0.46084188590743985	0.5065862799847499	0.49342062275353954	0.556895278673006	0.5111552187032372	0.5328651158476598	0.533484488036698	0.5703687123081004	0.5602641461622018	0.61408499927667	0.5293071756311484	0.5703913543595688	0.5204229355418968	0.5543049671657795	0.5410491194455536	0.5557684428268717	0.5428390529857198	0.5162330458736835	0.5735958793856188	0.5434799636053859	0.5395390861818333	0.540834141267938	0.5317632143866576	0.5374089248341223	0.567499496260278	0.5405293525631988	0.6140875017004204	0.5775866980282972	0.4691137143193574	0.4937727299263267	0.1138717757809969	0.11393586609225172	0.10976080135129275	0.11774726020654261	0.1424691357993501	0.16858423072811313	0.16493747938414294	0.16125654545722018	0.19551703874444726	0.20767045364639233	0.1585954175835036	0.16246069070363794	0.15248157139566845	0.1040678058415154	0.13948369988091636	0.12760290611112324	0.10504840196559528	0.1357604346909692	0.1327268969871895
w24pp	0.1518303849985513	0.12328084335673166	0.13508593119628423	0.15301596942699486	0.1453150032996469	0.08702177492911985	0.0	0.06705637006195475	0.055380733251906775	0.08049069104450708	0.10373811684886351	0.08606973660336156	0.13313723894293034	0.12883521110618018	0.14555459650361038	0.2691432443772077	0.42151998477906766	0.475458960810714	0.5018411294179724	0.46211068878858175	0.38888405408878074	0.47719629630466315	0.4593920611365914	0.5051364552139015	0.4919707979826911	0.5554454539021576	0.5097053939323888	0.5314152910768114	0.5320346632658496	0.568918887537252	0.5588143213913533	0.6126351745058216	0.5278573508603	0.5689415295887204	0.5189731107710484	0.552855142394931	0.5395992946747051	0.5543186180560232	0.5413892282148713	0.514783221102835	0.5721460546147704	0.5420301388345374	0.5380892614109849	0.5393843164970896	0.5303133896158092	0.5359591000632739	0.5660496714894295	0.5390795277923504	0.6126376769295719	0.5761368732574488	0.46766388954850896	0.4923229051554783	0.11242195101014847	0.11248604132140329	0.10831097658044432	0.11629743543569418	0.14101931102850168	0.1671344059572647	0.1634876546132945	0.15980672068637175	0.19406721397359883	0.2062206288755439	0.15714559281265517	0.16101086593278952	0.15103174662482002	0.10261798107066697	0.13803387511006793	0.1261530813402748	0.10359857719474685	0.13431060992012078	0.13127707221634108
f2pp	0.15546137288417353	0.1269118312423539	0.13871691908190645	0.15664695731261707	0.1489459911852691	0.09065276281474208	0.06705637006195475	0.0	0.0543880464695877	0.08412167893012931	0.10736910473448574	0.0897007244889838	0.13676822682855255	0.1324661989918024	0.14918558438923263	0.27277423226282993	0.4251509726646899	0.4790899486963362	0.5054721173035948	0.46574167667420396	0.39251504197440296	0.48082728419028536	0.46302304902221364	0.5087674430995237	0.4956017858683133	0.5590764417877798	0.513336381818011	0.5350462789624337	0.5356656511514719	0.5725498754228742	0.5624453092769757	0.6162661623914438	0.5314883387459222	0.5725725174743426	0.5226040986566707	0.5564861302805533	0.5432302825603275	0.5579496059416456	0.5450202161004936	0.5184142089884574	0.5757770425003927	0.5456611267201597	0.5417202492966071	0.543015304382712	0.5339443775014314	0.5395900879488962	0.5696806593750519	0.5427105156779726	0.6162686648151943	0.579767861143071	0.4712948774341312	0.4959538930411005	0.1160529388957707	0.11611702920702552	0.11194196446606655	0.1199284233213164	0.1446502989141239	0.17076539384288691	0.16711864249891673	0.16343770857199397	0.19769820185922105	0.20985161676116612	0.16077658069827738	0.16464185381841173	0.15466273451044224	0.10624896895628919	0.14166486299569014	0.12978406922589703	0.10722956508036907	0.137941597805743	0.1349080601019633
f24pp	0.14378573607412554	0.1152361944323059	0.12704128227185849	0.1449713205025691	0.13727035437522112	0.0789771260046941	0.055380733251906775	0.0543880464695877	0.0	0.07244604212008134	0.09569346792443777	0.07802508767893582	0.1250925900185046	0.12079056218175444	0.13750994757918464	0.26109859545278197	0.4134753358546419	0.46741431188628824	0.49379648049354674	0.454066039864156	0.380839405164355	0.4691516473802374	0.4513474122121657	0.4970918062894758	0.48392614905826536	0.5474008049777319	0.5016607450079631	0.5233706421523857	0.5239900143414239	0.5608742386128263	0.5507696724669277	0.6045905255813959	0.5198127019358743	0.5608968806642947	0.5109284618466227	0.5448104934705054	0.5315546457502794	0.5462739691315975	0.5333445792904457	0.5067385721784093	0.5641014056903447	0.5339854899101117	0.5300446124865592	0.5313396675726639	0.5222687406913835	0.5279144511388482	0.5580050225650038	0.5310348788679247	0.6045930280051462	0.5680922243330231	0.4596192406240832	0.48427825623105253	0.10437730208572273	0.10444139239697754	0.10026632765601858	0.10825278651126843	0.13297466210407594	0.15908975703283895	0.15544300568886876	0.151762071761946	0.18602256504917306	0.19817597995111816	0.14910094388822942	0.15296621700836377	0.14298709770039428	0.09457333214624121	0.12998922618564215	0.11810843241584906	0.0955539282703211	0.126265960995695	0.1232324232919153
w3pp	0.1316362214379197	0.10308667979610003	0.11489176763565262	0.13282180586636322	0.12512083973901528	0.08194051581535551	0.08049069104450708	0.08412167893012931	0.07244604212008134	0.0	0.07520763276328112	0.05974065516985262	0.11294307538229872	0.10864104754554857	0.12536043294297877	0.24894908081657613	0.401325821218436	0.45526479725008234	0.48164696585734085	0.4419165252279501	0.3686898905281491	0.4570021327440315	0.4391978975759598	0.4849422916532699	0.47177663442205947	0.5352512903415261	0.4895112303717572	0.5112211275161799	0.511840499705218	0.5487247239766204	0.5386201578307218	0.5924410109451901	0.5076631872996684	0.5487473660280888	0.49877894721041677	0.5326609788342995	0.5194051311140736	0.5341244544953917	0.5211950646542398	0.49458905754220345	0.5519518910541389	0.5218359752739059	0.5178950978503534	0.5191901529364581	0.5101192260551777	0.5157649365026423	0.545855507928798	0.5188853642317188	0.5924435133689404	0.5559427096968172	0.4474697259878773	0.47212874159484663	0.09222778744951686	0.09229187776077168	0.08811681301981271	0.09610327187506257	0.12082514746787007	0.1469402423966331	0.1432934910526629	0.13961255712574014	0.1738730504129672	0.1860264653149123	0.13695142925202355	0.1408167023721579	0.1308375830641884	0.08242381751003534	0.11783971154943629	0.1059589177796432	0.08340441363411523	0.11411644635948914	0.11108290865570944
f16ppB	0.15488364724227613	0.1263341056004565	0.13813919344000905	0.15606923167071968	0.1483682655433717	0.10518794161971194	0.10373811684886351	0.10736910473448574	0.09569346792443777	0.07520763276328112	0.0	0.08298808097420905	0.13619050118665516	0.131888473349905	0.1486078587473352	0.27219650662093253	0.4245732470227925	0.4785122230544388	0.5048943916616973	0.46516395103230657	0.39193731633250556	0.48024955854838797	0.46244532338031624	0.5081897174576263	0.49502406022641593	0.5584987161458824	0.5127586561761136	0.5344685533205362	0.5350879255095744	0.5719721497809768	0.5618675836350782	0.6156884367495464	0.5309106131040248	0.5719947918324452	0.5220263730147732	0.5559084046386559	0.54265255691843	0.557371880299748	0.5444424904585962	0.5178364833465599	0.5751993168584952	0.5450834010782623	0.5411425236547097	0.5424375787408144	0.533366651859534	0.5390123623069987	0.5691029337331543	0.5421327900360752	0.6156909391732968	0.5791901355011736	0.4707171517922338	0.4953761673992031	0.11547521325387329	0.11553930356512811	0.11136423882416914	0.119350697679419	0.1440725732722265	0.17018766820098952	0.16654091685701933	0.16285998293009657	0.19712047621732365	0.20927389111926872	0.16019885505637999	0.16406412817651433	0.15408500886854484	0.10567124331439179	0.14108713735379275	0.12920634358399963	0.10665183943847167	0.1373638721638456	0.1343303344600659
w9pp	0.13721526699677417	0.10866572535495451	0.12047081319450709	0.1384008514252177	0.13069988529786974	0.08751956137420999	0.08606973660336156	0.0897007244889838	0.07802508767893582	0.05974065516985262	0.08298808097420905	0.0	0.1185221209411532	0.11422009310440305	0.13093947850183324	0.2545281263754306	0.40690486677729054	0.46084384280893687	0.48722601141619537	0.4474955707868046	0.3742689360870036	0.46258117830288603	0.4447769431348143	0.49052133721212443	0.477355679980914	0.5408303359003805	0.4950902759306117	0.5168001730750343	0.5174195452640725	0.5543037695354749	0.5441992033895763	0.5980200565040446	0.5132422328585229	0.5543264115869433	0.5043579927692713	0.538240024393154	0.5249841766729281	0.5397035000542462	0.5267741102130943	0.500168103101058	0.5575309366129934	0.5274150208327604	0.5234741434092078	0.5247691984953126	0.5156982716140321	0.5213439820614968	0.5514345534876525	0.5244644097905733	0.5980225589277949	0.5615217552556717	0.45304877154673184	0.4777077871537011	0.09780683300837134	0.09787092331962616	0.09369585857866719	0.10168231743391704	0.12640419302672454	0.15251928795548758	0.14887253661151736	0.1451916026845946	0.17945209597182168	0.19160551087376676	0.14253047481087802	0.1463957479310124	0.13641662862304288	0.08800286306888983	0.12341875710829078	0.11153796333849769	0.08898345919296971	0.11969549191834364	0.11666195421456392
f15pp	0.16132008524650088	0.1327705436046812	0.1445756314442338	0.16250566967494443	0.15480470354759646	0.13458706371377877	0.13313723894293034	0.13676822682855255	0.1250925900185046	0.11294307538229872	0.13619050118665516	0.1185221209411532	0.0	0.08512097133680918	0.10184035673423937	0.22542900460783674	0.37780574500969666	0.431744721041343	0.4581268896486015	0.41839644901921075	0.34516981431940974	0.43348205653529215	0.4156778213672204	0.46142221544453055	0.4482565582133201	0.5117312141327867	0.46599115416301784	0.48770105130744046	0.48832042349647864	0.525204647767881	0.5151000816219824	0.5689209347364507	0.484143111090929	0.5252272898193494	0.4752588710016774	0.5091409026255601	0.4958850549053342	0.5106043782866523	0.4976749884455004	0.4710689813334641	0.5284318148453995	0.4983158990651665	0.49437502164161395	0.4956700767277187	0.48659914984643826	0.4922448602939029	0.5223354317200586	0.4953652880229794	0.568923437160201	0.5324226334880778	0.42394964977913796	0.4486086653861073	0.10722792278072225	0.10729201309197707	0.1031169483510181	0.12578713568364375	0.15050901127645125	0.1766241062052143	0.17297735486124408	0.16929642093432132	0.20355691422154837	0.21571032912349347	0.16663529306060473	0.1705005661807391	0.1605214468727696	0.11210768131861654	0.14752357535801747	0.1356427815882244	0.11308827744269642	0.14380031016807035	0.14076677246429065
f20ppA	0.15701805740975072	0.12846851576793106	0.14027360360748364	0.15820364183819427	0.1505026757108463	0.1302850358770286	0.12883521110618018	0.1324661989918024	0.12079056218175444	0.10864104754554857	0.131888473349905	0.11422009310440305	0.08512097133680918	0.0	0.09471790711579617	0.21830655498939353	0.37068329539125344	0.42462227142289977	0.45100444003015827	0.41127399940076753	0.3380473647009665	0.42635960691684893	0.4085553717487772	0.45429976582608733	0.4411341085948769	0.5046087645143434	0.4588687045445746	0.48057860168899724	0.4811979738780354	0.5180821981494378	0.5079776320035392	0.5617984851180076	0.4770206614724858	0.5181048402009062	0.4681364213832342	0.5020184530071169	0.48876260528689097	0.5034819286682091	0.4905525388270572	0.46394653171502087	0.5213093652269563	0.4911934494467233	0.48725257202317074	0.48854762710927546	0.47947670022799505	0.4851224106754597	0.5152129821016154	0.4882428384045362	0.5618009875417579	0.5253001838696346	0.41682720016069474	0.44148621576766406	0.1029258949439721	0.10298998525522692	0.09881492051426795	0.12148510784689359	0.1462069834397011	0.17232207836846414	0.16867532702449392	0.16499439309757116	0.1992548863847982	0.21140830128674332	0.16233326522385458	0.16619853834398896	0.15621941903601944	0.10780565348186638	0.1432215475212673	0.13134075375147425	0.10878624960594627	0.1394982823313202	0.1364647446275405
w14pp	0.17373744280718093	0.1451879011653613	0.15699298900491385	0.17492302723562447	0.1672220611082765	0.1470044212744588	0.14555459650361038	0.14918558438923263	0.13750994757918464	0.12536043294297877	0.1486078587473352	0.13093947850183324	0.10184035673423937	0.09471790711579617	0.0	0.2171646450541514	0.36954138545601134	0.42348036148765766	0.44986253009491617	0.41013208946552543	0.3369054547657244	0.42521769698160683	0.4074134618135351	0.45315785589084523	0.4399921986596348	0.5034668545791013	0.4577267946093325	0.47943669175375514	0.4800560639427933	0.5169402882141957	0.5068357220682971	0.5606565751827655	0.4758787515372437	0.5169629302656641	0.4669945114479921	0.5008765430718748	0.48762069535164887	0.502340018732967	0.4894106288918151	0.46280462177977877	0.5201674552917142	0.49005153951148117	0.48611066208792864	0.48740571717403336	0.47833479029275294	0.4839805007402176	0.5140710721663733	0.4871009284692941	0.5606590776065158	0.5241582739343925	0.41568529022545264	0.44034430583242196	0.1196452803414023	0.11970937065265712	0.11553430591169815	0.1382044932443238	0.1629263688371313	0.1890414637658943	0.18539471242192412	0.18171377849500137	0.21597427178222844	0.22812768668417352	0.17905265062128478	0.18291792374141913	0.17293880443344964	0.12452503887929658	0.15994093291869754	0.14806013914890442	0.12550563500337647	0.1562176677287504	0.1531841300249707
S7Hp	0.29732609068077825	0.2687765490389586	0.2805816368785112	0.29851167510922183	0.29081070898187383	0.27059306914805614	0.2691432443772077	0.27277423226282993	0.26109859545278197	0.24894908081657613	0.27219650662093253	0.2545281263754306	0.22542900460783674	0.21830655498939353	0.2171646450541514	0.0	0.20357623637178515	0.25751521240343145	0.28389738101069	0.24416694038129924	0.1709403056814982	0.2592525478973806	0.24144831272930894	0.287192706806619	0.2740270495754086	0.3375017054948752	0.29176164552510636	0.313471542669529	0.31409091485856716	0.3509751391299695	0.34087057298407086	0.39469142609853924	0.30991360245301747	0.35099778118143793	0.3010293623637659	0.33491139398764863	0.3216555462674227	0.3363748696487408	0.32344547980758886	0.2968394726955526	0.354202306207488	0.324086390427255	0.3201455130037025	0.3214405680898072	0.3123696412085267	0.31801535165599143	0.3481059230821471	0.32113577938506793	0.3946939285222896	0.3581931248501663	0.24972014114122645	0.27437915674819574	0.24323392821499967	0.2432980185262545	0.23912295378529552	0.2617931411179211	0.28651501671072865	0.31263011163949167	0.3089833602955214	0.3053024263685987	0.33956291965582575	0.35171633455777085	0.3026412984948821	0.3065065716150165	0.29652745230704697	0.2481136867528939	0.28352958079229484	0.2716487870225018	0.2490942828769738	0.2798063156023477	0.276772777898568
F14H1A	0.4497028310826382	0.42115328944081853	0.4329583772803711	0.4508884155110817	0.4431874493837338	0.4229698095499161	0.42151998477906766	0.4251509726646899	0.4134753358546419	0.401325821218436	0.4245732470227925	0.40690486677729054	0.37780574500969666	0.37068329539125344	0.36954138545601134	0.20357623637178515	0.0	0.15685279630462112	0.1832349649118797	0.14350452428248894	0.09497896949063947	0.1832912117065219	0.16548697653845024	0.21123137061576028	0.19806571338454984	0.2615403693040164	0.2158003093342476	0.23751020647867024	0.2381295786677084	0.2750138029391108	0.2649092367932121	0.3187300899076805	0.23395226626215873	0.27503644499057917	0.22506802617290714	0.2589500577967899	0.24569421007656397	0.2604135334578821	0.24748414361673013	0.2208781365046939	0.2782409700166293	0.2481250542363963	0.24418417681284377	0.24547923189894844	0.236408305017668	0.24205401546513272	0.2721445868912884	0.2451744431942092	0.3187325923314309	0.28223178865930754	0.17375880495036772	0.19841782055733703	0.39561066861685956	0.3956747589281144	0.3914996941871554	0.41416988151978107	0.43889175711258854	0.4650068520413516	0.4613601006973814	0.4576791667704586	0.4919396600576857	0.5040930749596308	0.4550180388967421	0.45888331201687643	0.4489041927089069	0.40049042715475386	0.4359063211941548	0.4240255274243617	0.4014710232788337	0.43218305600420764	0.42914951830042797
S18H1	0.5036418071142845	0.47509226547246486	0.48689735331201744	0.504827391542728	0.4971264254153801	0.4769087855815624	0.475458960810714	0.4790899486963362	0.46741431188628824	0.45526479725008234	0.4785122230544388	0.46084384280893687	0.431744721041343	0.42462227142289977	0.42348036148765766	0.25751521240343145	0.15685279630462112	0.0	0.21915963457786797	0.17942919394847717	0.14891794552228574	0.23723018773816817	0.2194259525700965	0.2651703466474066	0.25200468941619614	0.3154793453356627	0.26973928536589387	0.29144918251031654	0.29206855469935467	0.3289527789707571	0.3188482128248584	0.3726690659393268	0.287891242293805	0.32897542102222543	0.27900700220455343	0.3128890338284362	0.29963318610821027	0.31435250948952836	0.3014231196483764	0.27481711253634017	0.33217994604827555	0.30206403026804257	0.29812315284449004	0.2994182079305947	0.2903472810493143	0.295992991496779	0.32608356292293467	0.2991134192258555	0.3726715683630772	0.33617076469095386	0.227697780982014	0.2523567965889833	0.4495496446485059	0.4496137349597607	0.44543867021880174	0.4681088575514274	0.49283073314423487	0.5189458280729979	0.5152990767290277	0.5116181428021049	0.5458786360893321	0.5580320509912771	0.5089570149283884	0.5128222880485227	0.5028431687405532	0.4544294031864002	0.4898452972258011	0.47796450345600805	0.45540999931048004	0.48612203203585397	0.4830884943320743
31267	0.530023975721543	0.5014744340797234	0.513279521919276	0.5312095601499865	0.5235085940226386	0.5032909541888209	0.5018411294179724	0.5054721173035948	0.49379648049354674	0.48164696585734085	0.5048943916616973	0.48722601141619537	0.4581268896486015	0.45100444003015827	0.44986253009491617	0.28389738101069	0.1832349649118797	0.21915963457786797	0.0	0.19294417629944557	0.17530011412954433	0.26361235634542673	0.24580812117735507	0.29155251525466513	0.2783868580234547	0.3418615139429213	0.2961214539731525	0.3178313511175751	0.3184507233066133	0.35533494757801565	0.345230381432117	0.39905123454658536	0.3142734109010636	0.35535758962948405	0.305389170811812	0.33927120243569475	0.32601535471546883	0.3407346780967869	0.327805288255635	0.30119928114359873	0.3585621146555341	0.32844619887530113	0.3245053214517486	0.3258003765378533	0.31672944965657285	0.32237516010403755	0.3524657315301932	0.32549558783311405	0.39905373697033575	0.3625529332982124	0.2540799495892726	0.27873896519624186	0.4759318132557644	0.4759959035670192	0.47182083882606024	0.4944910261586859	0.5192129017514934	0.5453279966802564	0.5416812453362863	0.5380003114093634	0.5722608046965906	0.5844142195985356	0.5353391835356469	0.5392044566557812	0.5292253373478117	0.4808115717936587	0.5162274658330597	0.5043466720632666	0.48179216791773855	0.5125042006431124	0.5094706629393327
S9H1	0.4902935350921523	0.46174399345033257	0.4735490812898852	0.4914791195205958	0.4837781533932478	0.4635605135594302	0.46211068878858175	0.46574167667420396	0.454066039864156	0.4419165252279501	0.46516395103230657	0.4474955707868046	0.41839644901921075	0.41127399940076753	0.41013208946552543	0.24416694038129924	0.14350452428248894	0.17942919394847717	0.19294417629944557	0.0	0.13556967350015356	0.223881915716036	0.20607768054796433	0.2518220746252744	0.23865641739406393	0.3021310733135305	0.2563910133437617	0.2781009104881843	0.2787202826772225	0.31560450694862485	0.30549994080272624	0.3593207939171946	0.27454297027167285	0.31562714900009325	0.26565873018242125	0.299540761806304	0.28628491408607804	0.30100423746739613	0.28807484762624425	0.261468840514208	0.3188316740261433	0.2887157582459104	0.28477488082235786	0.2860699359084625	0.2769990090271821	0.2826447194746468	0.3127352909008025	0.28576514720372326	0.35932329634094495	0.3228224926688217	0.2143495089598818	0.23900852456685112	0.43620137262637365	0.43626546293762847	0.4320903981966695	0.45476058552929516	0.4794824611221027	0.5055975560508656	0.5019508047068955	0.49826987077997276	0.5325303640671998	0.5446837789691449	0.4956087429062561	0.4994740160263905	0.489494896718421	0.44108113116426795	0.4764970252036689	0.4646162314338758	0.4420617272883478	0.47277376001372173	0.46974022230994206
S16H2	0.4170669003923513	0.3885173587505316	0.4003224465900842	0.4182524848207948	0.41055151869344686	0.39033387885962917	0.38888405408878074	0.39251504197440296	0.380839405164355	0.3686898905281491	0.39193731633250556	0.3742689360870036	0.34516981431940974	0.3380473647009665	0.3369054547657244	0.1709403056814982	0.09497896949063947	0.14891794552228574	0.17530011412954433	0.13556967350015356	0.0	0.12602232723346665	0.108218092065395	0.15396248614270505	0.14079682891149461	0.2042714848309612	0.15853142486119237	0.18024132200561502	0.18086069419465317	0.21774491846605556	0.2076403523201569	0.26146120543462525	0.1766833817891035	0.21776756051752394	0.1677991416998519	0.2016811733237347	0.18842532560350875	0.20314464898482684	0.1902152591436749	0.16360925203163867	0.22097208554357403	0.19085616976334108	0.18691529233978854	0.1882103474258932	0.17913942054461277	0.1847851309920775	0.21487570241823317	0.18790555872115397	0.26146370785837564	0.22496290418625234	0.11648992047731249	0.1411489360842818	0.36297473792657264	0.36303882823782746	0.3588637634968685	0.38153395082949415	0.4062558264223016	0.4323709213510647	0.4287241700070945	0.4250432360801717	0.45930372936739877	0.4714571442693439	0.42238210820645516	0.4262473813265895	0.41626826201862	0.36785449646446694	0.40327039050386787	0.3913895967340748	0.3688350925885468	0.3995471253139207	0.39651358761014105
S21H1	0.5053791426082337	0.476829600966414	0.4886346888059666	0.5065647270366772	0.49886376090932927	0.4786461210755116	0.47719629630466315	0.48082728419028536	0.4691516473802374	0.4570021327440315	0.48024955854838797	0.46258117830288603	0.43348205653529215	0.42635960691684893	0.42521769698160683	0.2592525478973806	0.1832912117065219	0.23723018773816817	0.26361235634542673	0.223881915716036	0.12602232723346665	0.0	0.13005915251900307	0.17580354659631314	0.1626378893651027	0.22611254528456928	0.18037248531480046	0.2020823824592231	0.20270175464826126	0.23958597891966366	0.229481412773765	0.2833022658882334	0.1985244422427116	0.23960862097113203	0.18964020215346	0.2235222337773428	0.21026638605711684	0.22498570943843493	0.212056319597283	0.1854503124852468	0.24281314599718212	0.21269723021694917	0.20875635279339663	0.2100514078795013	0.20098048099822086	0.2066261914456856	0.23671676287184126	0.20974661917476206	0.2833047683119837	0.24680396463986043	0.190721996289255	0.21538101189622436	0.45128698014245505	0.45135107045370987	0.4471760057127509	0.46984619304537656	0.49456806863818403	0.5206831635669471	0.5170364122229769	0.5133554782960541	0.5476159715832812	0.5597693864852262	0.5106943504223376	0.5145596235424719	0.5045805042345024	0.45616673868034935	0.4915826327197503	0.4797018389499572	0.4571473348044292	0.48785936752980313	0.48482582982602346
S1Hp	0.48757490744016196	0.4590253657983423	0.4708304536378949	0.4887604918686055	0.48105952574125754	0.46084188590743985	0.4593920611365914	0.46302304902221364	0.4513474122121657	0.4391978975759598	0.46244532338031624	0.4447769431348143	0.4156778213672204	0.4085553717487772	0.4074134618135351	0.24144831272930894	0.16548697653845024	0.2194259525700965	0.24580812117735507	0.20607768054796433	0.108218092065395	0.13005915251900307	0.0	0.11648477917213235	0.10331912194092194	0.1667937778603885	0.12105371789061967	0.1427636150350423	0.14338298722408047	0.18026721149548286	0.1701626453495842	0.22398349846405255	0.1392056748185308	0.18028985354695123	0.13032143472927923	0.164203466353162	0.15094761863293604	0.16566694201425414	0.1527375521731022	0.126131545061066	0.18349437857300133	0.15337846279276837	0.14943758536921584	0.1507326404553205	0.14166171357404006	0.1473074240215048	0.17739799544766047	0.15042785175058127	0.22398600088780293	0.18748519721567963	0.17291776112118334	0.1975767767281527	0.4334827449743833	0.43354683528563814	0.4293717705446792	0.45204195787730483	0.4767638334701123	0.5028789283988754	0.4992321770549052	0.4955512431279824	0.5298117364152095	0.5419651513171546	0.49289011525426585	0.4967553883744002	0.4867762690664307	0.4383625035122776	0.47377839755167855	0.4618976037818855	0.4393430996363575	0.4700551323617314	0.46702159465795173
S22Hp	0.5333193015174721	0.5047697598756524	0.516574847715205	0.5345048859459156	0.5268039198185677	0.5065862799847499	0.5051364552139015	0.5087674430995237	0.4970918062894758	0.4849422916532699	0.5081897174576263	0.49052133721212443	0.46142221544453055	0.45429976582608733	0.45315785589084523	0.287192706806619	0.21123137061576028	0.2651703466474066	0.29155251525466513	0.2518220746252744	0.15396248614270505	0.17580354659631314	0.11648477917213235	0.0	0.1089828792233371	0.17245753514280368	0.12671747517303486	0.14842737231745748	0.14904674450649566	0.18593096877789803	0.17582640263199936	0.22964725574646774	0.144869432100946	0.18595361082936643	0.1359851920116944	0.16986722363557716	0.1566113759153512	0.17133069929666933	0.1584013094555174	0.13179530234348116	0.18915813585541652	0.15904222007518357	0.15510134265163103	0.15639639773773567	0.14732547085645523	0.15297118130391998	0.18306175273007566	0.15609160903299643	0.22964975817021813	0.19314895449809483	0.2186621551984934	0.24332117080546276	0.47922713905169345	0.47929122936294827	0.4751161646219893	0.49778635195461496	0.5225082275474224	0.5486233224761855	0.5449765711322153	0.5412956372052925	0.5755561304925196	0.5877095453944647	0.538634509331576	0.5424997824517103	0.5325206631437408	0.48410689758958775	0.5195227916289887	0.5076419978591956	0.4850874937136676	0.5157995264390415	0.5127659887352618
S26Hp	0.5201536442862617	0.491604102644442	0.5034091904839946	0.5213392287147052	0.5136382625873572	0.49342062275353954	0.4919707979826911	0.4956017858683133	0.48392614905826536	0.47177663442205947	0.49502406022641593	0.477355679980914	0.4482565582133201	0.4411341085948769	0.4399921986596348	0.2740270495754086	0.19806571338454984	0.25200468941619614	0.2783868580234547	0.23865641739406393	0.14079682891149461	0.1626378893651027	0.10331912194092194	0.1089828792233371	0.0	0.10939288409592805	0.06365282412615923	0.08536272127058186	0.08598209345962003	0.14405856874353692	0.13395400259763826	0.18777485571210661	0.10299703206658486	0.1440812107950053	0.0941127919773333	0.12799482360121606	0.11473897588099011	0.1294582992623082	0.11652890942115626	0.08992290230912006	0.1472857358210554	0.11716982004082244	0.1132289426172699	0.11452399770337457	0.10545307082209412	0.11109878126955886	0.14118935269571453	0.11421920899863533	0.187777358135857	0.1512765544637337	0.20549649796728298	0.23015551357425232	0.466061481820483	0.46612557213173783	0.46195050739077886	0.4846206947234045	0.509342570316212	0.5354576652449751	0.5318109139010049	0.5281299799740821	0.5623904732613092	0.5745438881632543	0.5254688521003655	0.5293341252204998	0.5193550059125304	0.4709412403583773	0.5063571343977783	0.4944763406279852	0.47192183648245717	0.502633869207831	0.4996003315040514
S27H1	0.5836283002057281	0.5550787585639085	0.566883846403461	0.5848138846341717	0.5771129185068237	0.556895278673006	0.5554454539021576	0.5590764417877798	0.5474008049777319	0.5352512903415261	0.5584987161458824	0.5408303359003805	0.5117312141327867	0.5046087645143434	0.5034668545791013	0.3375017054948752	0.2615403693040164	0.3154793453356627	0.3418615139429213	0.3021310733135305	0.2042714848309612	0.22611254528456928	0.1667937778603885	0.17245753514280368	0.10939288409592805	0.0	0.08878218079812833	0.11049207794255096	0.11111145013158913	0.2075332246630035	0.19742865851710484	0.25124951163157316	0.16647168798605144	0.20755586671447188	0.15758744789679985	0.1914694795206826	0.17821363180045668	0.19293295518177478	0.18000356534062284	0.15339755822858664	0.21076039174052197	0.180644475960289	0.17670359853673648	0.17799865362284112	0.1689277267415607	0.17457343718902543	0.2046640086151811	0.1776938649181019	0.25125201405532355	0.21475121038320028	0.2689711538867496	0.2936301694937189	0.5295361377399496	0.5296002280512044	0.5254251633102455	0.548095350642871	0.5728172262356785	0.5989323211644415	0.5952855698204713	0.5916046358935486	0.6258651291807756	0.6380185440827207	0.588943508019832	0.5928087811399664	0.5828296618319968	0.5344158962778438	0.5698317903172447	0.5579509965474516	0.5353964924019237	0.5661085251272976	0.5630749874235179
F23HpA	0.5378882402359594	0.5093386985941397	0.5211437864336923	0.5390738246644029	0.531372858537055	0.5111552187032372	0.5097053939323888	0.513336381818011	0.5016607450079631	0.4895112303717572	0.5127586561761136	0.4950902759306117	0.46599115416301784	0.4588687045445746	0.4577267946093325	0.29176164552510636	0.2158003093342476	0.26973928536589387	0.2961214539731525	0.2563910133437617	0.15853142486119237	0.18037248531480046	0.12105371789061967	0.12671747517303486	0.06365282412615923	0.08878218079812833	0.0	0.04926861584641162	0.0498879880354498	0.16179316469323465	0.151688598547336	0.20550945166180434	0.12073162801628262	0.16181580674470306	0.11184738792703103	0.14572941955091379	0.13247357183068784	0.14719289521200596	0.13426350537085402	0.10765749825881779	0.16502033177075312	0.1349044159905202	0.13096353856696766	0.1322585936530723	0.12318766677179185	0.1288333772192566	0.1589239486454123	0.13195380494833306	0.20551195408555473	0.16901115041343145	0.22323109391698076	0.24789010952395008	0.48379607777018074	0.48386016808143556	0.4796851033404766	0.5023552906731023	0.5270771662659097	0.5531922611946728	0.5495455098507026	0.5458645759237798	0.5801250692110069	0.592278484112952	0.5432034480500633	0.5470687211701976	0.5370896018622281	0.48867583630807504	0.524091730347476	0.5122109365776829	0.4896564324321549	0.5203684651575288	0.5173349274537491
530331	0.559598137380382	0.5310485957385623	0.5428536835781149	0.5607837218088255	0.5530827556814776	0.5328651158476598	0.5314152910768114	0.5350462789624337	0.5233706421523857	0.5112211275161799	0.5344685533205362	0.5168001730750343	0.48770105130744046	0.48057860168899724	0.47943669175375514	0.313471542669529	0.23751020647867024	0.29144918251031654	0.3178313511175751	0.2781009104881843	0.18024132200561502	0.2020823824592231	0.1427636150350423	0.14842737231745748	0.08536272127058186	0.11049207794255096	0.04926861584641162	0.0	0.06408743451255419	0.1835030618376573	0.17339849569175864	0.227219348806227	0.14244152516070524	0.1835257038891257	0.13355728507145367	0.16743931669533643	0.15418346897511048	0.16890279235642858	0.15597340251527664	0.12936739540324044	0.18673022891517577	0.15661431313494284	0.1526734357113903	0.15396849079749494	0.1448975639162145	0.15054327436367926	0.18063384578983493	0.1536637020927557	0.22722185122997737	0.19072104755785407	0.24494099106140338	0.2696000066683727	0.5055059749146034	0.5055700652258582	0.5013950004848993	0.5240651878175249	0.5487870634103323	0.5749021583390954	0.5712554069951252	0.5675744730682024	0.6018349663554295	0.6139883812573745	0.5649133451944859	0.5687786183146202	0.5587994990066507	0.5103857334524976	0.5458016274918986	0.5339208337221055	0.5113663295765775	0.5420783623019514	0.5390448245981717
