	31700	530451	31328	S28Hp	S15Hp	S4Hp	S22Hp	530075	31750	31071	31267	F1H1	S1Hp	w18pp	f7pp	w26pp	31232	f16ppA	w20pp	530227	f1pp	S19H1	w8pp	31160	530154	530055	31519	530315	530177	31333	530444	530258	31236	530331	S7Hp	31723	31600	530295	530119	F32H1	530368
31700	0.0	0.04936039421151467	0.052822120118419746	0.12794289375101453	0.18625087304971777	0.2524180440978903	0.27311654904896066	0.2605338354675324	0.25585275031211085	0.26033915298833193	0.2834576315247432	0.2813535608787833	0.22975534472261827	0.231370171927681	0.21474015611520053	0.22933231797153153	0.266473227767536	0.22797146238901322	0.22490967874371665	0.29086512678444393	0.22267852666115284	0.27364423283428435	0.23183076118522794	0.26992027389559825	0.3055449409700254	0.24318497699975355	0.2464727403353188	0.2711259246208411	0.2723148159205324	0.22961501551706193	0.2597298290762988	0.27034303318222924	0.28017973579889754	0.25761617900366884	0.19407316008747522	0.1512982043043975	0.16243936117916224	0.15438513514316787	0.09084360083870235	0.0833045720040755	0.07879322526662406
530451	0.04936039421151467	0.0	0.01063888405350309	0.14674228668915765	0.20505026598786089	0.2712174370360334	0.2919159419871038	0.27933322840567554	0.274652143250254	0.279138545926475	0.3022570244628863	0.30015295381692647	0.24855473766076142	0.25016956486582415	0.23353954905334365	0.24813171090967465	0.28527262070567916	0.24677085532715634	0.24370907168185976	0.3096645197225871	0.241477919599296	0.29244362577242744	0.2506301541233711	0.2887196668337414	0.3243443339081685	0.2619843699378967	0.2652721332734619	0.28992531755898426	0.29111420885867556	0.24841440845520504	0.27852922201444197	0.2891424261203724	0.2989791287370407	0.276415571941812	0.21287255302561836	0.17009759724254062	0.1812387541173054	0.17318452808131102	0.10964299377684548	0.10210396494221863	0.0975926182047672
31328	0.052822120118419746	0.01063888405350309	0.0	0.15020401259606272	0.20851199189476596	0.2746791629429385	0.2953776678940089	0.2827949543125806	0.2781138691571591	0.2826002718333801	0.3057187503697914	0.30361467972383155	0.2520164635676665	0.2536312907727292	0.23700127496024873	0.25159343681657975	0.28873434661258424	0.25023258123406145	0.24717079758876484	0.31312624562949215	0.24493964550620106	0.2959053516793325	0.25409188003027616	0.2921813927406465	0.3278060598150736	0.2654460958448018	0.26873385918036696	0.29338704346588934	0.29457593476558064	0.2518761343621101	0.28199094792134705	0.29260415202727746	0.30244085464394577	0.27987729784871707	0.21633427893252344	0.1735593231494457	0.18470048002421047	0.1766462539882161	0.11310471968375056	0.1055656908491237	0.10105434411167227
S28Hp	0.12794289375101453	0.14674228668915765	0.15020401259606272	0.0	0.14320283328155203	0.20937000432972458	0.23006850928079495	0.21748579569936666	0.21280471054394515	0.2172911132201662	0.24040959175657747	0.23830552111061762	0.18670730495445256	0.1883221321595153	0.1716921163470348	0.1862842782033658	0.2234251879993703	0.1849234226208475	0.1818616389755509	0.24781708701627825	0.17963048689298713	0.23059619306611862	0.1887827214170622	0.22687223412743251	0.26249690120185964	0.20013693723158785	0.20342470056715306	0.2280778848526754	0.22926677615236668	0.1865669757488962	0.2166817893081331	0.22729499341406353	0.2371316960307318	0.21456813923550314	0.15102512031930954	0.1722796987276316	0.18342085560239638	0.17536662956640203	0.1544077432389213	0.14686871440429447	0.14235736766684304
S15Hp	0.18625087304971777	0.20505026598786089	0.20851199189476596	0.14320283328155203	0.0	0.18525640853923275	0.20595491349030315	0.19337219990887483	0.18869111475345335	0.19317751742967437	0.21629599596608567	0.21419192532012582	0.16259370916396076	0.1642085363690235	0.147578520556543	0.162170682412874	0.1993115922088785	0.1608098268303557	0.15774804318505908	0.22370349122578642	0.15551689110249534	0.2064825972756268	0.1646691256265704	0.2027586383369407	0.23838330541136787	0.17602334144109605	0.17931110477666123	0.2039642890621836	0.20515318036187485	0.16245337995840436	0.19256819351764126	0.20318139762357174	0.21301810024023998	0.19045454344501134	0.15852266850168434	0.23058767802633484	0.24172883490109962	0.23367460886510527	0.21271572253762455	0.2051766937029977	0.20066534696554628
S4Hp	0.2524180440978903	0.2712174370360334	0.2746791629429385	0.20937000432972458	0.18525640853923275	0.0	0.2615587226903697	0.2489760091089414	0.2442949239535199	0.24878132662974095	0.2718998051661522	0.26979573452019234	0.21819751836402732	0.21981234556909007	0.20318232975660955	0.21777449161294055	0.2549154014089451	0.21641363603042224	0.21335185238512566	0.279307300425853	0.21112070030256191	0.26208640647569337	0.22027293482663696	0.25836244753700727	0.29398711461143445	0.2316271506411626	0.2349149139767278	0.25956809826225014	0.26075698956194143	0.21805718915847094	0.24817200271770784	0.25878520682363826	0.26862190944030656	0.2460583526450779	0.22468983954985688	0.2967548490745074	0.30789600594927213	0.2998417799132778	0.2788828935857971	0.2713438647511703	0.2668325180137188
S22Hp	0.27311654904896066	0.2919159419871038	0.2953776678940089	0.23006850928079495	0.20595491349030315	0.2615587226903697	0.0	0.2532555847268894	0.24857449957146788	0.25306090224768896	0.2761793807841002	0.27407531013814035	0.2224770939819753	0.22409192118703805	0.20746190537455755	0.22205406723088855	0.25919497702689304	0.22069321164837025	0.21763142800307367	0.28358687604380095	0.2154002759205099	0.2663659820936414	0.22455251044458496	0.2701699508671206	0.3057946179415478	0.24343465397127595	0.24672241730684116	0.2713756015923635	0.27256449289205475	0.2298646924885843	0.25997950604782116	0.27059271015375164	0.2804294127704199	0.25786585597519124	0.24538834450092725	0.3174533540255777	0.32859451090034253	0.32054028486434816	0.2995813985368675	0.2920423697022407	0.2875310229647892
530075	0.2605338354675324	0.27933322840567554	0.2827949543125806	0.21748579569936666	0.19337219990887483	0.2489760091089414	0.2532555847268894	0.0	0.1638428260522387	0.22588758866106817	0.24900606719747945	0.2469019965515196	0.19530378039535454	0.20626735405694407	0.1896373382444636	0.2042295001007946	0.2413704098967991	0.2028686445182763	0.1998068608729797	0.265762308913707	0.19757570879041592	0.24854141496354737	0.20672794331449101	0.2575872372856923	0.29321190436011946	0.23085194038984766	0.23413970372541287	0.25879288801093525	0.2599817793106265	0.217281978907156	0.2473967924663929	0.2580099965723234	0.2678466991889916	0.24528314239376295	0.23280563091949896	0.30487064044414947	0.31601179731891427	0.3079575712829199	0.2869986849554392	0.27945965612081236	0.2749483093833609
31750	0.25585275031211085	0.274652143250254	0.2781138691571591	0.21280471054394515	0.18869111475345335	0.2442949239535199	0.24857449957146788	0.1638428260522387	0.0	0.22120650350564666	0.24432498204205794	0.24222091139609808	0.19062269523993303	0.2015862689015226	0.18495625308904207	0.19954841494537306	0.23668932474137755	0.19818755936285476	0.19512577571755818	0.2610812237582855	0.19289462363499443	0.2438603298081259	0.20204685815906948	0.2529061521302708	0.288530819204698	0.22617085523442615	0.22945861856999136	0.2541118028555137	0.25530069415520495	0.2126008937517345	0.2427157073109714	0.25332891141690184	0.2631656140335701	0.24060205723834144	0.22812454576407745	0.3001895552887279	0.31133071216349273	0.30327648612749836	0.2823175998000177	0.2747785709653908	0.27026722422793936
31071	0.26033915298833193	0.279138545926475	0.2826002718333801	0.2172911132201662	0.19317751742967437	0.24878132662974095	0.25306090224768896	0.22588758866106817	0.22120650350564666	0.0	0.23758069403835397	0.2354766233923941	0.18387840723622906	0.20607267157774362	0.18944265576526315	0.20403481762159414	0.24117572741759863	0.20267396203907584	0.19961217839377923	0.26556762643450654	0.19738102631121546	0.2483467324843469	0.20653326083529056	0.25739255480649187	0.29301722188091905	0.2306572579106472	0.23394502124621241	0.25859820553173474	0.25978709683142603	0.21708729642795555	0.24720210998719244	0.25781531409312286	0.26765201670979116	0.2450884599145625	0.2326109484402985	0.304675957964949	0.31581711483971375	0.30776288880371944	0.2868040024762387	0.2792649736416119	0.27475362690416044
31267	0.2834576315247432	0.3022570244628863	0.3057187503697914	0.24040959175657747	0.21629599596608567	0.2718998051661522	0.2761793807841002	0.24900606719747945	0.24432498204205794	0.23758069403835397	0.0	0.2437213083417994	0.19212309218563434	0.2291911501141549	0.2125611343016744	0.2271532961580054	0.2642942059540099	0.22579244057548709	0.2227306569301905	0.28868610497091785	0.22049950484762673	0.27146521102075816	0.2296517393717018	0.28051103334290317	0.3161357004173303	0.2537757364470585	0.25706349978262366	0.28171668406814604	0.28290557536783734	0.24020577496436682	0.27032058852360374	0.28093379262953416	0.29077049524620247	0.26820693845097376	0.25572942697670975	0.3277944365013603	0.33893559337612505	0.3308813673401307	0.30992248101264996	0.30238345217802315	0.2978721054405717
F1H1	0.2813535608787833	0.30015295381692647	0.30361467972383155	0.23830552111061762	0.21419192532012582	0.26979573452019234	0.27407531013814035	0.2469019965515196	0.24222091139609808	0.2354766233923941	0.2437213083417994	0.0	0.176629889041744	0.22708707946819504	0.21045706365571454	0.22504922551204554	0.26219013530805	0.22368836992952723	0.22062658628423065	0.286582034324958	0.21839543420166688	0.2693611403747983	0.22754766872574195	0.2784069626969433	0.31403162977137045	0.2516716658010986	0.2549594291366638	0.2796126134221862	0.2808015047218775	0.23810170431840696	0.2682165178776439	0.2788297219835743	0.2886664246002426	0.2661028678050139	0.2536253563307499	0.32569036585540045	0.3368315227301652	0.32877729669417083	0.3078184103666901	0.3002793815320633	0.29576803479461183
S1Hp	0.22975534472261827	0.24855473766076142	0.2520164635676665	0.18670730495445256	0.16259370916396076	0.21819751836402732	0.2224770939819753	0.19530378039535454	0.19062269523993303	0.18387840723622906	0.19212309218563434	0.176629889041744	0.0	0.17548886331203	0.15885884749954948	0.17345100935588048	0.21059191915188497	0.17209015377336218	0.1690283701280656	0.23498381816879294	0.16679721804550185	0.2177629242186333	0.1759494525695769	0.22680874654077823	0.2624334136152054	0.20007344964493357	0.20336121298049878	0.22801439726602113	0.2292032885657124	0.1865034881622419	0.2166183017214788	0.22723150582740925	0.23706820844407753	0.21450465164884885	0.20202714017458487	0.27409214969923534	0.28523330657400014	0.2771790805380058	0.2562201942105251	0.24868116537589824	0.2441698186384468
w18pp	0.231370171927681	0.25016956486582415	0.2536312907727292	0.1883221321595153	0.1642085363690235	0.21981234556909007	0.22409192118703805	0.20626735405694407	0.2015862689015226	0.20607267157774362	0.2291911501141549	0.22708707946819504	0.17548886331203	0.0	0.05463851385674685	0.06923067571307784	0.1234443477855417	0.08494258240701891	0.09470322790903099	0.16065867594975833	0.09247207582646723	0.1434377819995987	0.1096110951029963	0.228423573745841	0.2640482408202681	0.2016882768499963	0.20497604018556154	0.22962922447108386	0.23081811577077516	0.18811831536730467	0.21823312892654156	0.22884633303247198	0.23868303564914028	0.21611947885391158	0.20364196737964763	0.27570697690429813	0.2868481337790629	0.2787939077430685	0.25783502141558784	0.25029599258096097	0.24578464584350954
f7pp	0.21474015611520053	0.23353954905334365	0.23700127496024873	0.1716921163470348	0.147578520556543	0.20318232975660955	0.20746190537455755	0.1896373382444636	0.18495625308904207	0.18944265576526315	0.2125611343016744	0.21045706365571454	0.15885884749954948	0.05463851385674685	0.0	0.04429514577498486	0.10681433197306121	0.06831256659453842	0.07807321209655049	0.14402866013727783	0.07584206001398675	0.1268077661871182	0.0929810792905158	0.21179355793336047	0.24741822500778765	0.18505826103751583	0.188346024373081	0.2129992086586034	0.21418809995829463	0.17148829955482414	0.20160311311406104	0.2122163172199915	0.22205301983665976	0.19948946304143111	0.1870119515671671	0.2590769610918176	0.27021811796658235	0.26216389193058803	0.24120500560310731	0.23366597676848047	0.22915463003102904
w26pp	0.22933231797153153	0.24813171090967465	0.25159343681657975	0.1862842782033658	0.162170682412874	0.21777449161294055	0.22205406723088855	0.2042295001007946	0.19954841494537306	0.20403481762159414	0.2271532961580054	0.22504922551204554	0.17345100935588048	0.06923067571307784	0.04429514577498486	0.0	0.1214064938293922	0.08290472845086941	0.09266537395288149	0.15862082199360883	0.09043422187031772	0.1413999280434492	0.10757324114684678	0.22638571978969146	0.26201038686411865	0.19965042289384682	0.202938186229412	0.2275913705149344	0.22878026181462563	0.18608046141115514	0.21619527497039204	0.2268084790763225	0.23664518169299076	0.2140816248977621	0.2016041134234981	0.2736691229481486	0.2848102798229134	0.27675605378691903	0.2557971674594383	0.24825813862481147	0.24374679188736004
31232	0.266473227767536	0.28527262070567916	0.28873434661258424	0.2234251879993703	0.1993115922088785	0.2549154014089451	0.25919497702689304	0.2413704098967991	0.23668932474137755	0.24117572741759863	0.2642942059540099	0.26219013530805	0.21059191915188497	0.1234443477855417	0.10681433197306121	0.1214064938293922	0.0	0.09962441168438024	0.12980628374888598	0.1957617317896133	0.1275751316663222	0.17854083783945368	0.14471415094285128	0.26352662958569595	0.29915129666012313	0.2367913326898513	0.24007909602541652	0.2647322803109389	0.2659211716106301	0.22322137120715965	0.2533361847663965	0.263949388872327	0.27378609148899524	0.2512225346937666	0.2387450232195026	0.3108100327441531	0.3219511896189179	0.3138969635829235	0.29293807725544285	0.28539904842081604	0.2808877016833646
f16ppA	0.22797146238901322	0.24677085532715634	0.25023258123406145	0.1849234226208475	0.1608098268303557	0.21641363603042224	0.22069321164837025	0.2028686445182763	0.19818755936285476	0.20267396203907584	0.22579244057548709	0.22368836992952723	0.17209015377336218	0.08494258240701891	0.06831256659453842	0.08290472845086941	0.09962441168438024	0.0	0.09130451837036319	0.15725996641109052	0.08907336628779941	0.1400390724609309	0.10621238556432848	0.22502486420717316	0.26064953128160034	0.19828956731132852	0.2015773306468937	0.22623051493241608	0.22741940623210732	0.18471960582863683	0.21483441938787373	0.2254476234938042	0.23528432611047245	0.2127207693152438	0.2002432578409798	0.2723082673656303	0.2834494242403951	0.2753951982044007	0.25443631187692	0.24689728304229316	0.24238593630484173
w20pp	0.22490967874371665	0.24370907168185976	0.24717079758876484	0.1818616389755509	0.15774804318505908	0.21335185238512566	0.21763142800307367	0.1998068608729797	0.19512577571755818	0.19961217839377923	0.2227306569301905	0.22062658628423065	0.1690283701280656	0.09470322790903099	0.07807321209655049	0.09266537395288149	0.12980628374888598	0.09130451837036319	0.0	0.11450511042262752	0.06977207536155901	0.12073778153469046	0.10315060191903189	0.22196308056187658	0.25758774763630377	0.1952277836660319	0.19851554700159713	0.22316873128711948	0.22435762258681075	0.18165782218334026	0.21177263574257715	0.2223858398485076	0.23222254246517587	0.2096589856699472	0.19718147419568322	0.2692464837203337	0.28038764059509846	0.27233341455910415	0.25137452823162343	0.24383549939699659	0.23932415265954515
530227	0.29086512678444393	0.3096645197225871	0.31312624562949215	0.24781708701627825	0.22370349122578642	0.279307300425853	0.28358687604380095	0.265762308913707	0.2610812237582855	0.26556762643450654	0.28868610497091785	0.286582034324958	0.23498381816879294	0.16065867594975833	0.14402866013727783	0.15862082199360883	0.1957617317896133	0.15725996641109052	0.11450511042262752	0.0	0.13572752340228633	0.18669322957541779	0.16910604995975922	0.2879185286026039	0.32354319567703105	0.2611832317067593	0.26447099504232446	0.28912417932784684	0.2903130706275381	0.2476132702240676	0.2777280837833045	0.28834128788923497	0.2981779905059032	0.2756144337106745	0.26313692223641055	0.33520193176106106	0.34634308863582586	0.3382888625998315	0.3173299762723507	0.3097909474377239	0.30527960070027244
f1pp	0.22267852666115284	0.241477919599296	0.24493964550620106	0.17963048689298713	0.15551689110249534	0.21112070030256191	0.2154002759205099	0.19757570879041592	0.19289462363499443	0.19738102631121546	0.22049950484762673	0.21839543420166688	0.16679721804550185	0.09247207582646723	0.07584206001398675	0.09043422187031772	0.1275751316663222	0.08907336628779941	0.06977207536155901	0.13572752340228633	0.0	0.10446235072773535	0.10091944983646814	0.21973192847931283	0.25535659555373996	0.19299663158346814	0.19628439491903338	0.2209375792045557	0.222126470504247	0.1794266701007765	0.2095414836600134	0.22015468776594382	0.22999139038261213	0.20742783358738343	0.19495032211311947	0.2670153316377699	0.2781564885125347	0.27010226247654034	0.24914337614905968	0.2416043473144328	0.23709300057698138
S19H1	0.27364423283428435	0.29244362577242744	0.2959053516793325	0.23059619306611862	0.2064825972756268	0.26208640647569337	0.2663659820936414	0.24854141496354737	0.2438603298081259	0.2483467324843469	0.27146521102075816	0.2693611403747983	0.2177629242186333	0.1434377819995987	0.1268077661871182	0.1413999280434492	0.17854083783945368	0.1400390724609309	0.12073778153469046	0.18669322957541779	0.10446235072773535	0.0	0.1518851560095996	0.2706976346524443	0.30632230172687147	0.24396233775659962	0.24725010109216483	0.27190328537768715	0.27309217667737845	0.23039237627390796	0.26050718983314486	0.2711203939390753	0.2809570965557436	0.25839353976051493	0.24591602828625092	0.3179810378109014	0.32912219468566617	0.32106796864967185	0.30010908232219113	0.2925700534875643	0.28805870675011286
w8pp	0.23183076118522794	0.2506301541233711	0.25409188003027616	0.1887827214170622	0.1646691256265704	0.22027293482663696	0.22455251044458496	0.20672794331449101	0.20204685815906948	0.20653326083529056	0.2296517393717018	0.22754766872574195	0.1759494525695769	0.1096110951029963	0.0929810792905158	0.10757324114684678	0.14471415094285128	0.10621238556432848	0.10315060191903189	0.16910604995975922	0.10091944983646814	0.1518851560095996	0.0	0.22888416300338787	0.26450883007781506	0.20214886610754323	0.20543662944310842	0.2300898137286308	0.23127870502832204	0.18857890462485155	0.21869371818408845	0.22930692229001892	0.23914362490668717	0.21658006811145852	0.2041025566371945	0.276167566161845	0.2873087230366098	0.27925449700061544	0.2582956106731347	0.25075658183850785	0.24624523510105645
31160	0.26992027389559825	0.2887196668337414	0.2921813927406465	0.22687223412743251	0.2027586383369407	0.25836244753700727	0.2701699508671206	0.2575872372856923	0.2529061521302708	0.25739255480649187	0.28051103334290317	0.2784069626969433	0.22680874654077823	0.228423573745841	0.21179355793336047	0.22638571978969146	0.26352662958569595	0.22502486420717316	0.22196308056187658	0.2879185286026039	0.21973192847931283	0.2706976346524443	0.22888416300338787	0.0	0.2937842500473845	0.2314242860771127	0.23471204941267793	0.2593652336982003	0.26055412499789155	0.21785432459442106	0.24796913815365795	0.2585823422595884	0.2684190448762567	0.245855488081028	0.24219206934756482	0.3142570788722153	0.3253982357469801	0.31734400971098575	0.29638512338350503	0.2888460945488782	0.28433474781142676
530154	0.3055449409700254	0.3243443339081685	0.3278060598150736	0.26249690120185964	0.23838330541136787	0.29398711461143445	0.3057946179415478	0.29321190436011946	0.288530819204698	0.29301722188091905	0.3161357004173303	0.31403162977137045	0.2624334136152054	0.2640482408202681	0.24741822500778765	0.26201038686411865	0.29915129666012313	0.26064953128160034	0.25758774763630377	0.32354319567703105	0.25535659555373996	0.30632230172687147	0.26450883007781506	0.2937842500473845	0.0	0.26041132139295126	0.26369908472851644	0.2883522690140388	0.2895411603137301	0.2468413599102596	0.2769561734694965	0.28756937757542694	0.29740608019209525	0.27484252339686654	0.277816736421992	0.34988174594664245	0.36102290282140725	0.3529686767854129	0.3320097904579322	0.3244707616233054	0.31995941488585394
530055	0.24318497699975355	0.2619843699378967	0.2654460958448018	0.20013693723158785	0.17602334144109605	0.2316271506411626	0.24343465397127595	0.23085194038984766	0.22617085523442615	0.2306572579106472	0.2537757364470585	0.2516716658010986	0.20007344964493357	0.2016882768499963	0.18505826103751583	0.19965042289384682	0.2367913326898513	0.19828956731132852	0.1952277836660319	0.2611832317067593	0.19299663158346814	0.24396233775659962	0.20214886610754323	0.2314242860771127	0.26041132139295126	0.0	0.1885057701366232	0.21315895442214552	0.2143478457218368	0.17164804531836633	0.20176285887760323	0.22231804118344523	0.23215474380011353	0.20959118700488485	0.21545677245172015	0.2875217819763707	0.29866293885113543	0.29060871281514106	0.2696498264876604	0.2621107976530335	0.25759945091558206
31519	0.2464727403353188	0.2652721332734619	0.26873385918036696	0.20342470056715306	0.17931110477666123	0.2349149139767278	0.24672241730684116	0.23413970372541287	0.22945861856999136	0.23394502124621241	0.25706349978262366	0.2549594291366638	0.20336121298049878	0.20497604018556154	0.188346024373081	0.202938186229412	0.24007909602541652	0.2015773306468937	0.19851554700159713	0.26447099504232446	0.19628439491903338	0.24725010109216483	0.20543662944310842	0.23471204941267793	0.26369908472851644	0.1885057701366232	0.0	0.17627044668169972	0.177459337981391	0.165488704684692	0.1956035182439289	0.22560580451901047	0.2354425071356787	0.21287895034045007	0.21874453578728537	0.29080954531193587	0.3019507021867006	0.2938964761507063	0.2729375898232256	0.2653985609885987	0.2608872142511473
530315	0.2711259246208411	0.28992531755898426	0.29338704346588934	0.2280778848526754	0.2039642890621836	0.25956809826225014	0.2713756015923635	0.25879288801093525	0.2541118028555137	0.25859820553173474	0.28171668406814604	0.2796126134221862	0.22801439726602113	0.22962922447108386	0.2129992086586034	0.2275913705149344	0.2647322803109389	0.22623051493241608	0.22316873128711948	0.28912417932784684	0.2209375792045557	0.27190328537768715	0.2300898137286308	0.2593652336982003	0.2883522690140388	0.21315895442214552	0.17627044668169972	0.0	0.08930114673336612	0.19014188897021433	0.22025670252945123	0.2502589888045328	0.26009569142120104	0.2375321346259724	0.24339772007280772	0.31546272959745825	0.326603886472223	0.3185496604362286	0.2975907741087479	0.2900517452741211	0.2855403985366696
530177	0.2723148159205324	0.29111420885867556	0.29457593476558064	0.22926677615236668	0.20515318036187485	0.26075698956194143	0.27256449289205475	0.2599817793106265	0.25530069415520495	0.25978709683142603	0.28290557536783734	0.2808015047218775	0.2292032885657124	0.23081811577077516	0.21418809995829463	0.22878026181462563	0.2659211716106301	0.22741940623210732	0.22435762258681075	0.2903130706275381	0.222126470504247	0.27309217667737845	0.23127870502832204	0.26055412499789155	0.2895411603137301	0.2143478457218368	0.177459337981391	0.08930114673336612	0.0	0.1913307802699056	0.2214455938291425	0.25144788010422403	0.26128458272089233	0.2387210259256637	0.24458661137249899	0.3166516208971495	0.3277927777719143	0.3197385517359199	0.2987796654084392	0.2912406365738124	0.2867292898363609
31333	0.22961501551706193	0.24841440845520504	0.2518761343621101	0.1865669757488962	0.16245337995840436	0.21805718915847094	0.2298646924885843	0.217281978907156	0.2126008937517345	0.21708729642795555	0.24020577496436682	0.23810170431840696	0.1865034881622419	0.18811831536730467	0.17148829955482414	0.18608046141115514	0.22322137120715965	0.18471960582863683	0.18165782218334026	0.2476132702240676	0.1794266701007765	0.23039237627390796	0.18857890462485155	0.21785432459442106	0.2468413599102596	0.17164804531836633	0.165488704684692	0.19014188897021433	0.1913307802699056	0.0	0.1739787935083451	0.2087480797007536	0.21858478231742184	0.1960212255221932	0.2018868109690285	0.273951820493679	0.28509297736844375	0.27703875133244943	0.2560798650049687	0.24854083617034187	0.24402948943289043
530444	0.2597298290762988	0.27852922201444197	0.28199094792134705	0.2166817893081331	0.19256819351764126	0.24817200271770784	0.25997950604782116	0.2473967924663929	0.2427157073109714	0.24720210998719244	0.27032058852360374	0.2682165178776439	0.2166183017214788	0.21823312892654156	0.20160311311406104	0.21619527497039204	0.2533361847663965	0.21483441938787373	0.21177263574257715	0.2777280837833045	0.2095414836600134	0.26050718983314486	0.21869371818408845	0.24796913815365795	0.2769561734694965	0.20176285887760323	0.1956035182439289	0.22025670252945123	0.2214455938291425	0.1739787935083451	0.0	0.2388628932599905	0.24869959587665874	0.2261360390814301	0.2320016245282654	0.3040666340529159	0.3152077909276807	0.3071535648916863	0.2861946785642056	0.2786556497295788	0.27414430299212733
530258	0.27034303318222924	0.2891424261203724	0.29260415202727746	0.22729499341406353	0.20318139762357174	0.25878520682363826	0.27059271015375164	0.2580099965723234	0.25332891141690184	0.25781531409312286	0.28093379262953416	0.2788297219835743	0.22723150582740925	0.22884633303247198	0.2122163172199915	0.2268084790763225	0.263949388872327	0.2254476234938042	0.2223858398485076	0.28834128788923497	0.22015468776594382	0.2711203939390753	0.22930692229001892	0.2585823422595884	0.28756937757542694	0.22231804118344523	0.22560580451901047	0.2502589888045328	0.25144788010422403	0.2087480797007536	0.2388628932599905	0.0	0.2500427345226829	0.22747917772745424	0.24261482863419584	0.31467983815884637	0.3258209950336111	0.31776676899761674	0.296807882670136	0.2892688538355092	0.28475750709805775
31236	0.28017973579889754	0.2989791287370407	0.30244085464394577	0.2371316960307318	0.21301810024023998	0.26862190944030656	0.2804294127704199	0.2678466991889916	0.2631656140335701	0.26765201670979116	0.29077049524620247	0.2886664246002426	0.23706820844407753	0.23868303564914028	0.22205301983665976	0.23664518169299076	0.27378609148899524	0.23528432611047245	0.23222254246517587	0.2981779905059032	0.22999139038261213	0.2809570965557436	0.23914362490668717	0.2684190448762567	0.29740608019209525	0.23215474380011353	0.2354425071356787	0.26009569142120104	0.26128458272089233	0.21858478231742184	0.24869959587665874	0.2500427345226829	0.0	0.22783331902728415	0.2524515312508641	0.3245165407755146	0.3356576976502794	0.32760347161428505	0.3066445852868043	0.2991055564521775	0.29459420971472605
530331	0.25761617900366884	0.276415571941812	0.27987729784871707	0.21456813923550314	0.19045454344501134	0.2460583526450779	0.25786585597519124	0.24528314239376295	0.24060205723834144	0.2450884599145625	0.26820693845097376	0.2661028678050139	0.21450465164884885	0.21611947885391158	0.19948946304143111	0.2140816248977621	0.2512225346937666	0.2127207693152438	0.2096589856699472	0.2756144337106745	0.20742783358738343	0.25839353976051493	0.21658006811145852	0.245855488081028	0.27484252339686654	0.20959118700488485	0.21287895034045007	0.2375321346259724	0.2387210259256637	0.1960212255221932	0.2261360390814301	0.22747917772745424	0.22783331902728415	0.0	0.22988797445563544	0.3019529839802859	0.3130941408550507	0.30503991481905635	0.2840810284915757	0.2765419996569488	0.27203065291949735
S7Hp	0.19407316008747522	0.21287255302561836	0.21633427893252344	0.15102512031930954	0.15852266850168434	0.22468983954985688	0.24538834450092725	0.23280563091949896	0.22812454576407745	0.2326109484402985	0.25572942697670975	0.2536253563307499	0.20202714017458487	0.20364196737964763	0.1870119515671671	0.2016041134234981	0.2387450232195026	0.2002432578409798	0.19718147419568322	0.26313692223641055	0.19495032211311947	0.24591602828625092	0.2041025566371945	0.24219206934756482	0.277816736421992	0.21545677245172015	0.21874453578728537	0.24339772007280772	0.24458661137249899	0.2018868109690285	0.2320016245282654	0.24261482863419584	0.2524515312508641	0.22988797445563544	0.0	0.23840996506409232	0.2495511219388571	0.24149689590286272	0.22053800957538205	0.21299898074075518	0.20848763400330375
31723	0.1512982043043975	0.17009759724254062	0.1735593231494457	0.1722796987276316	0.23058767802633484	0.2967548490745074	0.3174533540255777	0.30487064044414947	0.3001895552887279	0.304675957964949	0.3277944365013603	0.32569036585540045	0.27409214969923534	0.27570697690429813	0.2590769610918176	0.2736691229481486	0.3108100327441531	0.2723082673656303	0.2692464837203337	0.33520193176106106	0.2670153316377699	0.3179810378109014	0.276167566161845	0.3142570788722153	0.34988174594664245	0.2875217819763707	0.29080954531193587	0.31546272959745825	0.3166516208971495	0.273951820493679	0.3040666340529159	0.31467983815884637	0.3245165407755146	0.3019529839802859	0.23840996506409232	0.0	0.140572356186755	0.1477605688017013	0.17776305379230428	0.17022402495767744	0.165712678220226
31600	0.16243936117916224	0.1812387541173054	0.18470048002421047	0.18342085560239638	0.24172883490109962	0.30789600594927213	0.32859451090034253	0.31601179731891427	0.31133071216349273	0.31581711483971375	0.33893559337612505	0.3368315227301652	0.28523330657400014	0.2868481337790629	0.27021811796658235	0.2848102798229134	0.3219511896189179	0.2834494242403951	0.28038764059509846	0.34634308863582586	0.2781564885125347	0.32912219468566617	0.2873087230366098	0.3253982357469801	0.36102290282140725	0.29866293885113543	0.3019507021867006	0.326603886472223	0.3277927777719143	0.28509297736844375	0.3152077909276807	0.3258209950336111	0.3356576976502794	0.3130941408550507	0.2495511219388571	0.140572356186755	0.0	0.1589017256764661	0.18890421066706908	0.1813651818324422	0.17685383509499078
530295	0.15438513514316787	0.17318452808131102	0.1766462539882161	0.17536662956640203	0.23367460886510527	0.2998417799132778	0.32054028486434816	0.3079575712829199	0.30327648612749836	0.30776288880371944	0.3308813673401307	0.32877729669417083	0.2771790805380058	0.2787939077430685	0.26216389193058803	0.27675605378691903	0.3138969635829235	0.2753951982044007	0.27233341455910415	0.3382888625998315	0.27010226247654034	0.32106796864967185	0.27925449700061544	0.31734400971098575	0.3529686767854129	0.29060871281514106	0.2938964761507063	0.3185496604362286	0.3197385517359199	0.27703875133244943	0.3071535648916863	0.31776676899761674	0.32760347161428505	0.30503991481905635	0.24149689590286272	0.1477605688017013	0.1589017256764661	0.0	0.1808499846310747	0.17331095579644784	0.1687996090589964
530119	0.09084360083870235	0.10964299377684548	0.11310471968375056	0.1544077432389213	0.21271572253762455	0.2788828935857971	0.2995813985368675	0.2869986849554392	0.2823175998000177	0.2868040024762387	0.30992248101264996	0.3078184103666901	0.2562201942105251	0.25783502141558784	0.24120500560310731	0.2557971674594383	0.29293807725544285	0.25443631187692	0.25137452823162343	0.3173299762723507	0.24914337614905968	0.30010908232219113	0.2582956106731347	0.29638512338350503	0.3320097904579322	0.2696498264876604	0.2729375898232256	0.2975907741087479	0.2987796654084392	0.2560798650049687	0.2861946785642056	0.296807882670136	0.3066445852868043	0.2840810284915757	0.22053800957538205	0.17776305379230428	0.18890421066706908	0.1808499846310747	0.0	0.06817077770258777	0.06365943096513633
F32H1	0.0833045720040755	0.10210396494221863	0.1055656908491237	0.14686871440429447	0.2051766937029977	0.2713438647511703	0.2920423697022407	0.27945965612081236	0.2747785709653908	0.2792649736416119	0.30238345217802315	0.3002793815320633	0.24868116537589824	0.25029599258096097	0.23366597676848047	0.24825813862481147	0.28539904842081604	0.24689728304229316	0.24383549939699659	0.3097909474377239	0.2416043473144328	0.2925700534875643	0.25075658183850785	0.2888460945488782	0.3244707616233054	0.2621107976530335	0.2653985609885987	0.2900517452741211	0.2912406365738124	0.24854083617034187	0.2786556497295788	0.2892688538355092	0.2991055564521775	0.2765419996569488	0.21299898074075518	0.17022402495767744	0.1813651818324422	0.17331095579644784	0.06817077770258777	0.0	0.02704706979064154
530368	0.07879322526662406	0.0975926182047672	0.10105434411167227	0.14235736766684304	0.20066534696554628	0.2668325180137188	0.2875310229647892	0.2749483093833609	0.27026722422793936	0.27475362690416044	0.2978721054405717	0.29576803479461183	0.2441698186384468	0.24578464584350954	0.22915463003102904	0.24374679188736004	0.2808877016833646	0.24238593630484173	0.23932415265954515	0.30527960070027244	0.23709300057698138	0.28805870675011286	0.24624523510105645	0.28433474781142676	0.31995941488585394	0.25759945091558206	0.2608872142511473	0.2855403985366696	0.2867292898363609	0.24402948943289043	0.27414430299212733	0.28475750709805775	0.29459420971472605	0.27203065291949735	0.20848763400330375	0.165712678220226	0.17685383509499078	0.1687996090589964	0.06365943096513633	0.02704706979064154	0.0
