	S17H1	S19H1	S31Hp	31700	S16H2	F14H1B	S21H1	S28Hp	F14H1A	31071	31600	S9H1	S1Hp	31009	530331	S20H1	31267	31519	S27H1	31452	S6Hp	S4Hp	S25Hp	S11Hp	F23HpA	F8H1	F32H1	31750	S23Hp	S12Hp	S18H1	S26Hp	S15Hp	F29H1	s32pp	S13Hp	31160	S14Hp	31300	S3Hp	F6H1	F1H1	530055	31219	31328	S22Hp	F7H1
S17H1	0.0	0.4787444046970592	0.3519398852842419	0.3712335825546869	0.39702821991583037	0.4963002483671143	0.4840326931997557	0.4762556684781702	0.4001614794156265	0.39823165978620406	0.38057275446984046	0.44991690545338986	0.3278727385974375	0.44240724611026483	0.4651687595405018	0.35913920493961443	0.4045963850779349	0.49415106842771084	0.4838399869779943	0.5425695459467562	0.5410065978394949	0.5105878280643859	0.5679217759736257	0.5552078733732899	0.5420185531501196	0.5427927983388814	0.46957615229315985	0.4157135776165526	0.4763585885945413	0.38698194424515203	0.4401917359429331	0.4395516431364098	0.4013096891921314	0.4863692494605485	0.48436179390843664	0.48683768153873846	0.4009695401564895	0.42400980637268293	0.35705446775885885	0.376727216756955	0.20171873377102614	0.20029501008030268	0.17706950060814877	0.16616175654960622	0.19986401722048136	0.13766130727349177	0.08206685716292306
S19H1	0.4787444046970592	0.0	0.3138423059172956	0.3592840676300816	0.385078704991225	0.4843507334425089	0.47208317827515034	0.4643061535535648	0.38821196449102113	0.3862821448615987	0.3686232395452351	0.4379673905287844	0.31592322367283215	0.43045773118565944	0.4532192446158964	0.3471896900150091	0.3926468701533295	0.48220155350310545	0.47189047205338885	0.5306200310221508	0.5290570829148895	0.49863831313978046	0.5559722610490203	0.5432583584486845	0.5300690382255142	0.530843283414276	0.45762663736855447	0.4037640626919472	0.4644090736699359	0.3750324293205467	0.42824222101832765	0.42760212821180443	0.389360174267526	0.4744197345359431	0.4724122789838312	0.474888166614133	0.3890200252318841	0.41206029144807754	0.3859732306459174	0.4056459796440135	0.3489321059829542	0.39900189520928403	0.41499277800587675	0.43823203521175347	0.4719342958826286	0.43204316866811504	0.48666036211273633
S31Hp	0.3519398852842419	0.3138423059172956	0.0	0.2324795482172643	0.2582741855784077	0.3575462140296916	0.3452786588623331	0.3375016341407475	0.26140744507820385	0.2594776254487814	0.24181872013241787	0.3111628711159672	0.1891187042600149	0.3036532117728422	0.3264147252030791	0.22038517060219182	0.2658423507405122	0.35539703409028817	0.3450859526405716	0.40381551160933354	0.4022525635020722	0.3718337937269632	0.429167741636203	0.41645383903586725	0.4032645188126969	0.4040387640014587	0.3308221179557372	0.2769595432791299	0.33760455425711866	0.24822790990772944	0.3014377016055104	0.30079760879898715	0.2625556548547087	0.3476152151231258	0.345607759571014	0.3480836472013158	0.26221550581906683	0.28525577203526026	0.25916871123310015	0.27884146023119627	0.222127586570137	0.27219737579646675	0.28818825859305947	0.3114275157989361	0.3451297764698113	0.30523864925529776	0.359855842699919
31700	0.3712335825546869	0.3592840676300816	0.2324795482172643	0.0	0.2440235344050022	0.3432955628562861	0.3310280076889276	0.32325098296734206	0.24715679390479836	0.24522697427537593	0.22756806895901238	0.2969122199425617	0.1748680530866094	0.2894025605994367	0.31216407402967367	0.20613451942878636	0.25159169956710675	0.3411463829168827	0.3308353014671661	0.3895648604359281	0.3880019123286667	0.3575831425535577	0.41491709046279757	0.40220318786246173	0.38901386763929147	0.38978811282805326	0.3165714667823317	0.26270889210572446	0.338361840337539	0.24898519598814983	0.3021949876859308	0.3015548948794075	0.2633129409351291	0.3483725012035462	0.34636504565143433	0.34884093328173615	0.26297279189948725	0.2860130581156806	0.2784624085035452	0.2981351575016413	0.241421283840582	0.29149107306691174	0.30748195586350446	0.3307212130693812	0.3644234737402563	0.32453234652574275	0.37914953997036405
S16H2	0.39702821991583037	0.385078704991225	0.2582741855784077	0.2440235344050022	0.0	0.30102463734105434	0.318213042961081	0.31043601823949546	0.23434182917695176	0.2638874541141787	0.24622854879781514	0.31557269978136443	0.19352853292541217	0.3080630404382394	0.3308245538684764	0.22479499926758909	0.2702521794059095	0.3598068627556854	0.34949578130596887	0.4082253402747308	0.4066623921674694	0.3762436223923604	0.43357757030160027	0.42086366770126443	0.40767434747809417	0.40844859266685596	0.3352319466211344	0.28136937194452716	0.3641564776986824	0.27477983334929323	0.3279896250470742	0.3273495322405509	0.2891075782962725	0.3741671385646896	0.37215968301257774	0.37463557064287956	0.2887674292606306	0.311807695476824	0.3042570458646886	0.3239297948627847	0.2672159212017254	0.3172857104280552	0.3332765932246479	0.3565158504305246	0.39021811110139976	0.3503269838868862	0.40494417733150745
F14H1B	0.4963002483671143	0.4843507334425089	0.3575462140296916	0.3432955628562861	0.30102463734105434	0.0	0.41748507141236485	0.4097080466907793	0.33361385762823564	0.36315948256546254	0.345500577249099	0.4148447282326483	0.292800561376696	0.4073350688895233	0.4300965823197603	0.32406702771887297	0.36952420785719337	0.4590788912069693	0.4487678097572527	0.5074973687260147	0.5059344206187533	0.47551565084364433	0.5328495987528842	0.5201356961525483	0.5069463759293781	0.5077206211181399	0.43450397507241834	0.38064140039581107	0.4634285061499663	0.3740518618005771	0.4272616534983581	0.42662156069183477	0.38837960674755634	0.47343916701597344	0.47143171146386165	0.47390759909416347	0.3880394577119145	0.4110797239281079	0.4035290743159725	0.42320182331406864	0.3664879496530093	0.4165577388793391	0.43254862167593183	0.4557878788818085	0.48949013955268367	0.4495990123381701	0.5042162057827914
S21H1	0.4840326931997557	0.47208317827515034	0.3452786588623331	0.3310280076889276	0.318213042961081	0.41748507141236485	0.0	0.3505514283229787	0.274457239260435	0.35089192739810404	0.3332330220817405	0.40257717306528984	0.2805330062093375	0.3950675137221648	0.4178290271524018	0.31179947255151447	0.35725665268983486	0.44681133603961076	0.4365002545898943	0.49522981355865614	0.4936668654513948	0.4632480956762858	0.5205820435855256	0.5078681409851898	0.4946788207620195	0.4954530659507813	0.4222364199050598	0.3683738452284525	0.4511609509826078	0.3617843066332186	0.41499409833099954	0.4143540055244763	0.3761120515801979	0.461171611848615	0.4591641562965031	0.4616400439268049	0.375771902544556	0.39881216876074943	0.39126151914861396	0.4109342681467101	0.35422039448565074	0.40429018371198056	0.4202810665085733	0.44352032371444994	0.4772225843853251	0.43733145717081157	0.4919486506154328
S28Hp	0.4762556684781702	0.4643061535535648	0.3375016341407475	0.32325098296734206	0.31043601823949546	0.4097080466907793	0.3505514283229787	0.0	0.19822133616208232	0.3431149026765185	0.32545599736015496	0.39480014834370425	0.272755981487752	0.3872904890005793	0.41005200243081624	0.30402244782992893	0.34947962796824933	0.4390343113180253	0.4287232298683087	0.48745278883707066	0.48588984072980923	0.4554710709547003	0.5128050188639401	0.5000911162636043	0.48690179604043404	0.48767604122919583	0.4144593951834743	0.36059682050686703	0.44338392626102224	0.35400728191163305	0.40721707360941406	0.40657698080289073	0.3683350268586123	0.4533945871270294	0.4513871315749176	0.45386301920521943	0.36799487782297047	0.39103514403916384	0.38348449442702837	0.4031572434251245	0.3464433697640652	0.396513158990395	0.41250404178698774	0.43574329899286446	0.4694455596637396	0.42955443244922603	0.4841716258938473
F14H1A	0.4001614794156265	0.38821196449102113	0.26140744507820385	0.24715679390479836	0.23434182917695176	0.33361385762823564	0.274457239260435	0.19822133616208232	0.0	0.26702071361397484	0.2493618082976113	0.3187059592811606	0.19666179242520831	0.31119629993803555	0.33395781336827257	0.22792825876738523	0.27338543890570566	0.36294012225548156	0.352629040805765	0.41135859977452693	0.40979565166726556	0.37937688189215657	0.4367108298013964	0.4239969272010606	0.4108076069778903	0.4115818521666521	0.3383652061209306	0.2845026314443233	0.36728973719847857	0.2779130928490894	0.33112288454687033	0.33048279174034706	0.29224083779606863	0.37730039806448573	0.3752929425123739	0.3777688301426757	0.29190068876042674	0.31494095497662017	0.30739030536448475	0.3270630543625809	0.27034918070152153	0.32041896992785135	0.33640985272444407	0.35964910993032073	0.3933513706011959	0.35346024338668236	0.4080774368313036
31071	0.39823165978620406	0.3862821448615987	0.2594776254487814	0.24522697427537593	0.2638874541141787	0.36315948256546254	0.35089192739810404	0.3431149026765185	0.26702071361397484	0.0	0.11336628392792361	0.2912812330787806	0.16923706622282836	0.28377157373565565	0.3065330871658926	0.2005035325650053	0.2459607127033257	0.33551539605310166	0.32520431460338506	0.38393387357214703	0.3823709254648856	0.35195215568977667	0.4092861035990165	0.3965722009986806	0.3833828807755104	0.3841571259642722	0.31094047991855067	0.2570779052419434	0.3653599175690561	0.2759832732196669	0.32919306491744793	0.3285529721109246	0.2903110181666462	0.3753705784350633	0.3733631228829515	0.3758390105132533	0.28997086913100434	0.3130111353471977	0.30546048573506224	0.32513323473315836	0.26841936107209907	0.3184891502984289	0.3344800330950216	0.35771929030089833	0.39142155097177345	0.3515304237572599	0.4061476172018812
31600	0.38057275446984046	0.3686232395452351	0.24181872013241787	0.22756806895901238	0.24622854879781514	0.345500577249099	0.3332330220817405	0.32545599736015496	0.2493618082976113	0.11336628392792361	0.0	0.27362232776241713	0.1515781609064648	0.2661126684192921	0.28887418184952907	0.18284462724864176	0.22830180738696215	0.31785649073673805	0.30754540928702156	0.36627496825578343	0.3647120201485221	0.33429325037341306	0.3916271982826529	0.37891329568231713	0.3657239754591468	0.3664982206479086	0.29328157460218707	0.23941899992557983	0.34770101225269257	0.2583243679033034	0.3115341596010843	0.3108940667945611	0.2726521128502827	0.3577116731186998	0.3557042175665879	0.3581801051968897	0.2723119638146408	0.2953522300308342	0.28780158041869874	0.30747432941679487	0.2507604557557355	0.3008302449820653	0.316821127778658	0.3400603849845347	0.37376264565540984	0.3338715184408963	0.3884887118855176
S9H1	0.44991690545338986	0.4379673905287844	0.3111628711159672	0.2969122199425617	0.31557269978136443	0.4148447282326483	0.40257717306528984	0.39480014834370425	0.3187059592811606	0.2912812330787806	0.27362232776241713	0.0	0.1942954084915705	0.3088299160043978	0.3470057149696989	0.2409761603688116	0.286433340507132	0.37598802385690794	0.3656769424071914	0.4244065013759533	0.42284355326869194	0.39242478349358295	0.4497587314028228	0.43704482880248696	0.4238555085793167	0.4246297537680785	0.35141310772235695	0.2975505330457497	0.41704516323624186	0.32766851888685267	0.3808783105846337	0.3802382177781104	0.34199626383383197	0.42705582410224907	0.4250483685501372	0.42752425618043904	0.34165611479819014	0.3646963810143835	0.35714573140224803	0.37681848040034416	0.32010460673928487	0.3701743959656147	0.3861652787622074	0.4094045359680841	0.44310679663895924	0.4032156694244457	0.457832862869067
S1Hp	0.3278727385974375	0.31592322367283215	0.1891187042600149	0.1748680530866094	0.19352853292541217	0.292800561376696	0.2805330062093375	0.272755981487752	0.19666179242520831	0.16923706622282836	0.1515781609064648	0.1942954084915705	0.0	0.1624647074664445	0.22496154811374663	0.11893199351285932	0.16438917365117972	0.2539438570009557	0.2436327755512391	0.30236233452000105	0.3007993864127397	0.2703806166376307	0.32771456454687053	0.3150006619465347	0.30181134172336443	0.3025855869121262	0.22936894086640466	0.1755063661897974	0.2950009963802896	0.2056243520309004	0.2588341437286814	0.2581940509221581	0.21995209697787968	0.30501165724629675	0.30300420169418496	0.3054800893244868	0.21961194794223782	0.24265221415843122	0.23510156454629577	0.2547743135443919	0.19806043988333258	0.24813022910966231	0.26412111190625503	0.2873603691121317	0.32106262978300687	0.2811715025684933	0.33578869601311456
31009	0.44240724611026483	0.43045773118565944	0.3036532117728422	0.2894025605994367	0.3080630404382394	0.4073350688895233	0.3950675137221648	0.3872904890005793	0.31119629993803555	0.28377157373565565	0.2661126684192921	0.3088299160043978	0.1624647074664445	0.0	0.3394960556265739	0.2334665010256866	0.278923681164007	0.3684783645137829	0.3581672830640664	0.4168968420328283	0.41533389392556697	0.3849151241504579	0.44224907205969777	0.429535169459362	0.41634584923619167	0.41712009442495346	0.3439034483792319	0.29004087370262466	0.4095355038931169	0.3201588595437277	0.37336865124150864	0.3727285584349854	0.334486604490707	0.4195461647591241	0.4175387092070122	0.420014596837314	0.3341464554550651	0.35718672167125853	0.34963607205912306	0.3693088210572192	0.31259494739615984	0.36266473662248966	0.3786556194190824	0.40189487662495904	0.4355971372958342	0.39570601008132067	0.4503232035259419
530331	0.4651687595405018	0.4532192446158964	0.3264147252030791	0.31216407402967367	0.3308245538684764	0.4300965823197603	0.4178290271524018	0.41005200243081624	0.33395781336827257	0.3065330871658926	0.28887418184952907	0.3470057149696989	0.22496154811374663	0.3394960556265739	0.0	0.18586487885267877	0.23132205899099917	0.3208767423407751	0.3105656608910585	0.3692952198598205	0.36773227175255907	0.33731350197745014	0.39464744988669	0.3819335472863541	0.3687442270631839	0.3695184722519457	0.29630182620622414	0.28201524519344323	0.43229701732335385	0.34292037297396466	0.39613016467174567	0.39549007186522234	0.3572481179209439	0.442307678189361	0.4403002226372492	0.44277611026755104	0.3569079688853021	0.37994823510149545	0.37239758548936	0.3920703344874561	0.3353564608263968	0.3854262500527266	0.40141713284931935	0.42465639005519606	0.4583586507260712	0.41846752351155764	0.47308471695617893
S20H1	0.35913920493961443	0.3471896900150091	0.22038517060219182	0.20613451942878636	0.22479499926758909	0.32406702771887297	0.31179947255151447	0.30402244782992893	0.22792825876738523	0.2005035325650053	0.18284462724864176	0.2409761603688116	0.11893199351285932	0.2334665010256866	0.18586487885267877	0.0	0.0730336211952853	0.16258830454506124	0.1522772230953447	0.2110067820641066	0.20944383395684524	0.17902506418173625	0.2363590120909761	0.22364510949064026	0.21045578926747	0.21123003445623179	0.13801338841051025	0.17598569059255587	0.32626746272246654	0.23689081837307735	0.2901006100708583	0.289460517264335	0.2512185633200566	0.3362781235884737	0.33427066803636185	0.33674655566666367	0.25087841428441476	0.27391868050060814	0.2663680308884727	0.28604077988656884	0.22932690622550952	0.27939669545183926	0.295387578248432	0.3186268354543087	0.3523290961251838	0.31243796891067027	0.36705516235529156
31267	0.4045963850779349	0.3926468701533295	0.2658423507405122	0.25159169956710675	0.2702521794059095	0.36952420785719337	0.35725665268983486	0.34947962796824933	0.27338543890570566	0.2459607127033257	0.22830180738696215	0.286433340507132	0.16438917365117972	0.278923681164007	0.23132205899099917	0.0730336211952853	0.0	0.1280676254604804	0.11775654401076385	0.17648610297952574	0.17492315487226437	0.14450438509715538	0.20183833300639525	0.1891244304060594	0.17593511018288915	0.17670935537165094	0.1034927093259294	0.2214428707308763	0.37172464286078694	0.28234799851139775	0.33555779020917875	0.3349176974026554	0.296675743458377	0.3817353037267941	0.3797278481746823	0.3822037358049841	0.29633559442273516	0.31937586063892853	0.31182521102679306	0.3314979600248892	0.2747840863638299	0.3248538755901597	0.34084475838675243	0.36408401559262915	0.39778627626350427	0.3578951490489907	0.412512342493612
31519	0.49415106842771084	0.48220155350310545	0.35539703409028817	0.3411463829168827	0.3598068627556854	0.4590788912069693	0.44681133603961076	0.4390343113180253	0.36294012225548156	0.33551539605310166	0.31785649073673805	0.37598802385690794	0.2539438570009557	0.3684783645137829	0.3208767423407751	0.16258830454506124	0.1280676254604804	0.0	0.018516753462502013	0.1340895068811776	0.13252655877391623	0.10210778899880724	0.15944173690804714	0.14672783430771125	0.13353851408454104	0.13431275927330283	0.1404329239961337	0.3109975540806522	0.4612793262105629	0.3719026818611737	0.42511247355895465	0.4244723807524314	0.38623042680815295	0.47128998707657005	0.4692825315244582	0.47175841915476	0.38589027777251106	0.4089305439887045	0.40137989437656907	0.4210526433746652	0.36433876971360585	0.41440855893993567	0.4303994417365284	0.45363869894240505	0.4873409596132802	0.4474498323987667	0.5020670258433879
S27H1	0.4838399869779943	0.47189047205338885	0.3450859526405716	0.3308353014671661	0.34949578130596887	0.4487678097572527	0.4365002545898943	0.4287232298683087	0.352629040805765	0.32520431460338506	0.30754540928702156	0.3656769424071914	0.2436327755512391	0.3581672830640664	0.3105656608910585	0.1522772230953447	0.11775654401076385	0.018516753462502013	0.0	0.12377842543146109	0.12221547732419971	0.09179670754909071	0.1491306554583306	0.13641675285799473	0.1232274326348245	0.12400167782358629	0.13012184254641718	0.3006864726309357	0.4509682447608463	0.3615916004114571	0.4148013921092381	0.41416129930271484	0.3759193453584364	0.4609789056268535	0.45897145007474166	0.4614473377050435	0.3755791963227946	0.39861946253898795	0.39106881292685247	0.4107415619249486	0.3540276882638893	0.4040974774902191	0.42008836028681185	0.44332761749268856	0.4770298781635637	0.43713875094905014	0.49175594439367143
31452	0.5425695459467562	0.5306200310221508	0.40381551160933354	0.3895648604359281	0.4082253402747308	0.5074973687260147	0.49522981355865614	0.48745278883707066	0.41135859977452693	0.38393387357214703	0.36627496825578343	0.4244065013759533	0.30236233452000105	0.4168968420328283	0.3692952198598205	0.2110067820641066	0.17648610297952574	0.1340895068811776	0.12377842543146109	0.0	0.1099050649643409	0.1291123209365469	0.1864462688457868	0.1737323662454509	0.1605430460222807	0.16131729121104246	0.18885140151517907	0.3594160315996976	0.5096978037296083	0.4203211593802191	0.47353095107800003	0.4728908582714768	0.4346489043271984	0.5197084645956155	0.5177010090435036	0.5201768966738054	0.4343087552915565	0.4573490215077499	0.44979837189561445	0.46947112089371057	0.4127572472326512	0.46282703645898104	0.47881791925557377	0.5020571764614504	0.5357594371323257	0.49586830991781206	0.5504855033624333
S6Hp	0.5410065978394949	0.5290570829148895	0.4022525635020722	0.3880019123286667	0.4066623921674694	0.5059344206187533	0.4936668654513948	0.48588984072980923	0.40979565166726556	0.3823709254648856	0.3647120201485221	0.42284355326869194	0.3007993864127397	0.41533389392556697	0.36773227175255907	0.20944383395684524	0.17492315487226437	0.13252655877391623	0.12221547732419971	0.1099050649643409	0.0	0.12754937282928552	0.18488332073852543	0.17216941813818953	0.15898009791501932	0.1597543431037811	0.1872884534079177	0.3578530834924362	0.5081348556223468	0.4187582112729577	0.4719680029707387	0.4713279101642154	0.43308595621993695	0.518145516488354	0.5161380609362423	0.5186139485665441	0.4327458071842951	0.4557860734004885	0.4482354237883531	0.46790817278644925	0.4111942991253899	0.4612640883517197	0.47725497114831245	0.5004942283541891	0.5341964890250643	0.49430536181055074	0.548922555255172
S4Hp	0.5105878280643859	0.49863831313978046	0.3718337937269632	0.3575831425535577	0.3762436223923604	0.47551565084364433	0.4632480956762858	0.4554710709547003	0.37937688189215657	0.35195215568977667	0.33429325037341306	0.39242478349358295	0.2703806166376307	0.3849151241504579	0.33731350197745014	0.17902506418173625	0.14450438509715538	0.10210778899880724	0.09179670754909071	0.1291123209365469	0.12754937282928552	0.0	0.08358112669316613	0.07086722409283025	0.05767790386966003	0.05845214905842181	0.1568696836328087	0.32743431371732723	0.47771608584723785	0.38833944149784866	0.44154923319562966	0.44090914038910634	0.4026671864448279	0.487726746713245	0.4857192911611332	0.48819517879143504	0.4023270374091861	0.42536730362537944	0.4178166540132441	0.4374894030113402	0.38077552935028086	0.4308453185766107	0.4468362013732034	0.47007545857908006	0.5037777192499553	0.4638865920354417	0.5185037854800629
S25Hp	0.5679217759736257	0.5559722610490203	0.429167741636203	0.41491709046279757	0.43357757030160027	0.5328495987528842	0.5205820435855256	0.5128050188639401	0.4367108298013964	0.4092861035990165	0.3916271982826529	0.4497587314028228	0.32771456454687053	0.44224907205969777	0.39464744988669	0.2363590120909761	0.20183833300639525	0.15944173690804714	0.1491306554583306	0.1864462688457868	0.18488332073852543	0.08358112669316613	0.0	0.10753714006024202	0.0943478198370718	0.09512206502583359	0.21420363154204858	0.3847682616265671	0.5350500337564777	0.44567338940708856	0.4988831811048695	0.4982430882983463	0.46000113435406786	0.545060694622485	0.5430532390703731	0.5455291267006749	0.459660985318426	0.4827012515346194	0.47515060192248393	0.49482335092058005	0.4381094772595207	0.4881792664858505	0.5041701492824432	0.5274094064883199	0.5611116671591951	0.5212205399446815	0.5758377333893028
S11Hp	0.5552078733732899	0.5432583584486845	0.41645383903586725	0.40220318786246173	0.42086366770126443	0.5201356961525483	0.5078681409851898	0.5000911162636043	0.4239969272010606	0.3965722009986806	0.37891329568231713	0.43704482880248696	0.3150006619465347	0.429535169459362	0.3819335472863541	0.22364510949064026	0.1891244304060594	0.14672783430771125	0.13641675285799473	0.1737323662454509	0.17216941813818953	0.07086722409283025	0.10753714006024202	0.0	0.047234248705152734	0.04800849389391452	0.20148972894171271	0.37205435902623124	0.5223361311561419	0.4329594868067527	0.48616927850453373	0.4855291856980104	0.447287231753732	0.5323467920221491	0.5303393364700373	0.5328152241003391	0.44694708271809014	0.4699873489342835	0.46243669932214815	0.48210944832024427	0.4253955746591849	0.47546536388551475	0.49145624668210747	0.5146955038879841	0.5483977645588594	0.5085066373443458	0.563123830788967
F23HpA	0.5420185531501196	0.5300690382255142	0.4032645188126969	0.38901386763929147	0.40767434747809417	0.5069463759293781	0.4946788207620195	0.48690179604043404	0.4108076069778903	0.3833828807755104	0.3657239754591468	0.4238555085793167	0.30181134172336443	0.41634584923619167	0.3687442270631839	0.21045578926747	0.17593511018288915	0.13353851408454104	0.1232274326348245	0.1605430460222807	0.15898009791501932	0.05767790386966003	0.0943478198370718	0.047234248705152734	0.0	0.029541470615165908	0.18830040871854248	0.358865038803061	0.5091468109329716	0.41977016658358246	0.4729799582813634	0.4723398654748402	0.43409791153056176	0.5191574717989789	0.517150016246867	0.5196259038771688	0.4337577624949199	0.4567980287111133	0.44924737909897783	0.46892012809707395	0.4122062544360146	0.4622760436623444	0.47826692645893715	0.5015061836648138	0.535208444335689	0.49531731712117544	0.5499345105657967
F8H1	0.5427927983388814	0.530843283414276	0.4040387640014587	0.38978811282805326	0.40844859266685596	0.5077206211181399	0.4954530659507813	0.48767604122919583	0.4115818521666521	0.3841571259642722	0.3664982206479086	0.4246297537680785	0.3025855869121262	0.41712009442495346	0.3695184722519457	0.21123003445623179	0.17670935537165094	0.13431275927330283	0.12400167782358629	0.16131729121104246	0.1597543431037811	0.05845214905842181	0.09512206502583359	0.04800849389391452	0.029541470615165908	0.0	0.18907465390730427	0.35963928399182277	0.5099210561217334	0.42054441177234425	0.4737542034701252	0.473114110663602	0.43487215671932355	0.5199317169877407	0.5179242614356288	0.5204001490659306	0.43453200768368166	0.4575722738998751	0.4500216242877396	0.46969437328583574	0.4129804996247764	0.4630502888511062	0.47904117164769894	0.5022804288535756	0.5359826895244508	0.49609156230993723	0.5507087557545585
F32H1	0.46957615229315985	0.45762663736855447	0.3308221179557372	0.3165714667823317	0.3352319466211344	0.43450397507241834	0.4222364199050598	0.4144593951834743	0.3383652061209306	0.31094047991855067	0.29328157460218707	0.35141310772235695	0.22936894086640466	0.3439034483792319	0.29630182620622414	0.13801338841051025	0.1034927093259294	0.1404329239961337	0.13012184254641718	0.18885140151517907	0.1872884534079177	0.1568696836328087	0.21420363154204858	0.20148972894171271	0.18830040871854248	0.18907465390730427	0.0	0.28642263794610123	0.4367044100760119	0.3473277657266227	0.40053755742440367	0.3998974646178804	0.36165551067360197	0.44671507094201907	0.4447076153899072	0.44718350302020904	0.3613153616379601	0.3843556278541535	0.3768049782420181	0.3964777272401142	0.33976385357905486	0.3898336428053847	0.4058245256019774	0.42906378280785407	0.46276604347872924	0.4228749162642157	0.47749210970883693
31750	0.4157135776165526	0.4037640626919472	0.2769595432791299	0.26270889210572446	0.28136937194452716	0.38064140039581107	0.3683738452284525	0.36059682050686703	0.2845026314443233	0.2570779052419434	0.23941899992557983	0.2975505330457497	0.1755063661897974	0.29004087370262466	0.28201524519344323	0.17598569059255587	0.2214428707308763	0.3109975540806522	0.3006864726309357	0.3594160315996976	0.3578530834924362	0.32743431371732723	0.3847682616265671	0.37205435902623124	0.358865038803061	0.35963928399182277	0.28642263794610123	0.0	0.38284183539940464	0.29346519105001545	0.3466749827477964	0.3460348899412731	0.3077929359969947	0.3928524962654118	0.39084504071329995	0.3933209283436018	0.3074527869613528	0.33049305317754624	0.3229424035654108	0.34261515256350694	0.2859012789024476	0.3359710681287774	0.35196195092537014	0.3752012081312468	0.40890346880212197	0.36901234158760843	0.42362953503222966
S23Hp	0.4763585885945413	0.4644090736699359	0.33760455425711866	0.338361840337539	0.3641564776986824	0.4634285061499663	0.4511609509826078	0.44338392626102224	0.36728973719847857	0.3653599175690561	0.34770101225269257	0.41704516323624186	0.2950009963802896	0.4095355038931169	0.43229701732335385	0.32626746272246654	0.37172464286078694	0.4612793262105629	0.4509682447608463	0.5096978037296083	0.5081348556223468	0.47771608584723785	0.5350500337564777	0.5223361311561419	0.5091468109329716	0.5099210561217334	0.4367044100760119	0.38284183539940464	0.0	0.2690206547345121	0.32223044643229304	0.3215903536257698	0.3392995374485247	0.4243590977169418	0.42235164216483	0.42482752979513183	0.33895938841288287	0.36199965462907624	0.3835874145433995	0.40326016354149563	0.3465462898804363	0.3966160791067661	0.4126069619033588	0.4358462191092355	0.46954847978011066	0.4296573525655971	0.48427454601021835
S12Hp	0.38698194424515203	0.3750324293205467	0.24822790990772944	0.24898519598814983	0.27477983334929323	0.3740518618005771	0.3617843066332186	0.35400728191163305	0.2779130928490894	0.2759832732196669	0.2583243679033034	0.32766851888685267	0.2056243520309004	0.3201588595437277	0.34292037297396466	0.23689081837307735	0.28234799851139775	0.3719026818611737	0.3615916004114571	0.4203211593802191	0.4187582112729577	0.38833944149784866	0.44567338940708856	0.4329594868067527	0.41977016658358246	0.42054441177234425	0.3473277657266227	0.29346519105001545	0.2690206547345121	0.0	0.20203938317117354	0.20139929036465026	0.24992289309913554	0.3349824533675526	0.3329749978154408	0.33545088544574264	0.24958274406349368	0.27262301027968705	0.2942107701940103	0.31388351919210644	0.2571696455310471	0.30723943475737686	0.3232303175539696	0.3464695747598463	0.3801718354307214	0.34028070821620787	0.39489790166082916
S18H1	0.4401917359429331	0.42824222101832765	0.3014377016055104	0.3021949876859308	0.3279896250470742	0.4272616534983581	0.41499409833099954	0.40721707360941406	0.33112288454687033	0.32919306491744793	0.3115341596010843	0.3808783105846337	0.2588341437286814	0.37336865124150864	0.39613016467174567	0.2901006100708583	0.33555779020917875	0.42511247355895465	0.4148013921092381	0.47353095107800003	0.4719680029707387	0.44154923319562966	0.4988831811048695	0.48616927850453373	0.4729799582813634	0.4737542034701252	0.40053755742440367	0.3466749827477964	0.32223044643229304	0.20203938317117354	0.0	0.08980442086354468	0.3031326847969165	0.3881922450653336	0.38618478951322177	0.3886606771435236	0.30279253576127463	0.32583280197746806	0.34742056189179127	0.3670933108898874	0.3103794372288281	0.3604492264551579	0.37644010925175064	0.39967936645762736	0.4333816271285025	0.39349049991398893	0.4481076933586102
S26Hp	0.4395516431364098	0.42760212821180443	0.30079760879898715	0.3015548948794075	0.3273495322405509	0.42662156069183477	0.4143540055244763	0.40657698080289073	0.33048279174034706	0.3285529721109246	0.3108940667945611	0.3802382177781104	0.2581940509221581	0.3727285584349854	0.39549007186522234	0.289460517264335	0.3349176974026554	0.4244723807524314	0.41416129930271484	0.4728908582714768	0.4713279101642154	0.44090914038910634	0.4982430882983463	0.4855291856980104	0.4723398654748402	0.473114110663602	0.3998974646178804	0.3460348899412731	0.3215903536257698	0.20139929036465026	0.08980442086354468	0.0	0.30249259199039324	0.38755215225881035	0.3855446967066985	0.3880205843370003	0.3021524429547514	0.3251927091709448	0.34678046908526805	0.3664532180833642	0.30973934442230483	0.35980913364863465	0.37580001644522737	0.39903927365110403	0.4327415343219792	0.39285040710746566	0.4474676005520869
S15Hp	0.4013096891921314	0.389360174267526	0.2625556548547087	0.2633129409351291	0.2891075782962725	0.38837960674755634	0.3761120515801979	0.3683350268586123	0.29224083779606863	0.2903110181666462	0.2726521128502827	0.34199626383383197	0.21995209697787968	0.334486604490707	0.3572481179209439	0.2512185633200566	0.296675743458377	0.38623042680815295	0.3759193453584364	0.4346489043271984	0.43308595621993695	0.4026671864448279	0.46000113435406786	0.447287231753732	0.43409791153056176	0.43487215671932355	0.36165551067360197	0.3077929359969947	0.3392995374485247	0.24992289309913554	0.3031326847969165	0.30249259199039324	0.0	0.25651209293038696	0.2545046373782751	0.25698052500857693	0.171112383626328	0.26904875914401327	0.3085385151409896	0.32821126413908575	0.2714973904780264	0.3215671797043562	0.33755806250094894	0.3607973197068256	0.3944995803777008	0.35460845316318723	0.40922564660780847
F29H1	0.4863692494605485	0.4744197345359431	0.3476152151231258	0.3483725012035462	0.3741671385646896	0.47343916701597344	0.461171611848615	0.4533945871270294	0.37730039806448573	0.3753705784350633	0.3577116731186998	0.42705582410224907	0.30501165724629675	0.4195461647591241	0.442307678189361	0.3362781235884737	0.3817353037267941	0.47128998707657005	0.4609789056268535	0.5197084645956155	0.518145516488354	0.487726746713245	0.545060694622485	0.5323467920221491	0.5191574717989789	0.5199317169877407	0.44671507094201907	0.3928524962654118	0.4243590977169418	0.3349824533675526	0.3881922450653336	0.38755215225881035	0.25651209293038696	0.0	0.048483709411969694	0.08728756464816692	0.20947647991017468	0.3541083194124304	0.3935980754094067	0.41327082440750285	0.3565569507464435	0.4066267399727733	0.42261762276936604	0.4458568799752427	0.4795591406461179	0.43966801343160433	0.49428520687622557
s32pp	0.48436179390843664	0.4724122789838312	0.345607759571014	0.34636504565143433	0.37215968301257774	0.47143171146386165	0.4591641562965031	0.4513871315749176	0.3752929425123739	0.3733631228829515	0.3557042175665879	0.4250483685501372	0.30300420169418496	0.4175387092070122	0.4403002226372492	0.33427066803636185	0.3797278481746823	0.4692825315244582	0.45897145007474166	0.5177010090435036	0.5161380609362423	0.4857192911611332	0.5430532390703731	0.5303393364700373	0.517150016246867	0.5179242614356288	0.4447076153899072	0.39084504071329995	0.42235164216483	0.3329749978154408	0.38618478951322177	0.3855446967066985	0.2545046373782751	0.048483709411969694	0.0	0.0852801090960551	0.20746902435806283	0.3521008638603185	0.3915906198572948	0.41126336885539094	0.35454949519433165	0.4046192844206615	0.4206101672172542	0.4438494244231309	0.47755168509400603	0.4376605578794925	0.4922777513241138
S13Hp	0.48683768153873846	0.474888166614133	0.3480836472013158	0.34884093328173615	0.37463557064287956	0.47390759909416347	0.4616400439268049	0.45386301920521943	0.3777688301426757	0.3758390105132533	0.3581801051968897	0.42752425618043904	0.3054800893244868	0.420014596837314	0.44277611026755104	0.33674655566666367	0.3822037358049841	0.47175841915476	0.4614473377050435	0.5201768966738054	0.5186139485665441	0.48819517879143504	0.5455291267006749	0.5328152241003391	0.5196259038771688	0.5204001490659306	0.44718350302020904	0.3933209283436018	0.42482752979513183	0.33545088544574264	0.3886606771435236	0.3880205843370003	0.25698052500857693	0.08728756464816692	0.0852801090960551	0.0	0.20994491198836465	0.35457675149062035	0.39406650748759664	0.41373925648569276	0.3570253828246335	0.4070951720509633	0.423086054847556	0.44632531205343273	0.48002757272430785	0.4401364455097943	0.4947536389544156
31160	0.4009695401564895	0.3890200252318841	0.26221550581906683	0.26297279189948725	0.2887674292606306	0.3880394577119145	0.375771902544556	0.36799487782297047	0.29190068876042674	0.28997086913100434	0.2723119638146408	0.34165611479819014	0.21961194794223782	0.3341464554550651	0.3569079688853021	0.25087841428441476	0.29633559442273516	0.38589027777251106	0.3755791963227946	0.4343087552915565	0.4327458071842951	0.4023270374091861	0.459660985318426	0.44694708271809014	0.4337577624949199	0.43453200768368166	0.3613153616379601	0.3074527869613528	0.33895938841288287	0.24958274406349368	0.30279253576127463	0.3021524429547514	0.171112383626328	0.20947647991017468	0.20746902435806283	0.20994491198836465	0.0	0.26870861010837144	0.3081983661053477	0.3278711151034438	0.2711572414423845	0.32122703066871433	0.33721791346530705	0.36045717067118377	0.3941594313420589	0.35426830412754534	0.40888549757216663
S14Hp	0.42400980637268293	0.41206029144807754	0.28525577203526026	0.2860130581156806	0.311807695476824	0.4110797239281079	0.39881216876074943	0.39103514403916384	0.31494095497662017	0.3130111353471977	0.2953522300308342	0.3646963810143835	0.24265221415843122	0.35718672167125853	0.37994823510149545	0.27391868050060814	0.31937586063892853	0.4089305439887045	0.39861946253898795	0.4573490215077499	0.4557860734004885	0.42536730362537944	0.4827012515346194	0.4699873489342835	0.4567980287111133	0.4575722738998751	0.3843556278541535	0.33049305317754624	0.36199965462907624	0.27262301027968705	0.32583280197746806	0.3251927091709448	0.26904875914401327	0.3541083194124304	0.3521008638603185	0.35457675149062035	0.26870861010837144	0.0	0.33123863232154116	0.3509113813196373	0.29419750765857794	0.34426729688490776	0.3602581796815005	0.38349743688737714	0.4171996975582523	0.37730857034373877	0.43192576378836
31300	0.35705446775885885	0.3859732306459174	0.25916871123310015	0.2784624085035452	0.3042570458646886	0.4035290743159725	0.39126151914861396	0.38348449442702837	0.30739030536448475	0.30546048573506224	0.28780158041869874	0.35714573140224803	0.23510156454629577	0.34963607205912306	0.37239758548936	0.2663680308884727	0.31182521102679306	0.40137989437656907	0.39106881292685247	0.44979837189561445	0.4482354237883531	0.4178166540132441	0.47515060192248393	0.46243669932214815	0.44924737909897783	0.4500216242877396	0.3768049782420181	0.3229424035654108	0.3835874145433995	0.2942107701940103	0.34742056189179127	0.34678046908526805	0.3085385151409896	0.3935980754094067	0.3915906198572948	0.39406650748759664	0.3081983661053477	0.33123863232154116	0.0	0.2361543667624439	0.22724216904475394	0.2773119582710837	0.2933028410676764	0.31654209827355306	0.35024435894442824	0.3103532317299147	0.36497042517453593
S3Hp	0.376727216756955	0.4056459796440135	0.27884146023119627	0.2981351575016413	0.3239297948627847	0.42320182331406864	0.4109342681467101	0.4031572434251245	0.3270630543625809	0.32513323473315836	0.30747432941679487	0.37681848040034416	0.2547743135443919	0.3693088210572192	0.3920703344874561	0.28604077988656884	0.3314979600248892	0.4210526433746652	0.4107415619249486	0.46947112089371057	0.46790817278644925	0.4374894030113402	0.49482335092058005	0.48210944832024427	0.46892012809707395	0.46969437328583574	0.3964777272401142	0.34261515256350694	0.40326016354149563	0.31388351919210644	0.3670933108898874	0.3664532180833642	0.32821126413908575	0.41327082440750285	0.41126336885539094	0.41373925648569276	0.3278711151034438	0.3509113813196373	0.2361543667624439	0.0	0.24691491804285007	0.2969847072691798	0.3129755900657725	0.3362148472716492	0.36991710794252436	0.3300259807280108	0.38464317417263205
F6H1	0.20171873377102614	0.3489321059829542	0.222127586570137	0.241421283840582	0.2672159212017254	0.3664879496530093	0.35422039448565074	0.3464433697640652	0.27034918070152153	0.26841936107209907	0.2507604557557355	0.32010460673928487	0.19806043988333258	0.31259494739615984	0.3353564608263968	0.22932690622550952	0.2747840863638299	0.36433876971360585	0.3540276882638893	0.4127572472326512	0.4111942991253899	0.38077552935028086	0.4381094772595207	0.4253955746591849	0.4122062544360146	0.4129804996247764	0.33976385357905486	0.2859012789024476	0.3465462898804363	0.2571696455310471	0.3103794372288281	0.30973934442230483	0.2714973904780264	0.3565569507464435	0.35454949519433165	0.3570253828246335	0.2711572414423845	0.29419750765857794	0.22724216904475394	0.24691491804285007	0.0	0.12197622428325099	0.1379671070798437	0.16120636428572038	0.19490862495659556	0.15501749774208198	0.20963469118670328
F1H1	0.20029501008030268	0.39900189520928403	0.27219737579646675	0.29149107306691174	0.3172857104280552	0.4165577388793391	0.40429018371198056	0.396513158990395	0.32041896992785135	0.3184891502984289	0.3008302449820653	0.3701743959656147	0.24813022910966231	0.36266473662248966	0.3854262500527266	0.27939669545183926	0.3248538755901597	0.41440855893993567	0.4040974774902191	0.46282703645898104	0.4612640883517197	0.4308453185766107	0.4881792664858505	0.47546536388551475	0.4622760436623444	0.4630502888511062	0.3898336428053847	0.3359710681287774	0.3966160791067661	0.30723943475737686	0.3604492264551579	0.35980913364863465	0.3215671797043562	0.4066267399727733	0.4046192844206615	0.4070951720509633	0.32122703066871433	0.34426729688490776	0.2773119582710837	0.2969847072691798	0.12197622428325099	0.0	0.1365433833891202	0.15978264059499692	0.1934849012658721	0.15359377405135852	0.2082109674959798
530055	0.17706950060814877	0.41499277800587675	0.28818825859305947	0.30748195586350446	0.3332765932246479	0.43254862167593183	0.4202810665085733	0.41250404178698774	0.33640985272444407	0.3344800330950216	0.316821127778658	0.3861652787622074	0.26412111190625503	0.3786556194190824	0.40141713284931935	0.295387578248432	0.34084475838675243	0.4303994417365284	0.42008836028681185	0.47881791925557377	0.47725497114831245	0.4468362013732034	0.5041701492824432	0.49145624668210747	0.47826692645893715	0.47904117164769894	0.4058245256019774	0.35196195092537014	0.4126069619033588	0.3232303175539696	0.37644010925175064	0.37580001644522737	0.33755806250094894	0.42261762276936604	0.4206101672172542	0.423086054847556	0.33721791346530705	0.3602581796815005	0.2933028410676764	0.3129755900657725	0.1379671070798437	0.1365433833891202	0.0	0.136557131122843	0.17025939179371818	0.1303682645792046	0.1849854580238259
31219	0.16616175654960622	0.43823203521175347	0.3114275157989361	0.3307212130693812	0.3565158504305246	0.4557878788818085	0.44352032371444994	0.43574329899286446	0.35964910993032073	0.35771929030089833	0.3400603849845347	0.4094045359680841	0.2873603691121317	0.40189487662495904	0.42465639005519606	0.3186268354543087	0.36408401559262915	0.45363869894240505	0.44332761749268856	0.5020571764614504	0.5004942283541891	0.47007545857908006	0.5274094064883199	0.5146955038879841	0.5015061836648138	0.5022804288535756	0.42906378280785407	0.3752012081312468	0.4358462191092355	0.3464695747598463	0.39967936645762736	0.39903927365110403	0.3607973197068256	0.4458568799752427	0.4438494244231309	0.44632531205343273	0.36045717067118377	0.38349743688737714	0.31654209827355306	0.3362148472716492	0.16120636428572038	0.15978264059499692	0.136557131122843	0.0	0.09020945801415595	0.11946052052066206	0.17407771396528335
