	w11pp	f22ppB	f11pp	f10pp	S13Hp	f28pp	w28pp	f14ppB	f26pp	S23Hp	S16H2	w3pp	f24pp	w9pp	w17pp	w19pp	f23ppB	f17ppB	w26pp	w27pp	w29pp	w24pp	S1Hp	S17H1	S15Hp	w2pp	S2Hp	f2pp	f32pp	S12Hp	F6H1	w13pp	w6pp	F3H1	w32pp	f6ppA	w8pp	w20pp	f20ppA	S11Hp	f12ppA	f9pp	w25pp	f31pp	f21pp	f18pp	w12pp	f14ppA	w18pp	f15pp	f13pp	f7pp	f17ppA	F22HpB	F16H1	w15pp	f16ppA	w31pp	f12ppB	w14pp	w1pp	f1pp	w21pp	S3Hp	w4pp	f4pp	S18H1	S22Hp	f22ppA	w22pp	F7H1	S20H1	f16ppB	f25pp	f30pp	f23ppA	S9H1	F14H1A	S14Hp	f20ppB	w16pp	w10pp	f8pp	530451	31160	f19pp	w23pp
w11pp	0.0	0.09904850994413741	0.019520897772980085	0.017998153146351004	14.05324092630213	0.04628128303326666	0.04060357491915892	0.0796859256072228	0.06385683070413463	0.1736020896990417	0.17605941946758807	0.049222328613835645	0.042685355675946585	0.05641281676060689	0.059651040449241285	0.04921517193599688	0.1031135163989211	0.041108855864557856	0.04263655184914711	0.05878134389692699	0.06095584058894746	0.05368272876579558	0.19087076274184125	0.17596244273278927	0.17784711994766758	0.048983024954169424	0.17435855446237175	0.05778111828435997	0.07608673468843939	0.19991834004429926	0.2030995778322551	0.08238105009028626	0.1672856132957073	0.26311016118807745	0.19974728347957565	0.1267455980672537	0.15489302683729544	0.10377469195146341	0.07605480899893821	0.21288084464341445	0.0894349007106468	0.14755088200980856	0.11347084606858171	0.12922867293973905	0.09100345796034684	0.11370421135599759	0.07447583308528283	0.06998029119806981	0.06148773800342783	0.0770517133043562	0.05440099575073179	0.11118392489288587	0.14555817405409566	0.2060692678466113	0.20470674036224715	0.07695196001260765	0.06348213294908837	0.05678744510793514	0.03856125365228295	0.06165710353381924	0.07861514323380833	0.11771249064070921	0.11973842166718371	0.2067112813109687	0.11182436193889525	0.11465224973502255	0.19629247569211972	0.20817753329425956	0.1545709974457193	0.08359850462101835	0.22423554834045234	0.2268942170389943	0.08303379854322201	0.09472895081330833	0.06423501581685094	0.116752678565854	0.20257510768977427	0.216930618451749	0.20463493908812208	0.12701364340065552	0.05270295747539529	0.08338378447040184	0.05735831048592628	0.18495466201732153	0.23819277508967682	0.0607872386998333	0.05987869303626956
f22ppB	0.09904850994413741	0.0	0.07952961217215739	0.10063548730102082	14.135878260456801	0.12891861718793646	0.12324090907382873	0.1623232597618926	0.14649416485880443	0.2562394238537115	0.25869675362225786	0.13185966276850544	0.1253226898306164	0.1390501509152767	0.14228837460391108	0.13185250609066668	0.18575085055359092	0.12374619001922765	0.12527388600381692	0.1414186780515968	0.14359317474361727	0.1363200629204654	0.27350809689651107	0.25859977688745905	0.2604844541023374	0.13162035910883924	0.2569958886170416	0.14041845243902978	0.15872406884310922	0.2825556741989691	0.2857369119869249	0.16501838424495607	0.2499229474503771	0.3457474953427473	0.2823846176342455	0.2093829322219235	0.23753036099196528	0.18641202610613322	0.15869214315360802	0.2955181787980843	0.17207223486531664	0.23018821616447838	0.19610818022325155	0.21186600709440886	0.17364079211501665	0.1963415455106674	0.15711316723995267	0.15261762535273965	0.14412507215809764	0.159689047459026	0.1370383299054016	0.1938212590475557	0.2281955082087655	0.2887066020012811	0.28734407451691696	0.15958929416727746	0.1461194671037582	0.13942477926260496	0.12119858780695277	0.14429443768848904	0.16125247738847814	0.20034982479537902	0.20237575582185352	0.2893486154656385	0.19446169609356506	0.19728958388969237	0.2789298098467895	0.29081486744892937	0.23720833160038912	0.16623583877568818	0.3068728824951221	0.3095315511936641	0.16567113269789183	0.17736628496797816	0.14687234997152077	0.1993900127205238	0.28521244184444405	0.2995679526064188	0.2872722732427919	0.20965097755532536	0.1353402916300651	0.16602111862507166	0.1399956446405961	0.26759199617199136	0.32083010924434663	0.14342457285450314	0.14251602719093936
f11pp	0.019520897772980085	0.07952961217215739	0.0	0.02110787512986349	14.056350648285644	0.04939100501677915	0.0437132969026714	0.0827956475907353	0.06696655268764712	0.17671181168255418	0.17916914145110058	0.052332050597348134	0.045795077659459074	0.05952253874411938	0.06276076243275377	0.05232489391950937	0.1062232383824336	0.04421857784807034	0.0457462738326596	0.06189106588043948	0.06406556257245995	0.05679245074930807	0.19398048472535373	0.17907216471630177	0.18095684193118006	0.052092746937681914	0.17746827644588425	0.06089084026787246	0.07919645667195188	0.20302806202781173	0.20620929981576758	0.08549077207379874	0.17039533527921977	0.26621988317158995	0.20285700546308813	0.1298553200507662	0.15800274882080795	0.10688441393497591	0.0791645309824507	0.21599056662692692	0.0925446226941593	0.15066060399332107	0.11658056805209421	0.13233839492325153	0.09411317994385933	0.11681393333951007	0.07758555506879533	0.07309001318158231	0.06459745998694032	0.08016143528786869	0.05751071773424428	0.11429364687639837	0.14866789603760816	0.20917898983012378	0.20781646234575962	0.08006168199612014	0.06659185493260086	0.05989716709144763	0.041670975635795436	0.06476682551733173	0.08172486521732081	0.12082221262422169	0.12284814365069618	0.20982100329448117	0.11493408392240773	0.11776197171853506	0.1994021976756322	0.21128725527777203	0.1576807194292318	0.08670822660453084	0.22734527032396482	0.23000393902250676	0.0861435205267345	0.09783867279682082	0.06734473780036343	0.1198624005493665	0.20568482967328675	0.22004034043526147	0.20774466107163456	0.13012336538416802	0.05581267945890778	0.08649350645391433	0.06046803246943877	0.188064384000834	0.2413024970731893	0.0638969606833458	0.06298841501978206
f10pp	0.017998153146351004	0.10063548730102082	0.02110787512986349	0.0	14.036570768142449	0.02961112487358429	0.023933416759476547	0.06301576744754044	0.04718667254445225	0.15693193153935933	0.1593892613079057	0.032552170454153276	0.026015197516264216	0.03974265860092452	0.04298088228955892	0.03254501377631451	0.08644335823923874	0.024438697704875483	0.02596639368946474	0.04211118573724462	0.04428568242926509	0.03701257060611321	0.17420060458215889	0.1592922845731069	0.1611769617879852	0.032312866794487055	0.15768839630268938	0.041110960124677604	0.05941657652875702	0.1832481818846169	0.18642941967257273	0.06571089193060389	0.15061545513602492	0.24644000302839508	0.18307712531989329	0.11007543990757132	0.13822286867761308	0.08710453379178104	0.05938465083925584	0.19621068648373208	0.07276474255096443	0.1308807238501262	0.09680068790889934	0.11255851478005668	0.07433329980066447	0.09703405319631522	0.057805674925600466	0.05331013303838745	0.04481757984374546	0.06038155514467383	0.03773083759104942	0.0945137667332035	0.1288880158944133	0.18939910968692894	0.18803658220256478	0.06028180185292528	0.046811974789406005	0.04011728694825277	0.021891095492600578	0.04498694537413687	0.061944985074125956	0.10104233248102684	0.10306826350750134	0.19004112315128632	0.09515420377921288	0.09798209157534019	0.17962231753243735	0.1915073751345772	0.13790083928603694	0.06692834646133598	0.20756539018076997	0.21022405887931192	0.06636364038353965	0.07805879265362596	0.04756485765716857	0.10008252040617163	0.1859049495300919	0.20026046029206662	0.1879647809284397	0.11034348524097315	0.03603279931571292	0.06671362631071948	0.04068815232624391	0.16828450385763916	0.22152261692999445	0.044117080540150934	0.04320853487658719
S13Hp	14.05324092630213	14.135878260456801	14.056350648285644	14.036570768142449	0.0	14.042122717041329	14.036445008927222	14.075527359615286	14.059698264712198	14.188800230591337	14.191257560359883	14.06442046950613	14.057883496568241	14.071610957652902	14.074849181341536	14.064413312828291	14.118311657291216	14.056306996756852	14.057834692741443	14.073979484789222	14.076153981481243	14.06888086965809	14.206068903634137	14.191160583625084	14.193045260839963	14.064181165846465	14.189556695354668	14.072979259176655	14.091284875580735	14.215116480936596	14.218297718724552	14.097579190982582	14.182483754188004	14.278308302080374	14.214945424371871	14.141943738959549	14.170091167729591	14.11897283284376	14.091252949891235	14.22807898553571	14.104633041602943	14.162749022902105	14.128668986960877	14.144426813832036	14.106201598852643	14.128902352248293	14.089673973977579	14.085178432090366	14.076685878895724	14.092249854196652	14.069599136643028	14.126382065785181	14.160756314946392	14.221267408738907	14.219904881254543	14.092150100904904	14.078680273841384	14.071985586000231	14.05375939454458	14.076855244426115	14.093813284126105	14.132910631533004	14.13493656255948	14.221909422203264	14.127022502831192	14.129850390627318	14.211490616584415	14.223375674186556	14.169769138338015	14.098796645513314	14.239433689232747	14.24209235793129	14.098231939435518	14.109927091705604	14.079433156709147	14.13195081945815	14.21777324858207	14.232128759344045	14.219833079980418	14.142211784292952	14.067901098367692	14.098581925362698	14.072556451378222	14.200152802909617	14.253390915981972	14.07598537959213	14.075076833928566
f28pp	0.04628128303326666	0.12891861718793646	0.04939100501677915	0.02961112487358429	14.042122717041329	0.0	0.0056797081151078056	0.06856571634542047	0.0527366214423323	0.18184058732247138	0.18429791709101773	0.05746082623726531	0.05092385329937625	0.06465131438403655	0.06788953807267095	0.057453669559426546	0.11135201402235077	0.049347353487987515	0.050875049472576775	0.06701984152035666	0.06919433821237712	0.061921226389225245	0.19910926036527093	0.18420094035621892	0.18608561757109726	0.05722152257759909	0.1825970520858014	0.06601961590778964	0.08432523231186906	0.2081568376677289	0.21133807545568475	0.09061954771371591	0.17552411091913694	0.2713486588115071	0.2079857811030053	0.13498409569068337	0.16313152446072512	0.11201318957489309	0.08429330662236788	0.2211193422668441	0.09767339833407648	0.15578937963323825	0.12170934369201139	0.1374671705631687	0.0992419555837765	0.12194270897942724	0.08271433070871251	0.07821878882149949	0.0697262356268575	0.08529021092778587	0.06263949337416146	0.11942242251631555	0.15379667167752534	0.21430776547004096	0.2129452379856768	0.08519045763603732	0.07172063057251804	0.0650259427313648	0.04679975127571261	0.06989560115724891	0.08685364085723798	0.12595098826413886	0.12797691929061336	0.21494977893439834	0.1200628595623249	0.12289074735845223	0.20453097331554937	0.2164160309176892	0.162809495069149	0.09183700224444802	0.232474045963882	0.23513271466242394	0.09127229616665168	0.102967448436738	0.0724735134402806	0.12499117618928368	0.21081360531320392	0.22516911607517864	0.21287343671155173	0.1352521410240852	0.060941455098824954	0.09162228209383151	0.06559680810935595	0.19319315964075118	0.24643127271310647	0.06902573632326298	0.06811719065969923
w28pp	0.04060357491915892	0.12324090907382873	0.0437132969026714	0.023933416759476547	14.036445008927222	0.0056797081151078056	0.0	0.06288800823131273	0.04705891332822455	0.17616287920836363	0.17862020897691	0.05178311812315756	0.045246145185268496	0.058973606269928806	0.0622118299585632	0.05177596144531879	0.10567430590824303	0.04366964537387977	0.04519734135846902	0.06134213340624891	0.06351663009826938	0.0562435182751175	0.19343155225116315	0.1785232322421112	0.18040790945698948	0.051543814463491336	0.17691934397169368	0.060341907793681884	0.0786475241977613	0.20247912955362116	0.205660367341577	0.08494183959960816	0.1698464028050292	0.2656709506973994	0.20230807298889755	0.12930638757657562	0.15745381634661737	0.10633548146078534	0.07861559850826012	0.21544163415273634	0.09199569021996873	0.1501116715191305	0.11603163557790364	0.13178946244906095	0.09356424746966875	0.11626500086531949	0.07703662259460475	0.07254108070739174	0.06404852751274974	0.07961250281367811	0.0569617852600537	0.11374471440220779	0.14811896356341758	0.2086300573559332	0.20726752987156905	0.07951274952192956	0.06604292245841029	0.05934823461725705	0.04112204316160486	0.06421789304314116	0.08117593274313023	0.12027328015003111	0.1222992111765056	0.2092720708202906	0.11438515144821715	0.11721303924434448	0.19885326520144161	0.21073832280358146	0.15713178695504124	0.08615929413034026	0.22679633784977424	0.2294550065483162	0.08559458805254393	0.09728974032263024	0.06679580532617285	0.11931346807517593	0.20513589719909617	0.2194914079610709	0.20719572859744398	0.12957443290997744	0.0552637469847172	0.08594457397972376	0.05991909999524819	0.18751545152664342	0.24075356459899871	0.06334802820915522	0.06243948254559147
f14ppB	0.0796859256072228	0.1623232597618926	0.0827956475907353	0.06301576744754044	14.075527359615286	0.06856571634542047	0.06288800823131273	0.0	0.0737757521161749	0.2152452298964275	0.21770255966497387	0.09086546881122144	0.08432849587333238	0.09805595695799268	0.10129418064662707	0.09085831213338268	0.1447566565963069	0.08275199606194364	0.0842796920465329	0.10042448409431279	0.10259898078633325	0.09532586896318138	0.23251390293922705	0.21760558293017507	0.21949026014505338	0.09062616515155522	0.21600169465975755	0.09942425848174577	0.1177298748858252	0.24156148024168506	0.2447427180296409	0.12402419028767206	0.2089287534930931	0.30475330138546325	0.24139042367696145	0.16838873826463951	0.19653616703468124	0.14541783214884924	0.11769794919632401	0.25452398484080024	0.1310780409080326	0.1891940222071944	0.1551139862659675	0.17087181313712485	0.13264659815773264	0.1553473515533834	0.11611897328266864	0.11162343139545562	0.10313087820081362	0.118694853501742	0.09604413594811759	0.15282706509027166	0.18720131425148145	0.2477124080439971	0.24634988055963294	0.11859510020999345	0.10512527314647419	0.09843058530532095	0.08020439384966875	0.10330024373120504	0.12025828343119413	0.159355630838095	0.1613815618645695	0.2483544215083545	0.15346750213628105	0.15629538993240838	0.23793561588950551	0.24982067349164536	0.19621413764310514	0.12524164481840416	0.26587868853783814	0.26853735723638006	0.12467693874060781	0.13637209101069414	0.10587815601423674	0.15839581876323983	0.24421824788716007	0.2585737586491348	0.24627807928550788	0.16865678359804132	0.09434609767278108	0.12502692466778764	0.09900145068331209	0.22659780221470732	0.27983591528706264	0.10243037889721911	0.10152183323365536
f26pp	0.06385683070413463	0.14649416485880443	0.06696655268764712	0.04718667254445225	14.059698264712198	0.0527366214423323	0.04705891332822455	0.0737757521161749	0.0	0.19941613499333932	0.2018734647618857	0.07503637390813327	0.0684994009702442	0.08222686205490451	0.08546508574353891	0.0750292172302945	0.12892756169321873	0.06692290115885548	0.06845059714344473	0.08459538919122461	0.08676988588324508	0.0794967740600932	0.21668480803613888	0.2017764880270869	0.2036611652419652	0.07479707024846705	0.20017259975666937	0.0835951635786576	0.10190077998273701	0.22573238533859688	0.22891362312655272	0.10819509538458388	0.1930996585900049	0.28892420648237505	0.22556132877387328	0.1525596433615513	0.18070707213159307	0.12958873724576103	0.10186885429323583	0.23869488993771207	0.11524894600494442	0.1733649273041062	0.13928489136287933	0.15504271823403667	0.11681750325464446	0.1395182566502952	0.10028987837958045	0.09579433649236743	0.08730178329772545	0.10286575859865382	0.08021504104502941	0.1369979701871835	0.17137221934839328	0.23188331314090893	0.23052078565654477	0.10276600530690527	0.089296178243386	0.08260149040223276	0.06437529894658058	0.08747114882811685	0.10442918852810595	0.14352653593500683	0.14555246696148133	0.2325253266052663	0.13763840723319287	0.14046629502932018	0.22210652098641734	0.23399157858855718	0.18038504274001693	0.10941254991531597	0.25004959363474993	0.2527082623332919	0.10884784383751964	0.12054299610760595	0.09004906111114856	0.14256672386015162	0.2283891529840719	0.2427446637460466	0.2304489843824197	0.15282768869495317	0.07851700276969291	0.10919782976469947	0.08317235578022392	0.21076870731161915	0.26400682038397444	0.08660128399413093	0.08569273833056719
S23Hp	0.1736020896990417	0.2562394238537115	0.17671181168255418	0.15693193153935933	14.188800230591337	0.18184058732247138	0.17616287920836363	0.2152452298964275	0.19941613499333932	0.0	0.24892464416524068	0.16290695792948964	0.1563699849916006	0.1700974460762609	0.17333566976489528	0.16289980125165088	0.21679814571457512	0.15479348518021185	0.15632118116480112	0.172465973212581	0.17464046990460147	0.1673673580814496	0.3120414768592773	0.29713315685022534	0.2990178340651036	0.17015373907160547	0.29552926857980777	0.17895183240179602	0.19725744880587545	0.3210890541617353	0.32427029194969115	0.2035517642077223	0.2884563274131433	0.38428087530551347	0.3209179975970117	0.24791631218468974	0.2760637409547315	0.22494540606889946	0.19722552311637426	0.33405155876085046	0.21060561482808288	0.2687215961272446	0.23464156018601778	0.2503993870571751	0.21217417207778289	0.23487492547343364	0.1956465472027189	0.19115100531550588	0.18265845212086387	0.19822242742179225	0.17557170986816784	0.23235463901032194	0.26672888817153173	0.32723998196404736	0.3258774544796832	0.1981226741300437	0.18465284706652443	0.1779581592253712	0.159731967769719	0.18282781765125528	0.19978585735124438	0.23888320475814526	0.24090913578461975	0.32788199542840474	0.2329950760563313	0.2358229638524586	0.3174631898095558	0.3293482474116956	0.27574171156315536	0.2047692187384544	0.3454062624578884	0.34806493115643033	0.20420451266065806	0.2158996649307444	0.185405729934287	0.23792339268329005	0.32374582180721034	0.33810133256918506	0.3258056532055581	0.2481843575180916	0.17387367159283135	0.2045544985878379	0.17852902460336234	0.30612537613475754	0.35936348920711286	0.18195795281726937	0.1810494071537056
S16H2	0.17605941946758807	0.25869675362225786	0.17916914145110058	0.1593892613079057	14.191257560359883	0.18429791709101773	0.17862020897691	0.21770255966497387	0.2018734647618857	0.24892464416524068	0.0	0.16536428769803602	0.15882731476014697	0.17255477584480727	0.17579299953344166	0.16535713102019725	0.2192554754831215	0.15725081494875823	0.1587785109333475	0.17492330298112738	0.17709779967314784	0.16982468784999596	0.3144988066278237	0.2995904866187717	0.30147516383365003	0.17261106884015184	0.29798659834835417	0.1814091621703424	0.19971477857442183	0.3235463839302817	0.32672762171823755	0.20600909397626868	0.2909136571816897	0.38673820507405987	0.3233753273655581	0.25037364195323614	0.27852107072327786	0.22740273583744586	0.19968285288492063	0.33650888852939687	0.21306294459662922	0.271178925895791	0.23709888995456413	0.2528567168257215	0.21463150184632926	0.23733225524198	0.19810387697126525	0.19360833508405223	0.18511578188941025	0.20067975719033862	0.1780290396367142	0.23481196877886829	0.2691862179400781	0.32969731173259376	0.3283347842482296	0.20058000389859007	0.1871101768350708	0.18041548899391757	0.1621892975382654	0.18528514741980168	0.20224318711979075	0.24134053452669163	0.24336646555316613	0.3303393251969511	0.23545240582487767	0.238280293621005	0.31992051957810214	0.33180557718024195	0.27819904133170176	0.20722654850700079	0.34786359222643476	0.35052226092497674	0.20666184242920443	0.21835699469929076	0.18786305970283337	0.24038072245183645	0.3262031515757567	0.3405586623377314	0.3282629829741045	0.25064168728663794	0.17633100136137772	0.20701182835638426	0.18098635437190871	0.30858270590330394	0.3618208189756592	0.18441528258581574	0.183506736922252
w3pp	0.049222328613835645	0.13185966276850544	0.052332050597348134	0.032552170454153276	14.06442046950613	0.05746082623726531	0.05178311812315756	0.09086546881122144	0.07503637390813327	0.16290695792948964	0.16536428769803602	0.0	0.01082656133300298	0.024554022417663284	0.03610834549191753	0.02567247697867313	0.07957082144159736	0.0175661609072341	0.026306803788072368	0.04245159583585226	0.044626092527872724	0.037352980704720845	0.18766171577407123	0.17275339576501925	0.17463807297989756	0.045773977986399414	0.17114950749460173	0.054572071316589955	0.07287768772066938	0.19670929307652923	0.19989053086448508	0.07917200312251624	0.16407656632793727	0.2599011142203074	0.19653823651180563	0.12353655109948368	0.15168397986952542	0.1005656449836934	0.07284576203116819	0.20967179767564442	0.08622585374287679	0.14434183504203857	0.1102617991008117	0.12601962597196903	0.08779441099257682	0.11049516438822757	0.07126678611751282	0.0667712442302998	0.05827869103565781	0.07384266633658618	0.05119194878296177	0.10797487792511586	0.14234912708632563	0.20286022087884129	0.20149769339447712	0.07374291304483763	0.06027308598131836	0.05357839814016512	0.03535220668451293	0.05844805656604922	0.07540609626603831	0.11450344367293919	0.11652937469941368	0.20350223434319867	0.10861531497112523	0.11144320276725254	0.1930834287243497	0.20496848632648954	0.15136195047794931	0.08038945765324834	0.22102650137268232	0.22368517007122427	0.07982475157545199	0.09151990384553832	0.06102596884908092	0.11354363159808399	0.19936606072200425	0.21372157148397897	0.20142589212035206	0.12380459643288551	0.04949391050762526	0.08017473750263182	0.054149263518156264	0.1817456150495515	0.2349837281219068	0.057578191732063286	0.05666964606849954
f24pp	0.042685355675946585	0.1253226898306164	0.045795077659459074	0.026015197516264216	14.057883496568241	0.05092385329937625	0.045246145185268496	0.08432849587333238	0.0684994009702442	0.1563699849916006	0.15882731476014697	0.01082656133300298	0.0	0.016356133309446484	0.029571372554028467	0.019135504040784068	0.07303384850370831	0.011029187969345045	0.01976983085018331	0.0359146228979632	0.038089119589983664	0.030816007766831785	0.18112474283618218	0.1662164228271302	0.1681011000420085	0.039237005048510354	0.16461253455671268	0.048035098378700895	0.06634071478278031	0.19017232013864016	0.19335355792659603	0.07263503018462718	0.1575395933900482	0.25336414128241835	0.19000126357391656	0.11699957816159462	0.14514700693163637	0.09402867204580434	0.06630878909327914	0.20313482473775535	0.07968888080498773	0.1378048621041495	0.10372482616292264	0.11948265303407997	0.08125743805468777	0.10395819145033851	0.06472981317962376	0.06023427129241074	0.05174171809776875	0.06730569339869713	0.04465497584507271	0.1014379049872268	0.1358121541484366	0.19632324794095224	0.19496072045658808	0.06720594010694858	0.0537361130434293	0.04704142520227606	0.02881523374662387	0.05191108362816016	0.06886912332814925	0.10796647073505013	0.10999240176152462	0.19696526140530962	0.10207834203323617	0.10490622982936348	0.18654645578646062	0.1984315133886005	0.14482497754006024	0.07385248471535927	0.21448952843479324	0.21714819713333522	0.07328777863756294	0.08498293090764925	0.054488995911191856	0.10700665866019493	0.19282908778411517	0.2071845985460899	0.19488891918246298	0.11726762349499645	0.0429569375697362	0.07363776456474277	0.047612290580267204	0.17520864211166243	0.22844675518401775	0.051041218794174226	0.05013267313061048
w9pp	0.05641281676060689	0.1390501509152767	0.05952253874411938	0.03974265860092452	14.071610957652902	0.06465131438403655	0.058973606269928806	0.09805595695799268	0.08222686205490451	0.1700974460762609	0.17255477584480727	0.024554022417663284	0.016356133309446484	0.0	0.04329883363868878	0.03286296512544437	0.08676130958836861	0.024756649054005347	0.03349729193484362	0.0496420839826235	0.05181658067464397	0.04454346885149209	0.1948522039208425	0.1799438839117905	0.18182856112666881	0.05296446613317066	0.17833999564137298	0.061762559463361205	0.08006817586744062	0.2038997812233005	0.20708101901125633	0.0863624912692875	0.17126705447470852	0.2670916023670787	0.2037287246585769	0.13072703924625492	0.15887446801629668	0.10775613313046464	0.08003625017793944	0.21686228582241568	0.09341634188964804	0.1515323231888098	0.11745228724758294	0.13321011411874029	0.09498489913934807	0.11768565253499882	0.07845727426428406	0.07396173237707104	0.06546917918242906	0.08103315448335743	0.05838243692973302	0.1151653660718871	0.1495396152330969	0.21005070902561254	0.20868818154124838	0.08093340119160888	0.0674635741280896	0.06076888628693637	0.04254269483128418	0.06563854471282046	0.08259658441280956	0.12169393181971044	0.12371986284618494	0.21069272248996992	0.11580580311789648	0.11863369091402379	0.20027391687112095	0.2121589744732608	0.15855243862472054	0.08757994580001958	0.22821698951945357	0.23087565821799552	0.08701523972222325	0.09871039199230956	0.06821645699585217	0.12073411974485523	0.2065565488687755	0.22091205963075022	0.2086163802671233	0.13099508457965675	0.05668439865439652	0.08736522564940308	0.061339751664927514	0.18893610319632276	0.24217421626867805	0.06476867987883454	0.06386013421527079
w17pp	0.059651040449241285	0.14228837460391108	0.06276076243275377	0.04298088228955892	14.074849181341536	0.06788953807267095	0.0622118299585632	0.10129418064662707	0.08546508574353891	0.17333566976489528	0.17579299953344166	0.03610834549191753	0.029571372554028467	0.04329883363868878	0.0	0.010437868514244462	0.08174256996613022	0.019737909431766943	0.036735515623478	0.052880307671257884	0.05505480436327835	0.04778169254012647	0.19809042760947687	0.1831821076004249	0.1850667848153032	0.05620268982180504	0.18157821933000737	0.06500078315199559	0.08330639955607501	0.20713800491193488	0.21031924269989072	0.08960071495792188	0.1745052781633429	0.27032982605571304	0.20696694834721127	0.1339652629348893	0.16211269170493106	0.11099435681909903	0.08327447386657383	0.22010050951105006	0.09665456557828242	0.15477054687744418	0.12069051093621733	0.13644833780737467	0.09822312282798246	0.12092387622363321	0.08169549795291844	0.07719995606570543	0.06870740287106344	0.08427137817199182	0.06162066061836741	0.11840358976052148	0.15277783892173127	0.21328893271424693	0.21192640522988276	0.08417162488024327	0.07070179781672399	0.06400710997557076	0.04578091851991856	0.06887676840145485	0.08583480810144395	0.12493215550834483	0.12695808653481933	0.2139309461786043	0.11904402680653087	0.12187191460265817	0.20351214055975533	0.21539719816189518	0.16179066231335493	0.09081816948865397	0.23145521320808796	0.2341138819066299	0.09025346341085763	0.10194861568094395	0.07145468068448656	0.12397234343348962	0.2097947725574099	0.2241502833193846	0.2118546039557577	0.13423330826829113	0.059922622343030904	0.09060344933803746	0.0645779753535619	0.19217432688495714	0.24541243995731243	0.06800690356746893	0.06709835790390517
w19pp	0.04921517193599688	0.13185250609066668	0.05232489391950937	0.03254501377631451	14.064413312828291	0.057453669559426546	0.05177596144531879	0.09085831213338268	0.0750292172302945	0.16289980125165088	0.16535713102019725	0.02567247697867313	0.019135504040784068	0.03286296512544437	0.010437868514244462	0.0	0.07130670145288581	0.009302040918522542	0.026299647110233602	0.04244443915801349	0.04461893585003396	0.03734582402688208	0.18765455909623246	0.17274623908718048	0.1746309163020588	0.04576682130856065	0.17114235081676296	0.05456491463875119	0.07287053104283062	0.19670213639869047	0.1998833741866463	0.07916484644467747	0.1640694096500985	0.2598939575424687	0.19653107983396687	0.12352939442164491	0.15167682319168668	0.10055848830585463	0.07283860535332942	0.20966464099780566	0.08621869706503803	0.14433467836419978	0.11025464242297293	0.12601246929413026	0.08778725431473805	0.1104880077103888	0.07125962943967405	0.06676408755246103	0.058271534357819045	0.07383550965874741	0.05118479210512301	0.10796772124727709	0.1423419704084869	0.20285306420100252	0.20149053671663836	0.07373575636699886	0.06026592930347959	0.053571241462326356	0.035345050006674164	0.058440899888210454	0.07539893958819954	0.11449628699510042	0.11652221802157492	0.2034950776653599	0.10860815829328646	0.11143604608941378	0.19307627204651093	0.20496132964865077	0.15135479380011052	0.08038230097540958	0.22101934469484355	0.2236780133933855	0.07981759489761323	0.09151274716769955	0.06101881217124215	0.11353647492024523	0.19935890404416548	0.2137144148061402	0.2014187354425133	0.12379743975504674	0.0494867538297865	0.08016758082479306	0.0541421068403175	0.18173845837171274	0.23497657144406803	0.05757103505422452	0.05666248939066078
f23ppB	0.1031135163989211	0.18575085055359092	0.1062232383824336	0.08644335823923874	14.118311657291216	0.11135201402235077	0.10567430590824303	0.1447566565963069	0.12892756169321873	0.21679814571457512	0.2192554754831215	0.07957082144159736	0.07303384850370831	0.08676130958836861	0.08174256996613022	0.07130670145288581	0.0	0.06200666053536333	0.08019799157315784	0.09634278362093773	0.0985172803129582	0.09124416848980632	0.2415529035591567	0.22664458355010472	0.22852926076498303	0.09966516577148488	0.2250406952796872	0.10846325910167542	0.12676887550575486	0.2506004808616147	0.25378171864957055	0.1330631909076017	0.21796775411302274	0.3137923020053929	0.2504294242968911	0.17742773888456914	0.20557516765461092	0.15445683276877886	0.12673694981625366	0.26356298546072987	0.14011704152796228	0.19823302282712402	0.1641529868858972	0.1799108137570545	0.1416855987776623	0.16438635217331304	0.1251579739025983	0.12066243201538528	0.11216987882074328	0.12773385412167165	0.10508313656804724	0.16186606571020135	0.19624031487141114	0.25675140866392676	0.2553888811795626	0.1276341008299231	0.11416427376640384	0.1074695859252506	0.0892433944695984	0.1123392443511347	0.12929728405112378	0.16839463145802466	0.17042056248449916	0.25739342212828414	0.1625065027562107	0.165334390552338	0.24697461650943517	0.258859674111575	0.20525313826303476	0.13428064543833382	0.2749176891577678	0.27757635785630974	0.13371593936053747	0.1454110916306238	0.11491715663416639	0.16743481938316945	0.25325724850708975	0.26761275926906447	0.2553170799054375	0.177695784217971	0.10338509829271074	0.1340659252877173	0.10804045130324175	0.23563680283463698	0.28887491590699227	0.11146937951714876	0.11056083385358502
f17ppB	0.041108855864557856	0.12374619001922765	0.04421857784807034	0.024438697704875483	14.056306996756852	0.049347353487987515	0.04366964537387977	0.08275199606194364	0.06692290115885548	0.15479348518021185	0.15725081494875823	0.0175661609072341	0.011029187969345045	0.024756649054005347	0.019737909431766943	0.009302040918522542	0.06200666053536333	0.0	0.01819333103879458	0.03433812308657446	0.03651261977859493	0.02923950795544305	0.17954824302479344	0.16463992301574146	0.16652460023061977	0.03766050523712162	0.16303603474532394	0.04645859856731216	0.06476421497139158	0.18859582032725145	0.1917770581152073	0.07105853037323845	0.15596309357865948	0.2517876414710296	0.18842476376252784	0.11542307835020589	0.14357050712024763	0.09245217223441561	0.0647322892818904	0.20155832492636663	0.078112380993599	0.13622836229276075	0.10214832635153391	0.11790615322269124	0.07968093824329903	0.10238169163894978	0.06315331336823503	0.05865777148102201	0.050165218286380014	0.06572919358730839	0.04307847603368398	0.09986140517583807	0.13423565433704784	0.1947467481295635	0.19338422064519933	0.06562944029555984	0.05215961323204056	0.045464925390887326	0.027238733935235137	0.05033458381677143	0.06729262351676052	0.1063899709236614	0.1084159019501359	0.19538876159392088	0.10050184222184744	0.10332973001797476	0.1849699559750719	0.19685501357721175	0.1432484777286715	0.07227598490397054	0.21291302862340453	0.21557169732194648	0.0717112788261742	0.08340643109626052	0.05291249609980313	0.1054301588488062	0.19125258797272646	0.20560809873470118	0.19331241937107427	0.11569112368360772	0.041380437758347474	0.07206126475335403	0.046035790768878475	0.1736321423002737	0.226870255372629	0.0494647189827855	0.048556173319221754
w26pp	0.04263655184914711	0.12527388600381692	0.0457462738326596	0.02596639368946474	14.057834692741443	0.050875049472576775	0.04519734135846902	0.0842796920465329	0.06845059714344473	0.15632118116480112	0.1587785109333475	0.026306803788072368	0.01976983085018331	0.03349729193484362	0.036735515623478	0.026299647110233602	0.08019799157315784	0.01819333103879458	0.0	0.029478549880956023	0.03165304657297649	0.02437993474982461	0.1810759390093827	0.16616761900033072	0.16805229621520903	0.03918820122171088	0.1645637307299132	0.04798629455190142	0.06629191095598083	0.1901235163118407	0.19330475409979653	0.0725862263578277	0.15749078956324875	0.2533153374556189	0.1899524597471171	0.11695077433479514	0.1450982031048369	0.09397986821900486	0.06625998526647967	0.2030860209109559	0.07964007697818826	0.13775605827735002	0.10367602233612316	0.11943384920728049	0.0812086342278883	0.10390938762353903	0.06468100935282428	0.060185467465611264	0.051692914270969274	0.06725688957189765	0.04460617201827324	0.10138910116042732	0.1357633503216371	0.19627444411415274	0.19491191662978857	0.0671571362801491	0.05368730921662982	0.046992621375476586	0.028766429919824393	0.05186227980136068	0.06882031950134977	0.10791766690825065	0.10994359793472515	0.19691645757851012	0.10202953820643669	0.10485742600256401	0.18649765195966117	0.19838270956180099	0.14477617371326076	0.07380368088855979	0.2144407246079938	0.21709939330653572	0.07323897481076347	0.08493412708084977	0.05444019208439238	0.10695785483339545	0.19278028395731572	0.20713579471929044	0.19484011535566353	0.11721881966819697	0.04290813374293673	0.0735889607379433	0.04756348675346773	0.17515983828486298	0.22839795135721824	0.05099241496737475	0.05008386930381101
w27pp	0.05878134389692699	0.1414186780515968	0.06189106588043948	0.04211118573724462	14.073979484789222	0.06701984152035666	0.06134213340624891	0.10042448409431279	0.08459538919122461	0.172465973212581	0.17492330298112738	0.04245159583585226	0.0359146228979632	0.0496420839826235	0.052880307671257884	0.04244443915801349	0.09634278362093773	0.03433812308657446	0.029478549880956023	0.0	0.01875551654928859	0.011482404726136711	0.1972207310571626	0.1823124110481106	0.18419708826298892	0.05533299326949076	0.1807085227776931	0.06413108659968131	0.08243670300376073	0.2062683083596206	0.20944954614757644	0.0887310184056076	0.17363558161102863	0.26946012950339876	0.206097251794897	0.13309556638257503	0.16124299515261678	0.11012466026678475	0.08240477731425955	0.21923081295873578	0.09578486902596814	0.1539008503251299	0.11982081438390305	0.1355786412550604	0.09735342627566818	0.12005417967131893	0.08082580140060416	0.07633025951339115	0.06783770631874916	0.08340168161967754	0.060750964066053126	0.1175338932082072	0.151908142369417	0.21241923616193265	0.21105670867756848	0.08330192832792899	0.06983210126440971	0.06313741342325647	0.04491122196760428	0.06800707184914057	0.08496511154912967	0.12406245895603055	0.12608838998250504	0.21306124962629003	0.11817433025421659	0.12100221805034389	0.20264244400744105	0.2145275016095809	0.16092096576104065	0.08994847293633969	0.23058551665577368	0.23324418535431563	0.08938376685854335	0.10107891912862967	0.07058498413217228	0.12310264688117534	0.2089250760050956	0.22328058676707033	0.21098490740344342	0.13336361171597685	0.05905292579071662	0.08973375278572318	0.06370827880124762	0.19130463033264286	0.24454274340499815	0.06713720701515465	0.06622866135159089
w29pp	0.06095584058894746	0.14359317474361727	0.06406556257245995	0.04428568242926509	14.076153981481243	0.06919433821237712	0.06351663009826938	0.10259898078633325	0.08676988588324508	0.17464046990460147	0.17709779967314784	0.044626092527872724	0.038089119589983664	0.05181658067464397	0.05505480436327835	0.04461893585003396	0.0985172803129582	0.03651261977859493	0.03165304657297649	0.01875551654928859	0.0	0.007275111824151936	0.19939522774918306	0.18448690774013107	0.18637158495500938	0.05750748996151123	0.18288301946971355	0.06630558329170178	0.0846111996957812	0.20844280505164106	0.2116240428395969	0.09090551509762806	0.1758100783030491	0.2716346261954192	0.20827174848691746	0.1352700630745955	0.16341749184463725	0.11229915695880521	0.08457927400628001	0.22140530965075625	0.0979593657179886	0.15607534701715037	0.12199531107592351	0.13775313794708086	0.09952792296768864	0.1222286763633394	0.08300029809262463	0.07850475620541161	0.07001220301076963	0.085576178311698	0.06292546075807359	0.11970838990022767	0.15408263906143746	0.2145937328539531	0.21323120536958895	0.08547642501994945	0.07200659795643018	0.06531191011527694	0.04708571865962475	0.07018156854116103	0.08713960824115013	0.126236955648051	0.1282628866745255	0.2152357463183105	0.12034882694623705	0.12317671474236436	0.20481694069946152	0.21670199830160136	0.1630954624530611	0.09212296962836015	0.23276001334779414	0.2354186820463361	0.09155826355056382	0.10325341582065013	0.07275948082419274	0.1252771435731958	0.21109957269711607	0.2254550834590908	0.21315940409546388	0.13553810840799732	0.06122742248273709	0.09190824947774365	0.06588277549326808	0.19347912702466333	0.24671724009701862	0.06931170370717511	0.06840315804361136
w24pp	0.05368272876579558	0.1363200629204654	0.05679245074930807	0.03701257060611321	14.06888086965809	0.061921226389225245	0.0562435182751175	0.09532586896318138	0.0794967740600932	0.1673673580814496	0.16982468784999596	0.037352980704720845	0.030816007766831785	0.04454346885149209	0.04778169254012647	0.03734582402688208	0.09124416848980632	0.02923950795544305	0.02437993474982461	0.011482404726136711	0.007275111824151936	0.0	0.19212211592603118	0.1772137959169792	0.1790984731318575	0.05023437813835935	0.17560990764656167	0.059032471468549896	0.07733808787262932	0.20116969322848918	0.20435093101644503	0.08363240327447619	0.16853696647989722	0.26436151437226735	0.20099863666376558	0.1279969512514436	0.15614438002148537	0.10502604513565333	0.07730616218312814	0.21413219782760437	0.09068625389483673	0.1488022351939985	0.11472219925277163	0.13048002612392898	0.09225481114453676	0.11495556454018752	0.07572718626947275	0.07123164438225973	0.06273909118761775	0.07830306648854612	0.055652348934921714	0.11243527807707579	0.14680952723828558	0.20732062103080123	0.20595809354643707	0.07820331319679757	0.0647334861332783	0.05803879829212506	0.03981260683647287	0.06290845671800915	0.07986649641799826	0.11896384382489913	0.12098977485137363	0.20796263449515862	0.11307571512308517	0.11590360291921248	0.19754382887630964	0.20942888647844948	0.15582235062990923	0.08484985780520828	0.22548690152464226	0.2281455702231842	0.08428515172741194	0.09598030399749825	0.06548636900104086	0.11800403175004393	0.2038264608739642	0.21818197163593891	0.205886292272312	0.12826499658484544	0.05395431065958521	0.08463513765459177	0.058609663670116205	0.18620601520151145	0.23944412827386674	0.06203859188402323	0.061130046220459484
S1Hp	0.19087076274184125	0.27350809689651107	0.19398048472535373	0.17420060458215889	14.206068903634137	0.19910926036527093	0.19343155225116315	0.23251390293922705	0.21668480803613888	0.3120414768592773	0.3144988066278237	0.18766171577407123	0.18112474283618218	0.1948522039208425	0.19809042760947687	0.18765455909623246	0.2415529035591567	0.17954824302479344	0.1810759390093827	0.1972207310571626	0.19939522774918306	0.19212211592603118	0.0	0.20096112197352592	0.2678059185343657	0.16409793565676767	0.28947346516496997	0.17289602898695822	0.20520843328318425	0.3290400386390441	0.33222127642699995	0.2115027486850311	0.2964073118904521	0.39223185978282227	0.32886898207432047	0.25586729666199853	0.2840147254320403	0.23289639054620825	0.20517650759368306	0.34200254323815926	0.21855659930539167	0.2766725806045534	0.24259254466332658	0.2583503715344839	0.22012515655509168	0.24282590995074244	0.2035975316800277	0.19910198979281468	0.19060943659817267	0.20617341189910104	0.18352269434547663	0.24030562348763074	0.27467987264884053	0.33519096644135615	0.333828438956992	0.2060736586073525	0.19260383154383323	0.18590914370268	0.1676829522470278	0.19077880212856407	0.20773684182855318	0.24683418923545405	0.24886012026192855	0.33583297990571354	0.2409460605336401	0.2437739483297674	0.3254141742868646	0.3372992318890044	0.28369269604046415	0.2127202032157632	0.3533572469351972	0.35601591563373913	0.21215549713796686	0.2238506494080532	0.1933567144115958	0.24587437716059884	0.33169680628451914	0.34605231704649386	0.3337566376828669	0.2561353419954004	0.18182465607014014	0.2125054830651467	0.18648000908067114	0.31407636061206634	0.36731447368442166	0.18990893729457817	0.1890003916310144
