	w15pp	f12ppA	w16pp	w18pp	w24pp	w10pp	w9pp	f14ppA	f19pp	f22ppA	f7pp	f21pp	f8pp	f30pp	f32pp	f12ppB	f6ppA	f14ppB	f1pp	f4pp	f6ppB	f16ppA	w3pp	f24pp	f2pp	f22ppB	f20ppA	f16ppB	w11pp	f18pp	f25pp	w13pp	S28Hp
w15pp	0.0	0.2596947375926732	0.36634332957340426	0.3519067170902482	0.29506757666330063	0.4042098067277519	0.19130213074451966	0.30989032586460413	0.3134706053196698	0.29861857464144126	0.2783768801654922	0.3493337117334292	0.21480722000921282	0.27996219857137206	0.3284675845089835	0.30377556331124406	0.3062211027156435	0.19074167438957548	0.27709254303603387	0.22719040300720977	0.275259746635976	0.19169586370050995	0.24113022545468987	0.20974640353604262	0.22817325579747907	0.2325237474798626	0.19054109639009942	0.22264229724225823	0.31340599694764654	0.2639093803919983	0.20128353332221655	0.2570798370052818	0.23747411436276047
f12ppA	0.2596947375926732	0.0	0.35984751097379974	0.34541089849064366	0.2885717580636961	0.3977139881281474	0.1848063121449151	0.3033945072649996	0.3069747867200653	0.29212275604183674	0.2718810615658877	0.3428378931338247	0.21959463377988958	0.2847496123420488	0.33325499827966026	0.3085629770819208	0.3110085164863203	0.19552908816025222	0.28187995680671063	0.23197781677788654	0.2800471604066528	0.1964832774711867	0.2459176392253666	0.21453381730671933	0.2329606695681558	0.2499216063773533	0.20793895528759015	0.2606798471063275	0.35144354681171586	0.30194693025606767	0.23932108318628587	0.29511738686935113	0.4279231520235385
w16pp	0.36634332957340426	0.35984751097379974	0.0	0.40098513397010327	0.3441459935431558	0.45328822360760707	0.24038054762437477	0.3589707427454593	0.362551022200525	0.34769899152229644	0.3274572970463474	0.3984141286142844	0.32624322576062065	0.3913982043227799	0.43990359026039133	0.4152115690626519	0.41765710846705134	0.3021776801409833	0.3885285487874417	0.3386264087586176	0.38669575238738385	0.3031318694519178	0.35256623120609765	0.3211824092874504	0.3396092615488869	0.35657019835808434	0.3145875472683212	0.3673284390870586	0.4580921387924469	0.40859552223679874	0.34596967516701693	0.4017659788500822	0.5345717440042695
w18pp	0.3519067170902482	0.34541089849064366	0.40098513397010327	0.0	0.27966089544891415	0.3888031255133654	0.19310513032823315	0.3445341302623032	0.34811440971736884	0.33326237903914036	0.3130206845631913	0.3839775161311283	0.3118066132774645	0.37696159183962374	0.4254669777772352	0.4007749565794958	0.4032204959838952	0.28774106765782714	0.3740919363042856	0.32418979627546146	0.37225913990422776	0.28869525696876164	0.33812961872294156	0.3067457968042943	0.32517264906573073	0.34213358587492826	0.3001509347851651	0.3528918266039025	0.44365552630929084	0.39415890975364265	0.33153306268386085	0.3873293663669261	0.5201351315211135
w24pp	0.29506757666330063	0.2885717580636961	0.3441459935431558	0.27966089544891415	0.0	0.33196198508541785	0.13626598990128566	0.2876949898353557	0.29127526929042136	0.2764232386121928	0.2561815441362438	0.32713837570418075	0.254967472850517	0.32012245141267626	0.3686278373502877	0.34393581615254826	0.3463813555569477	0.23090192723087966	0.31725279587733807	0.267350655848514	0.3154199994772802	0.23185611654181415	0.2812904782959941	0.24990665637734677	0.26833350863878325	0.28529444544798077	0.2433117943582176	0.296052686176955	0.3868163858823433	0.33731976932669505	0.2746939222569133	0.33049022593997857	0.46329599109416586
w10pp	0.4042098067277519	0.3977139881281474	0.45328822360760707	0.3888031255133654	0.33196198508541785	0.0	0.24540821996573692	0.39683721989980697	0.40041749935487264	0.3855654686766441	0.36532377420069506	0.43628060576863203	0.3641097029149683	0.42926468147712754	0.477770067414739	0.45307804621699954	0.455523585621399	0.34004415729533094	0.42639502594178935	0.37649288591296526	0.4245622295417315	0.34099834660626543	0.3904327083604453	0.35904888644179805	0.37747573870323453	0.394436675512432	0.3524540244226689	0.40519491624140624	0.4959586159467946	0.4464619993911464	0.3838361523213646	0.43963245600442985	0.5724382211586172
w9pp	0.19130213074451966	0.1848063121449151	0.24038054762437477	0.19310513032823315	0.13626598990128566	0.24540821996573692	0.0	0.18392954391657468	0.18750982337164035	0.1726577926934118	0.15241609821746277	0.22337292978539974	0.151202026931736	0.21635700549389525	0.2648623914315067	0.24017037023376725	0.2426159096381667	0.12713648131209865	0.21348734995855706	0.16358520992973297	0.21165455355849921	0.12809067062303314	0.17752503237721304	0.14614121045856576	0.16456806272000224	0.18152899952919976	0.13954634843943658	0.192287240258174	0.28305093996356234	0.2335543234079141	0.1709284763381323	0.22672478002119759	0.3595305451753849
f14ppA	0.30989032586460413	0.3033945072649996	0.3589707427454593	0.3445341302623032	0.2876949898353557	0.39683721989980697	0.18392954391657468	0.0	0.18347447316488064	0.1862556934396783	0.2398916659204005	0.3108484974883375	0.2697902220518205	0.33494520061397975	0.3834505865515912	0.35875856535385175	0.3612041047582512	0.24572467643218315	0.33207554507864157	0.28217340504981747	0.3302427486785837	0.24667886574311765	0.2961132274972975	0.26472940557865027	0.28315625784008674	0.3001171946492842	0.2581345435595211	0.31087543537825846	0.4016391350836468	0.3521425185279986	0.2895166714582168	0.34531297514128206	0.4781187402954694
f19pp	0.3134706053196698	0.3069747867200653	0.362551022200525	0.34811440971736884	0.29127526929042136	0.40041749935487264	0.18750982337164035	0.18347447316488064	0.0	0.18983597289474394	0.24347194537546618	0.31442877694340315	0.2733705015068862	0.3385254800690454	0.38703086600665687	0.3623388448089174	0.3647843842133169	0.24930495588724882	0.33565582453370724	0.28575368450488314	0.3338230281336494	0.2502591451981833	0.2996935069523632	0.26830968503371594	0.2867365372951524	0.3036974741043499	0.26171482301458676	0.31445571483332413	0.40521941453871246	0.3557227979830643	0.2930969509132825	0.34889325459634773	0.4816990197505351
f22ppA	0.29861857464144126	0.29212275604183674	0.34769899152229644	0.33326237903914036	0.2764232386121928	0.3855654686766441	0.1726577926934118	0.1862556934396783	0.18983597289474394	0.0	0.22861991469723764	0.2995767462651746	0.25851847082865764	0.3236734493908169	0.3721788353284283	0.3474868141306889	0.34993235353508834	0.23445292520902028	0.3208037938554787	0.2709016538266546	0.31897099745542085	0.23540711451995477	0.2848414762741347	0.2534576543554874	0.27188450661692387	0.2888454434261214	0.24686279233635822	0.29960368415509564	0.3903673838604839	0.3408707673048357	0.2782449202350539	0.3340412239181192	0.4668469890723065
f7pp	0.2783768801654922	0.2718810615658877	0.3274572970463474	0.3130206845631913	0.2561815441362438	0.36532377420069506	0.15241609821746277	0.2398916659204005	0.24347194537546618	0.22861991469723764	0.0	0.2154802063231982	0.2382767763527086	0.30343175491486785	0.3519371408524793	0.32724511965473985	0.3296906590591393	0.21421123073307125	0.30056209937952966	0.25065995935070556	0.2987293029794718	0.21516542004400574	0.26459978179818566	0.23321595987953836	0.25164281214097484	0.26860374895017236	0.22662109786040918	0.2793619896791466	0.3701256893845349	0.32062907282888664	0.2580032257591049	0.31379952944217016	0.44660529459635745
f21pp	0.3493337117334292	0.3428378931338247	0.3984141286142844	0.3839775161311283	0.32713837570418075	0.43628060576863203	0.22337292978539974	0.3108484974883375	0.31442877694340315	0.2995767462651746	0.2154802063231982	0.0	0.3092336079206456	0.3743885864828048	0.42289397242041626	0.3982019512226768	0.4006474906270763	0.2851680623010082	0.37151893094746663	0.32161679091864254	0.3696861345474088	0.2861222516119427	0.33555661336612264	0.30417279144747533	0.3225996437089118	0.33956058051810933	0.29757792942834616	0.3503188212470836	0.44108252095247186	0.3915859043968236	0.32896005732704187	0.38475636101010713	0.5175621261642944
f8pp	0.21480722000921282	0.21959463377988958	0.32624322576062065	0.3118066132774645	0.254967472850517	0.3641097029149683	0.151202026931736	0.2697902220518205	0.2733705015068862	0.25851847082865764	0.2382767763527086	0.3092336079206456	0.0	0.1800568326065572	0.22856221854416864	0.2038701973464292	0.20631573675082865	0.09083630842476059	0.177187177071219	0.12728503704239488	0.17535438067116116	0.09179049773569506	0.16762181686073602	0.13623799494208874	0.17585864217376362	0.20503408879389293	0.16305143770412978	0.2157923295228672	0.3065560292282555	0.2570594126726073	0.1944335656028255	0.25022986928589075	0.38303563444007804
f30pp	0.27996219857137206	0.2847496123420488	0.3913982043227799	0.37696159183962374	0.32012245141267626	0.42926468147712754	0.21635700549389525	0.33494520061397975	0.3385254800690454	0.3236734493908169	0.30343175491486785	0.3743885864828048	0.1800568326065572	0.0	0.1621984107913831	0.23043880153286156	0.23288434093726101	0.11740491261119296	0.20375578125765137	0.15385364122882725	0.20638022771166145	0.14436143577723656	0.23277679542289526	0.20139297350424798	0.24101362073592286	0.2701890673560522	0.22820641626628901	0.28094730808502644	0.3717110077904147	0.3222143912347665	0.2595885441649847	0.31538484784805	0.4481906130022373
f32pp	0.3284675845089835	0.33325499827966026	0.43990359026039133	0.4254669777772352	0.3686278373502877	0.477770067414739	0.2648623914315067	0.3834505865515912	0.38703086600665687	0.3721788353284283	0.3519371408524793	0.42289397242041626	0.22856221854416864	0.1621984107913831	0.0	0.278944187470473	0.28138972687487246	0.1659102985488044	0.2522611671952628	0.2023590271664387	0.2548856136492729	0.192866821714848	0.2812821813605067	0.24989835944185942	0.2895190066735343	0.31869445329366364	0.27671180220390046	0.3294526940226379	0.42021639372802616	0.3707197771723779	0.30809393010259617	0.36389023378566143	0.4966959989398487
f12ppB	0.30377556331124406	0.3085629770819208	0.4152115690626519	0.4007749565794958	0.34393581615254826	0.45307804621699954	0.24017037023376725	0.35875856535385175	0.3623388448089174	0.3474868141306889	0.32724511965473985	0.3982019512226768	0.2038701973464292	0.23043880153286156	0.278944187470473	0.0	0.21595094887684935	0.13719723684864876	0.22354810549510717	0.17364596546628308	0.23019359245153348	0.16817480051710856	0.25659016016276726	0.22520633824411998	0.26482698547579486	0.29400243209592414	0.252019781006161	0.3047606728248984	0.3955243725302867	0.34602775597463853	0.2834019089048567	0.339198212587922	0.47200397774210934
f6ppA	0.3062211027156435	0.3110085164863203	0.41765710846705134	0.4032204959838952	0.3463813555569477	0.455523585621399	0.2426159096381667	0.3612041047582512	0.3647843842133169	0.34993235353508834	0.3296906590591393	0.4006474906270763	0.20631573675082865	0.23288434093726101	0.28138972687487246	0.21595094887684935	0.0	0.13964277625304822	0.22599364489950663	0.17609150487068254	0.23263913185593293	0.17062033992150802	0.2590356995671667	0.22765187764851944	0.2672725248801943	0.29644797150032365	0.25446532041056047	0.3072062122292979	0.39796991193468617	0.34847329537903793	0.2858474483092562	0.34164375199232144	0.47444951714650874
f14ppB	0.19074167438957548	0.19552908816025222	0.3021776801409833	0.28774106765782714	0.23090192723087966	0.34004415729533094	0.12713648131209865	0.24572467643218315	0.24930495588724882	0.23445292520902028	0.21421123073307125	0.2851680623010082	0.09083630842476059	0.11740491261119296	0.1659102985488044	0.13719723684864876	0.13964277625304822	0.0	0.08635286864745846	0.036450728618634354	0.11715970352986485	0.05514091159543996	0.14355627124109865	0.1121724493224514	0.15179309655412626	0.1809685431742556	0.1389858920844924	0.19172678390322984	0.28249048360861817	0.23299386705296993	0.17036801998318812	0.22616432366625341	0.35897008882044074
f1pp	0.27709254303603387	0.28187995680671063	0.3885285487874417	0.3740919363042856	0.31725279587733807	0.42639502594178935	0.21348734995855706	0.33207554507864157	0.33565582453370724	0.3208037938554787	0.30056209937952966	0.37151893094746663	0.177187177071219	0.20375578125765137	0.2522611671952628	0.22354810549510717	0.22599364489950663	0.08635286864745846	0.0	0.10067717494311954	0.20351057217632326	0.14149178024189837	0.22990713988755707	0.1985233179689098	0.23814396520058467	0.26731941182071395	0.22533676073095082	0.2780776525496882	0.3688413522550765	0.31934473569942834	0.25671888862964654	0.3125151923127118	0.44532095746689915
f4pp	0.22719040300720977	0.23197781677788654	0.3386264087586176	0.32418979627546146	0.267350655848514	0.37649288591296526	0.16358520992973297	0.28217340504981747	0.28575368450488314	0.2709016538266546	0.25065995935070556	0.32161679091864254	0.12728503704239488	0.15385364122882725	0.2023590271664387	0.17364596546628308	0.17609150487068254	0.036450728618634354	0.10067717494311954	0.0	0.15360843214749914	0.09158964021307425	0.18000499985873297	0.1486211779400857	0.18824182517176058	0.21741727179188988	0.17543462070212673	0.22817551252086415	0.31893921222625243	0.26944259567060425	0.20681674860082244	0.2626130522838877	0.39541881743807505
f6ppB	0.275259746635976	0.2800471604066528	0.38669575238738385	0.37225913990422776	0.3154199994772802	0.4245622295417315	0.21165455355849921	0.3302427486785837	0.3338230281336494	0.31897099745542085	0.2987293029794718	0.3696861345474088	0.17535438067116116	0.20638022771166145	0.2548856136492729	0.23019359245153348	0.23263913185593293	0.11715970352986485	0.20351057217632326	0.15360843214749914	0.0	0.13965898384184053	0.22807434348749922	0.19669052156885194	0.23631116880052683	0.2654866154206561	0.22350396433089298	0.27624485614963035	0.3670085558550187	0.3175119392993705	0.2548860922295887	0.31068239591265395	0.4434881610668413
f16ppA	0.19169586370050995	0.1964832774711867	0.3031318694519178	0.28869525696876164	0.23185611654181415	0.34099834660626543	0.12809067062303314	0.24667886574311765	0.2502591451981833	0.23540711451995477	0.21516542004400574	0.2861222516119427	0.09179049773569506	0.14436143577723656	0.192866821714848	0.16817480051710856	0.17062033992150802	0.05514091159543996	0.14149178024189837	0.09158964021307425	0.13965898384184053	0.0	0.14451046055203315	0.11312663863338587	0.15274728586506076	0.18192273248519006	0.1399400813954269	0.19268097321416433	0.2834446729195526	0.23394805636390442	0.17132220929412262	0.22711851297718788	0.3599242781313752
w3pp	0.24113022545468987	0.2459176392253666	0.35256623120609765	0.33812961872294156	0.2812904782959941	0.3904327083604453	0.17752503237721304	0.2961132274972975	0.2996935069523632	0.2848414762741347	0.26459978179818566	0.33555661336612264	0.16762181686073602	0.23277679542289526	0.2812821813605067	0.25659016016276726	0.2590356995671667	0.14355627124109865	0.22990713988755707	0.18000499985873297	0.22807434348749922	0.14451046055203315	0.0	0.14247288950331044	0.20218164761924065	0.23135709423936995	0.18937444314960683	0.24211533496834423	0.33287903467373253	0.2833824181180843	0.22075657104830254	0.2765528747313678	0.4093586398855551
f24pp	0.20974640353604262	0.21453381730671933	0.3211824092874504	0.3067457968042943	0.24990665637734677	0.35904888644179805	0.14614121045856576	0.26472940557865027	0.26830968503371594	0.2534576543554874	0.23321595987953836	0.30417279144747533	0.13623799494208874	0.20139297350424798	0.24989835944185942	0.22520633824411998	0.22765187764851944	0.1121724493224514	0.1985233179689098	0.1486211779400857	0.19669052156885194	0.11312663863338587	0.14247288950331044	0.0	0.17079782570059338	0.1999732723207227	0.15799062123095955	0.21073151304969695	0.3014952127550853	0.25199859619943704	0.18937274912965527	0.24516905281272056	0.3779748179669079
f2pp	0.22817325579747907	0.2329606695681558	0.3396092615488869	0.32517264906573073	0.26833350863878325	0.37747573870323453	0.16456806272000224	0.28315625784008674	0.2867365372951524	0.27188450661692387	0.25164281214097484	0.3225996437089118	0.17585864217376362	0.24101362073592286	0.2895190066735343	0.26482698547579486	0.2672725248801943	0.15179309655412626	0.23814396520058467	0.18824182517176058	0.23631116880052683	0.15274728586506076	0.20218164761924065	0.17079782570059338	0.0	0.21840012458215918	0.176417473492396	0.22915836531113343	0.31992206501652176	0.2704254484608735	0.20779960139109172	0.263595905074157	0.3964016702283443
f22ppB	0.2325237474798626	0.2499216063773533	0.35657019835808434	0.34213358587492826	0.28529444544798077	0.394436675512432	0.18152899952919976	0.3001171946492842	0.3036974741043499	0.2888454434261214	0.26860374895017236	0.33956058051810933	0.20503408879389293	0.2701890673560522	0.31869445329366364	0.29400243209592414	0.29644797150032365	0.1809685431742556	0.26731941182071395	0.21741727179188988	0.2654866154206561	0.18192273248519006	0.23135709423936995	0.1999732723207227	0.21840012458215918	0.0	0.1244019370559197	0.23350885699351692	0.32427255669890526	0.274775940143257	0.21215009307347524	0.26794639675654053	0.4007521619107278
f20ppA	0.19054109639009942	0.20793895528759015	0.3145875472683212	0.3001509347851651	0.2433117943582176	0.3524540244226689	0.13954634843943658	0.2581345435595211	0.26171482301458676	0.24686279233635822	0.22662109786040918	0.29757792942834616	0.16305143770412978	0.22820641626628901	0.27671180220390046	0.252019781006161	0.25446532041056047	0.1389858920844924	0.22533676073095082	0.17543462070212673	0.22350396433089298	0.1399400813954269	0.18937444314960683	0.15799062123095955	0.176417473492396	0.1244019370559197	0.0	0.1915262059037538	0.2822899056091421	0.2327932890534939	0.1701674419837121	0.22596374566677735	0.35876951082096464
f16ppB	0.22264229724225823	0.2606798471063275	0.3673284390870586	0.3528918266039025	0.296052686176955	0.40519491624140624	0.192287240258174	0.31087543537825846	0.31445571483332413	0.29960368415509564	0.2793619896791466	0.3503188212470836	0.2157923295228672	0.28094730808502644	0.3294526940226379	0.3047606728248984	0.3072062122292979	0.19172678390322984	0.2780776525496882	0.22817551252086415	0.27624485614963035	0.19268097321416433	0.24211533496834423	0.21073151304969695	0.22915836531113343	0.23350885699351692	0.1915262059037538	0.0	0.2838779879259396	0.23438137137029136	0.19033012679497835	0.24612643047804364	0.3908707116731235
w11pp	0.31340599694764654	0.35144354681171586	0.4580921387924469	0.44365552630929084	0.3868163858823433	0.4959586159467946	0.28305093996356234	0.4016391350836468	0.40521941453871246	0.3903673838604839	0.3701256893845349	0.44108252095247186	0.3065560292282555	0.3717110077904147	0.42021639372802616	0.3955243725302867	0.39796991193468617	0.28249048360861817	0.3688413522550765	0.31893921222625243	0.3670085558550187	0.2834446729195526	0.33287903467373253	0.3014952127550853	0.31992206501652176	0.32427255669890526	0.2822899056091421	0.2838779879259396	0.0	0.22171582836471707	0.2810938265003667	0.33689013018343195	0.4816344113785118
f18pp	0.2639093803919983	0.30194693025606767	0.40859552223679874	0.39415890975364265	0.33731976932669505	0.4464619993911464	0.2335543234079141	0.3521425185279986	0.3557227979830643	0.3408707673048357	0.32062907282888664	0.3915859043968236	0.2570594126726073	0.3222143912347665	0.3707197771723779	0.34602775597463853	0.34847329537903793	0.23299386705296993	0.31934473569942834	0.26944259567060425	0.3175119392993705	0.23394805636390442	0.2833824181180843	0.25199859619943704	0.2704254484608735	0.274775940143257	0.2327932890534939	0.23438137137029136	0.22171582836471707	0.0	0.23159720994471844	0.28739351362778376	0.4321377948228636
f25pp	0.20128353332221655	0.23932108318628587	0.34596967516701693	0.33153306268386085	0.2746939222569133	0.3838361523213646	0.1709284763381323	0.2895166714582168	0.2930969509132825	0.2782449202350539	0.2580032257591049	0.32896005732704187	0.1944335656028255	0.2595885441649847	0.30809393010259617	0.2834019089048567	0.2858474483092562	0.17036801998318812	0.25671888862964654	0.20681674860082244	0.2548860922295887	0.17132220929412262	0.22075657104830254	0.18937274912965527	0.20779960139109172	0.21215009307347524	0.1701674419837121	0.19033012679497835	0.2810938265003667	0.23159720994471844	0.0	0.20218948379665957	0.3695119477530818
w13pp	0.2570798370052818	0.29511738686935113	0.4017659788500822	0.3873293663669261	0.33049022593997857	0.43963245600442985	0.22672478002119759	0.34531297514128206	0.34889325459634773	0.3340412239181192	0.31379952944217016	0.38475636101010713	0.25022986928589075	0.31538484784805	0.36389023378566143	0.339198212587922	0.34164375199232144	0.22616432366625341	0.3125151923127118	0.2626130522838877	0.31068239591265395	0.22711851297718788	0.2765528747313678	0.24516905281272056	0.263595905074157	0.26794639675654053	0.22596374566677735	0.24612643047804364	0.33689013018343195	0.28739351362778376	0.20218948379665957	0.0	0.42530825143614703
S28Hp	0.23747411436276047	0.4279231520235385	0.5345717440042695	0.5201351315211135	0.46329599109416586	0.5724382211586172	0.3595305451753849	0.4781187402954694	0.4816990197505351	0.4668469890723065	0.44660529459635745	0.5175621261642944	0.38303563444007804	0.4481906130022373	0.4966959989398487	0.47200397774210934	0.47444951714650874	0.35897008882044074	0.44532095746689915	0.39541881743807505	0.4434881610668413	0.3599242781313752	0.4093586398855551	0.3779748179669079	0.3964016702283443	0.4007521619107278	0.35876951082096464	0.3908707116731235	0.4816344113785118	0.4321377948228636	0.3695119477530818	0.42530825143614703	0.0
