	w2pp	s2pp	s24pp	530451	s18pp	s12pp	w11pp	s11pp	F16H1	s14pp	s15pp	w14pp	s29pp	s26pp	s17pp	s32pp	S17H1	w21pp	s31pp	w15pp	s28pp	s16pp	w16pp	w4pp	w18pp	s27pp	s25pp	s22pp	S29H1	s4pp	s10pp	S8Hp	w29pp	f8pp	w30pp	S4Hp	f4pp	S13Hp	S15Hp	S22Hp	S9H1	530331	S28Hp	S1Hp	31750	S6Hp	S20H1	F14H1A	S26Hp	S16H2	S18H1	f14ppB	s6pp	w6pp	S21H1	s13pp	s30pp	s20pp	s19pp	s9pp	s7pp	F23HpA	s23pp	w32pp	s1pp	w7pp
w2pp	0.0	0.004233963302420274	0.05724198457947349	0.0879259074974706	0.03786811334606066	0.05449634215943812	0.1043355600752859	0.10420877313919627	0.06010010505937195	0.044887240115525265	0.060834390913510415	0.06886778277610468	0.0584290166881369	0.042638403404090156	0.04784621710660122	0.06245825998172624	0.08004285269336547	0.0686136980129097	0.06501593016161794	0.0573297733051675	0.06054221214694716	0.058830507921258816	0.06616565912470795	0.06202756602990933	0.04518917202877086	0.09396797435930127	0.0569496020117333	0.08418736112470852	0.10892109612022058	0.09072508206475288	0.151395221662872	0.109377037556519	0.08379741044095688	0.15724775188238188	0.14758605281223264	0.18907740272468182	0.25382990905504843	0.30905347516617176	0.40133949202399827	0.5421035318814981	0.5137276842310607	0.6099468333064744	0.545169184024998	0.5310801326964677	0.5835398840003321	0.5590415808282394	0.47134983096344096	0.6391558909087393	0.629630470971995	0.5964919749654953	0.39582054086934215	0.2721607203958233	0.19092583082949383	0.10907277306947827	0.11178922374795658	0.15217056922732686	0.1417074983787276	0.1459516197343354	0.14913478547677805	0.09839241207811193	0.09686080305054898	0.12819690053464056	0.12468080015088888	0.14522420677340753	0.04582498973417646	0.09164815633980788
s2pp	0.004233963302420274	0.0	0.05753395417534908	0.08821787709334619	0.03816008294193625	0.05478831175531371	0.10462752967116148	0.10450074273507186	0.06039207465524754	0.04517920971140085	0.061126360509385996	0.06915975237198027	0.05872098628401248	0.04293037299996574	0.0481381867024768	0.06275022957760182	0.08033482228924105	0.06890566760878528	0.06530789975749353	0.05762174290104309	0.06083418174282275	0.0591224775171344	0.06645762872058354	0.06231953562578492	0.04548114162464645	0.09425994395517684	0.05724157160760888	0.08447933072058411	0.10921306571609615	0.09101705166062846	0.15168719125874758	0.10966900715239458	0.08408938003683247	0.15753972147825746	0.14787802240810824	0.1893693723205574	0.254121878650924	0.30934544476204734	0.40163146161987384	0.5423955014773737	0.5140196538269364	0.61023880290235	0.5454611536208737	0.5313721022923432	0.5838318535962077	0.559333550424115	0.47164180055931654	0.6394478605046149	0.6299224405678706	0.596783944561371	0.3961125104652177	0.27245268999169886	0.1912178004253694	0.10936474266535384	0.11208119334383215	0.15246253882320246	0.1419994679746032	0.14624358933021098	0.14942675507265363	0.09868438167398752	0.09715277264642455	0.12848887013051616	0.12497276974676447	0.14551617636928313	0.04611695933005204	0.09194012593568347
s24pp	0.05724198457947349	0.05753395417534908	0.0	0.07879733937596463	0.04537723708118628	0.06200546589456374	0.11184468381041152	0.1117178968743219	0.0810657069532503	0.06585284200940361	0.08179999280738877	0.08983338466998303	0.07939461858201526	0.0636040052979685	0.06881181900047957	0.08342386187560459	0.10100845458724382	0.08957929990678805	0.0859815320554963	0.07829537519904586	0.08150781404082552	0.07979610981513717	0.08713126101858631	0.08299316792378769	0.06615477392264922	0.11493357625317961	0.07791520390561166	0.10515296301858687	0.12988669801409894	0.11169068395863123	0.17236082355675036	0.13034263945039734	0.10476301233483523	0.1782133537762602	0.168551654706111	0.21004300461856015	0.2747955109489268	0.3300190770600501	0.42230509391787663	0.5630691337753765	0.5346932861249392	0.6309124352003528	0.5661347859188764	0.552045734590346	0.6045054858942105	0.5800071827221178	0.4923154328573193	0.6601214928026177	0.6505960728658734	0.6174575768593737	0.4167861427632205	0.29312632228970165	0.21189143272337216	0.13003837496335663	0.13275482564183494	0.17313617112120522	0.16267310027260595	0.16691722162821374	0.17010038737065641	0.11935801397199028	0.11782640494442732	0.14916250242851892	0.14564640204476723	0.1661898086672859	0.06679059162805481	0.11261375823368625
530451	0.0879259074974706	0.08821787709334619	0.07879733937596463	0.0	0.07606115999918339	0.09268938881256086	0.14252860672840864	0.14240181979231903	0.11174962987124742	0.09653676492740074	0.1124839157253859	0.12051730758798015	0.11007854150001238	0.09428792821596563	0.0994957419184767	0.1141077847936017	0.13169237750524093	0.12026322282478516	0.11666545497349341	0.10897929811704297	0.11219173695882263	0.11048003273313428	0.11781518393658344	0.11367709084178482	0.09683869684064635	0.14561749917117675	0.10859912682360878	0.135836885936584	0.16057062093209606	0.14237460687662837	0.2030447464747475	0.16102656236839447	0.13544693525283236	0.20889727669425734	0.19923557762410815	0.24072692753655728	0.3054794338669239	0.3607029999780472	0.4529890168358737	0.5937530566933736	0.5653772090429363	0.6615963581183499	0.5968187088368736	0.5827296575083432	0.6351894088122076	0.610691105640115	0.5229993557753164	0.6908054157206148	0.6812799957838706	0.6481414997773709	0.4474700656812176	0.32381024520769874	0.24257535564136928	0.16072229788135375	0.16343874855983206	0.20382009403920237	0.1933570231906031	0.19760114454621086	0.20078431028865354	0.1500419368899874	0.14851032786242446	0.17984642534651607	0.17633032496276435	0.19687373158528304	0.09747451454605194	0.14329768115168337
s18pp	0.03786811334606066	0.03816008294193625	0.04537723708118628	0.07606115999918339	0.0	0.022141166313903296	0.07198038422975109	0.07185359729366146	0.061691835719837475	0.04647897077599079	0.06242612157397594	0.0704595134365702	0.060020747348602424	0.04423013406455567	0.04943794776706674	0.06404999064219176	0.08163458335383099	0.07020542867337522	0.06660766082208347	0.058921503965633025	0.06213394280741268	0.06042223858172434	0.06775738978517348	0.06361929669037486	0.04678090268923639	0.09555970501976678	0.05854133267219882	0.08577909178517404	0.11051282678068611	0.0923168127252184	0.15298695232333753	0.11096876821698451	0.0853891411014224	0.15883948254284738	0.14917778347269817	0.19066913338514732	0.25542163971551396	0.3106452058266373	0.4029312226844638	0.5436952625419637	0.5153194148915263	0.61153856396694	0.5467609146854636	0.5326718633569332	0.5851316146607977	0.560633311488705	0.4729415616239065	0.6407476215692048	0.6312222016324606	0.5980837056259609	0.3974122715298077	0.2737524510562888	0.19251756148995933	0.1106645037299438	0.11338095440842211	0.1537622998877924	0.14329922903919312	0.1475433503948009	0.15072651613724358	0.09998414273857745	0.09845253371101449	0.12978863119510609	0.1262725308113544	0.14681593743387306	0.04741672039464198	0.09323988700027341
s12pp	0.05449634215943812	0.05478831175531371	0.06200546589456374	0.09268938881256086	0.022141166313903296	0.0	0.08399413356108952	0.0838673466249999	0.07832006453321494	0.06310719958936825	0.0790543503873534	0.08708774224994767	0.07664897616197988	0.06085836287793313	0.0660661765804442	0.08067821945556922	0.09826281216720845	0.08683365748675267	0.08323588963546091	0.07554973277901048	0.07876217162079013	0.0770504673951018	0.08438561859855094	0.08024752550375232	0.06340913150261385	0.11218793383314424	0.07516956148557627	0.10240732059855151	0.12714105559406355	0.10894504153859585	0.16961518113671498	0.12759699703036198	0.10201736991479987	0.17546771135622485	0.16580601228607564	0.2072973621985248	0.2720498685288914	0.32727343464001474	0.41955945149784124	0.5603234913553411	0.5319476437049038	0.6281667927803174	0.5633891434988411	0.5493000921703106	0.6017598434741751	0.5772615403020824	0.48956979043728394	0.6573758503825823	0.647850430445838	0.6147119344393384	0.4140405003431851	0.29038067986966626	0.2091457903033368	0.12729273254332124	0.13000918322179955	0.17039052870116986	0.1599274578525706	0.16417157920817838	0.16735474495062103	0.11661237155195492	0.11508076252439195	0.14641686000848356	0.14290075962473187	0.16344416624725053	0.06404494920801944	0.10986811581365087
w11pp	0.1043355600752859	0.10462752967116148	0.11184468381041152	0.14252860672840864	0.07198038422975109	0.08399413356108952	0.0	0.026048661931437678	0.12815928244906272	0.11294641750521603	0.1288935683032012	0.13692696016579545	0.1264881940778277	0.11069758079378092	0.11590539449629199	0.130517437371417	0.14810203008305622	0.13667287540260045	0.1330751075513087	0.12538895069485828	0.1286013895366379	0.12688968531094957	0.13422483651439873	0.1300867434196001	0.11324834941846164	0.16202715174899204	0.12500877940142407	0.1522465385143993	0.17698027350991136	0.15878425945444366	0.21945439905256278	0.17743621494620976	0.15185658783064765	0.22530692927207263	0.21564523020192344	0.25713658011437257	0.3218890864447392	0.3771126525558625	0.469398669413689	0.6101627092711889	0.5817868616207515	0.6780060106961652	0.6132283614146888	0.5991393100861585	0.6515990613900229	0.6271007582179302	0.5394090083531318	0.7072150682984301	0.6976896483616858	0.6645511523551861	0.4638797182590329	0.34021989778551404	0.2589850082191846	0.17713195045916905	0.17984840113764736	0.22022974661701766	0.2097666757684184	0.21401079712402615	0.21719396286646883	0.1664515894678027	0.16491998044023976	0.19625607792433136	0.19273997754057964	0.21328338416309833	0.11388416712386723	0.15970733372949866
s11pp	0.10420877313919627	0.10450074273507186	0.1117178968743219	0.14240181979231903	0.07185359729366146	0.0838673466249999	0.026048661931437678	0.0	0.12803249551297308	0.1128196305691264	0.12876678136711156	0.13680017322970583	0.12636140714173805	0.1105707938576913	0.11577860756020236	0.13039065043532738	0.1479752431469666	0.13654608846651084	0.13294832061521908	0.12526216375876864	0.1284746026005483	0.12676289837485996	0.1340980495783091	0.12995995648351047	0.113121562482372	0.1619003648129024	0.12488199246533443	0.15211975157830965	0.17685348657382172	0.15865747251835402	0.21932761211647314	0.17730942801012012	0.151729800894558	0.225180142335983	0.2155184432658338	0.25700979317828293	0.32176229950864954	0.3769858656197729	0.4692718824775994	0.6100359223350993	0.581660074684662	0.6778792237600756	0.6131015744785993	0.5990125231500688	0.6514722744539333	0.6269739712818406	0.5392822214170421	0.7070882813623405	0.6975628614255962	0.6644243654190966	0.46375293132294326	0.3400931108494244	0.25885822128309494	0.1770051635230794	0.17972161420155772	0.22010295968092802	0.20963988883232876	0.2138840101879365	0.2170671759303792	0.16632480253171306	0.16479319350415012	0.19612929098824172	0.19261319060449	0.2131565972270087	0.11375738018777759	0.15958054679340902
F16H1	0.06010010505937195	0.06039207465524754	0.0810657069532503	0.11174962987124742	0.061691835719837475	0.07832006453321494	0.12815928244906272	0.12803249551297308	0.0	0.060892246243788334	0.08042938921232151	0.08846278107491579	0.078024014986948	0.06223340170290126	0.06744121540541231	0.08205325828053733	0.09963785099217656	0.08820869631172079	0.08461092846042904	0.0769247716039786	0.08013721044575826	0.07842550622006991	0.08576065742351907	0.08162256432872043	0.06478417032758196	0.11356297265811235	0.0765446003105444	0.10378235942351963	0.12851609441903167	0.11032008036356397	0.17099021996168312	0.1289720358553301	0.10339240873976799	0.17684275018119297	0.16718105111104375	0.2086724010234929	0.2734249073538595	0.3286484734649828	0.4209344903228094	0.5616985301803092	0.5333226825298719	0.6295418316052855	0.5647641823238092	0.5506751309952788	0.6031348822991432	0.5786365791270506	0.490944829262252	0.6587508892075504	0.6492254692708062	0.6160869732643065	0.4154155391681532	0.29175571869463435	0.21052082912830491	0.12866777136828939	0.1313842220467677	0.17176556752613797	0.1613024966775387	0.1655466180331465	0.16872978377558917	0.11798741037692304	0.11645580134936007	0.14779189883345167	0.14427579844969998	0.16481920507221864	0.06541998803298756	0.111243154638619
s14pp	0.044887240115525265	0.04517920971140085	0.06585284200940361	0.09653676492740074	0.04647897077599079	0.06310719958936825	0.11294641750521603	0.1128196305691264	0.060892246243788334	0.0	0.06521652426847482	0.0732499161310691	0.06281115004310131	0.04702053675905457	0.05222835046156563	0.06684039333669065	0.08442498604832988	0.0729958313678741	0.06939806351658236	0.06171190666013192	0.06492434550191158	0.06321264127622322	0.07054779247967238	0.06640969938487375	0.049571305383735276	0.09835010771426567	0.06133173536669771	0.08856949447967294	0.113303229475185	0.09510721541971728	0.1557773550178364	0.11375917091148341	0.0881795437959213	0.16162988523734628	0.15196818616719707	0.19345953607964622	0.25821204241001283	0.31343560852113617	0.40572162537896267	0.5464856652364625	0.5181098175860253	0.6143289666614389	0.5495513173799624	0.5354622660514321	0.5879220173552966	0.5634237141832039	0.47573196431840536	0.6435380242637037	0.6340126043269594	0.6008741083204598	0.40020267422430655	0.2765428537507877	0.19530796418445823	0.11345490642444268	0.116171357102921	0.1565527025822913	0.14608963173369202	0.1503337530892998	0.15351691883174245	0.10277454543307635	0.10124293640551338	0.13257903388960499	0.1290629335058533	0.14960634012837196	0.050207123089140875	0.09603028969477231
s15pp	0.060834390913510415	0.061126360509385996	0.08179999280738877	0.1124839157253859	0.06242612157397594	0.0790543503873534	0.1288935683032012	0.12876678136711156	0.08042938921232151	0.06521652426847482	0.0	0.037729097970484335	0.027290331882516557	0.04262529522586413	0.047833108928375195	0.07220144153910943	0.08978603425074866	0.07835687957029289	0.07475911171900113	0.06707295486255069	0.07028539370433035	0.06857368947864201	0.07590884068209115	0.07177074758729253	0.05493235358615406	0.10371115591668445	0.06669278356911648	0.09393054268209172	0.11866427767760376	0.10046826362213607	0.1611384032202552	0.11912021911390219	0.09354059199834008	0.16699093343976507	0.15732923436961585	0.198820584282065	0.2635730906124316	0.31879665672355495	0.41108267358138145	0.5518467134388813	0.5234708657884439	0.6196900148638576	0.5549123655823812	0.5408233142538509	0.5932830655577153	0.5687847623856226	0.48109301252082415	0.6488990724661224	0.6393736525293782	0.6062351565228785	0.40556372242672534	0.28190390195320647	0.200669012386877	0.11881595462686145	0.12153240530533976	0.16191375078471007	0.1514506799361108	0.1556948012917186	0.15887796703416124	0.10813559363549513	0.10660398460793216	0.13794008209202377	0.13442398170827208	0.15496738833079074	0.05556817129155965	0.10139133789719108
w14pp	0.06886778277610468	0.06915975237198027	0.08983338466998303	0.12051730758798015	0.0704595134365702	0.08708774224994767	0.13692696016579545	0.13680017322970583	0.08846278107491579	0.0732499161310691	0.037729097970484335	0.0	0.023674660730959488	0.0506586870884584	0.05586650079096946	0.0802348334017037	0.09781942611334293	0.08639027143288716	0.0827925035815954	0.07510634672514496	0.07831878556692462	0.07660708134123628	0.08394223254468541	0.07980413944988679	0.06296574544874832	0.11174454777927872	0.07472617543171076	0.10196393454468598	0.12669766954019804	0.10850165548473034	0.16917179508284946	0.12715361097649647	0.10157398386093434	0.17502432530235934	0.1653626262322101	0.20685397614465928	0.2716064824750259	0.3268300485861492	0.4191160654439757	0.5598801053014756	0.5315042576510383	0.6277234067264519	0.5629457574449755	0.5488567061164451	0.6013164574203096	0.5768181542482169	0.4891264043834184	0.6569324643287168	0.6474070443919725	0.6142685483854728	0.4135971142893196	0.28993729381580075	0.20870240424947128	0.12684934648945573	0.12956579716793404	0.16994714264730432	0.15948407179870505	0.16372819315431286	0.1669113588967555	0.11616898549808939	0.11463737647052644	0.14597347395461802	0.14245737357086635	0.163000780193385	0.06360156315415391	0.10942472975978534
s29pp	0.0584290166881369	0.05872098628401248	0.07939461858201526	0.11007854150001238	0.060020747348602424	0.07664897616197988	0.1264881940778277	0.12636140714173805	0.078024014986948	0.06281115004310131	0.027290331882516557	0.023674660730959488	0.0	0.04021992100049062	0.04542773470300168	0.06979606731373592	0.08738066002537515	0.07595150534491937	0.07235373749362761	0.06466758063717717	0.06788001947895683	0.0661683152532685	0.07350346645671764	0.06936537336191902	0.052526979360780546	0.10130578169131094	0.06428740934374297	0.09152516845671821	0.11625890345223025	0.09806288939676255	0.15873302899488168	0.11671484488852868	0.09113521777296657	0.16458555921439155	0.15492386014424234	0.1964152100566915	0.2611677163870581	0.31639128249818144	0.40867729935600794	0.5494413392135078	0.5210654915630705	0.6172846406384841	0.5525069913570078	0.5384179400284773	0.5908776913323418	0.5663793881602491	0.47868763829545063	0.646493698240749	0.6369682783040047	0.6038297822975051	0.4031583482013518	0.27949852772783296	0.1982636381615035	0.11641058040148794	0.11912703107996625	0.15950837655933656	0.1490453057107373	0.15328942706634507	0.15647259280878772	0.10573021941012162	0.10419861038255865	0.13553470786665026	0.13201860748289856	0.15256201410541723	0.05316279706618614	0.09898596367181757
s26pp	0.042638403404090156	0.04293037299996574	0.0636040052979685	0.09428792821596563	0.04423013406455567	0.06085836287793313	0.11069758079378092	0.1105707938576913	0.06223340170290126	0.04702053675905457	0.04262529522586413	0.0506586870884584	0.04021992100049062	0.0	0.019712773860767186	0.05400545402968916	0.07159004674132839	0.06016089206087262	0.05656312420958087	0.048876967353130435	0.05208940619491009	0.05037770196922174	0.057712853172670886	0.05357476007787226	0.03673636607673379	0.0855151684072642	0.04849679605969623	0.07573455517267146	0.10046829016818351	0.08227227611271581	0.14294241571083494	0.10092423160448193	0.07534460448891982	0.1487949459303448	0.13913324686019557	0.18062459677264475	0.24537710310301136	0.3006006692141347	0.3928866860719612	0.5336507259294611	0.5052748782790237	0.6014940273544374	0.536716378072961	0.5226273267444306	0.5750870780482951	0.5505887748762024	0.4628970250114039	0.6307030849567022	0.621177665019958	0.5880391690134583	0.3873677349173051	0.2637079144437862	0.18247302487745676	0.1006199671174412	0.10333641779591951	0.1437177632752898	0.13325469242669052	0.13749881378229833	0.14068197952474099	0.08993960612607486	0.08840799709851191	0.1197440945826035	0.11622799419885181	0.13677140082137046	0.03737218378213939	0.08319535038777082
s17pp	0.04784621710660122	0.0481381867024768	0.06881181900047957	0.0994957419184767	0.04943794776706674	0.0660661765804442	0.11590539449629199	0.11577860756020236	0.06744121540541231	0.05222835046156563	0.047833108928375195	0.05586650079096946	0.04542773470300168	0.019712773860767186	0.0	0.05921326773220023	0.07679786044383946	0.06536870576338369	0.061770937912091935	0.0540847810556415	0.057297219897421155	0.05558551567173281	0.06292066687518195	0.05878257378038333	0.04194417977924486	0.09072298210977525	0.05370460976220729	0.08094236887518252	0.10567610387069457	0.08748008981522687	0.148150229413346	0.106132045306993	0.08055241819143089	0.15400275963285587	0.14434106056270665	0.1858324104751558	0.2505849168055224	0.30580848291664575	0.39809449977447225	0.5388585396319721	0.5104826919815347	0.6067018410569484	0.541924191775472	0.5278351404469417	0.5802948917508061	0.5557965885787134	0.46810483871391495	0.6359108986592132	0.626385478722469	0.5932469827159693	0.39257554861981614	0.2689157281462973	0.1876808385799678	0.10582778081995226	0.10854423149843057	0.14892557697780087	0.1384625061292016	0.1427066274848094	0.14588979322725204	0.09514741982858593	0.09361581080102296	0.12495190828511457	0.12143580790136288	0.14197921452388154	0.04257999748465045	0.08840316409028189
s32pp	0.06245825998172624	0.06275022957760182	0.08342386187560459	0.1141077847936017	0.06404999064219176	0.08067821945556922	0.130517437371417	0.13039065043532738	0.08205325828053733	0.06684039333669065	0.07220144153910943	0.0802348334017037	0.06979606731373592	0.05400545402968916	0.05921326773220023	0.0	0.07439564104526619	0.06296648636481042	0.05936871851351866	0.05168256165706822	0.054895000498847886	0.0596643752505492	0.06699952645399834	0.06641481014539918	0.04957641614426071	0.0983552184747911	0.06133684612722314	0.08857460524019836	0.11330834023571043	0.09511232618024272	0.15578246577836186	0.11376428167200883	0.08818465455644672	0.1616349959978717	0.1519732969277225	0.19346464684017164	0.2582171531705383	0.3134407192816616	0.4057267361394881	0.5464907759969879	0.5181149283465506	0.6143340774219642	0.5495564281404879	0.5354673768119576	0.5879271281158219	0.5634288249437293	0.4757370750789308	0.6435431350242291	0.6340177150874848	0.6008792190809852	0.400207784984832	0.27654796451131314	0.19531307494498365	0.11346001718496812	0.11617646786344643	0.1565578133428167	0.14609474249421744	0.15033886384982523	0.1535220295922679	0.10277965619360177	0.10124804716603882	0.1325841446501304	0.12906804426637872	0.14961145088889738	0.050212233849666305	0.09603540045529774
S17H1	0.08004285269336547	0.08033482228924105	0.10100845458724382	0.13169237750524093	0.08163458335383099	0.09826281216720845	0.14810203008305622	0.1479752431469666	0.09963785099217656	0.08442498604832988	0.08978603425074866	0.09781942611334293	0.08738066002537515	0.07159004674132839	0.07679786044383946	0.07439564104526619	0.0	0.059026428815867754	0.05542866096457599	0.047742504108125555	0.06274445990945787	0.07724896796218843	0.08458411916563757	0.08399940285703841	0.06716100885589994	0.11593981118643033	0.07892143883886238	0.10615919795183759	0.13089293294734966	0.11269691889188195	0.17336705849000109	0.13134887438364806	0.10576924726808595	0.17921958870951094	0.16955788963936172	0.21104923955181087	0.2758017458821775	0.3310253119933008	0.4233113288511273	0.5640753687086272	0.5356995210581899	0.6319186701336035	0.5671410208521271	0.5530519695235968	0.6055117208274612	0.5810134176553685	0.49332166779057	0.6611277277358684	0.6516023077991241	0.6184638117926244	0.4177923776964712	0.29413255722295234	0.21289766765662288	0.13104460989660735	0.13376106057508566	0.17414240605445594	0.16367933520585667	0.16792345656146446	0.17110662230390714	0.120364248905241	0.11883263987767805	0.15016873736176964	0.14665263697801795	0.1671960436005366	0.06779682656130553	0.11361999316693697
w21pp	0.0686136980129097	0.06890566760878528	0.08957929990678805	0.12026322282478516	0.07020542867337522	0.08683365748675267	0.13667287540260045	0.13654608846651084	0.08820869631172079	0.0729958313678741	0.07835687957029289	0.08639027143288716	0.07595150534491937	0.06016089206087262	0.06536870576338369	0.06296648636481042	0.059026428815867754	0.0	0.040733223749554265	0.03304706689310383	0.0513153052290021	0.06581981328173266	0.0731549644851818	0.07257024817658264	0.05573185417544417	0.10451065650597456	0.0674922841584066	0.09473004327138182	0.11946377826689389	0.10126776421142618	0.1619379038095453	0.11991971970319229	0.09434009258763018	0.16779043402905516	0.15812873495890595	0.1996200848713551	0.26437259120172174	0.3195961573128451	0.4118821741706716	0.5526462140281714	0.524270366377734	0.6204895154531477	0.5557118661716713	0.541622814843141	0.5940825661470054	0.5695842629749127	0.4818925131101143	0.6496985730554126	0.6401731531186683	0.6070346571121686	0.40636322301601546	0.2827034025424966	0.2014685129761671	0.11961545521615158	0.12233190589462989	0.16271325137400017	0.1522501805254009	0.15649430188100868	0.15967746762345136	0.10893509422478523	0.10740348519722227	0.13873958268131387	0.13522348229756218	0.15576688892008084	0.05636767188084976	0.1021908384864812
s31pp	0.06501593016161794	0.06530789975749353	0.0859815320554963	0.11666545497349341	0.06660766082208347	0.08323588963546091	0.1330751075513087	0.13294832061521908	0.08461092846042904	0.06939806351658236	0.07475911171900113	0.0827925035815954	0.07235373749362761	0.05656312420958087	0.061770937912091935	0.05936871851351866	0.05542866096457599	0.040733223749554265	0.0	0.02358255313807993	0.04771753737771035	0.0622220454304409	0.06955719663389004	0.06897248032529088	0.05213408632415241	0.10091288865468281	0.06389451630711485	0.09113227542009007	0.11586601041560213	0.09766999636013443	0.15834013595825355	0.11632195185190054	0.09074232473633843	0.1641926661777634	0.15453096710761421	0.19602231702006334	0.26077482335042995	0.3159983894615533	0.4082844063193798	0.5490484461768796	0.5206725985264423	0.6168917476018559	0.5521140983203796	0.5380250469918493	0.5904847982957137	0.565986495123621	0.4782947452588225	0.6461008052041208	0.6365753852673766	0.6034368892608769	0.4027654551647237	0.2791056346912048	0.19787074512487535	0.11601768736485982	0.11873413804333813	0.15911548352270843	0.14865241267410917	0.15289653402971692	0.1560796997721596	0.10533732637349348	0.10380571734593053	0.13514181483002213	0.13162571444627041	0.1521691210687891	0.05276990402955801	0.09859307063518943
w15pp	0.0573297733051675	0.05762174290104309	0.07829537519904586	0.10897929811704297	0.058921503965633025	0.07554973277901048	0.12538895069485828	0.12526216375876864	0.0769247716039786	0.06171190666013192	0.06707295486255069	0.07510634672514496	0.06466758063717717	0.048876967353130435	0.0540847810556415	0.05168256165706822	0.047742504108125555	0.03304706689310383	0.02358255313807993	0.0	0.040031380521259916	0.054535888573990464	0.06187103977743961	0.06128632346884044	0.04444792946770197	0.09322673179823238	0.05620835945066441	0.08344611856363963	0.10817985355915169	0.089983839503684	0.15065397910180311	0.1086357949954501	0.083056167879888	0.156506509321313	0.14684481025116375	0.18833616016361293	0.25308866649397954	0.3083122326051029	0.4005982494629294	0.5413622893204292	0.5129864416699919	0.6092055907454055	0.5444279414639291	0.5303388901353988	0.5827986414392632	0.5583003382671705	0.4706085884023721	0.6384146483476704	0.6288892284109261	0.5957507324044264	0.39507929830827326	0.2714194778347544	0.19018458826842494	0.10833153050840938	0.11104798118688769	0.15142932666625797	0.1409662558176587	0.1452103771732665	0.14839354291570916	0.09765116951704304	0.09611956048948009	0.12745565797357167	0.12393955758981999	0.14448296421233864	0.04508374717310757	0.090906913778739
s28pp	0.06054221214694716	0.06083418174282275	0.08150781404082552	0.11219173695882263	0.06213394280741268	0.07876217162079013	0.1286013895366379	0.1284746026005483	0.08013721044575826	0.06492434550191158	0.07028539370433035	0.07831878556692462	0.06788001947895683	0.05208940619491009	0.057297219897421155	0.054895000498847886	0.06274445990945787	0.0513153052290021	0.04771753737771035	0.040031380521259916	0.0	0.05774832741577013	0.06508347861921927	0.0644987623106201	0.04766036830948163	0.09643917064001203	0.059420798292444066	0.08665855740541929	0.11139229240093135	0.09319627834546365	0.15386641794358277	0.11184823383722976	0.08626860672166765	0.15971894816309262	0.15005724909294343	0.19154859900539256	0.25630110533575917	0.3115246714468825	0.403810688304709	0.5445747281622089	0.5161988805117715	0.6124180295871852	0.5476403803057088	0.5335513289771785	0.5860110802810429	0.5615127771089502	0.4738210272441517	0.64162708718945	0.6321016672527058	0.5989631712462061	0.3982917371500529	0.274631916676534	0.19339702711020457	0.11154396935018904	0.11426042002866735	0.15464176550803765	0.1441786946594384	0.14842281601504614	0.15160598175748882	0.1008636083588227	0.09933199933125975	0.13066809681535135	0.12715199643159963	0.14769540305411832	0.04829618601488723	0.09411935262051865
s16pp	0.058830507921258816	0.0591224775171344	0.07979610981513717	0.11048003273313428	0.06042223858172434	0.0770504673951018	0.12688968531094957	0.12676289837485996	0.07842550622006991	0.06321264127622322	0.06857368947864201	0.07660708134123628	0.0661683152532685	0.05037770196922174	0.05558551567173281	0.0596643752505492	0.07724896796218843	0.06581981328173266	0.0622220454304409	0.054535888573990464	0.05774832741577013	0.0	0.03285185483505265	0.06278705808493176	0.04594866408379329	0.09472746641432368	0.05770909406675572	0.08494685317973094	0.10968058817524301	0.0914845741197753	0.15215471371789444	0.11013652961154141	0.0845569024959793	0.15800724393740428	0.14834554486725507	0.18983689477970422	0.25458940111007083	0.30981296722119417	0.40209898407902067	0.5428630239365205	0.5144871762860832	0.6107063253614968	0.5459286760800205	0.5318396247514902	0.5842993760553545	0.5598010728832619	0.47210932301846337	0.6399153829637617	0.6303899630270174	0.5972514670205178	0.39658003292436456	0.2729202124508457	0.19168532288451623	0.1098322651245007	0.11254871580297901	0.1529300612823493	0.14246699043375002	0.1467111117893578	0.14989427753180048	0.09915190413313435	0.0976202951055714	0.128956392589663	0.1254402922059113	0.14598369882842996	0.046584481789198884	0.09240764839483032
w16pp	0.06616565912470795	0.06645762872058354	0.08713126101858631	0.11781518393658344	0.06775738978517348	0.08438561859855094	0.13422483651439873	0.1340980495783091	0.08576065742351907	0.07054779247967238	0.07590884068209115	0.08394223254468541	0.07350346645671764	0.057712853172670886	0.06292066687518195	0.06699952645399834	0.08458411916563757	0.0731549644851818	0.06955719663389004	0.06187103977743961	0.06508347861921927	0.03285185483505265	0.0	0.07012220928838091	0.053283815287242436	0.10206261761777283	0.06504424527020486	0.0922820043831801	0.11701573937869214	0.09881972532322444	0.15948986492134357	0.11747168081499057	0.09189205369942846	0.16534239514085344	0.15568069607070423	0.19717204598315338	0.26192455231351996	0.3171481184246433	0.4094341352824698	0.5501981751399697	0.5218223274895324	0.618041476564946	0.5532638272834697	0.5391747759549392	0.5916345272588037	0.567136224086711	0.4794444742219125	0.6472505341672109	0.6377251142304666	0.604586618223967	0.4039151841278137	0.2802553636542948	0.1990204740879654	0.11716741632794983	0.11988386700642814	0.16026521248579845	0.14980214163719918	0.15404626299280696	0.15722942873524962	0.10648705533658351	0.10495544630902054	0.13629154379311215	0.13277544340936046	0.15331885003187912	0.05391963299264803	0.09974279959827946
w4pp	0.06202756602990933	0.06231953562578492	0.08299316792378769	0.11367709084178482	0.06361929669037486	0.08024752550375232	0.1300867434196001	0.12995995648351047	0.08162256432872043	0.06640969938487375	0.07177074758729253	0.07980413944988679	0.06936537336191902	0.05357476007787226	0.05878257378038333	0.06641481014539918	0.08399940285703841	0.07257024817658264	0.06897248032529088	0.06128632346884044	0.0644987623106201	0.06278705808493176	0.07012220928838091	0.0	0.026432989348364452	0.08003267730366669	0.043014304956098724	0.07025206406907394	0.09498579906458601	0.0767897850091183	0.13745992460723744	0.09544174050088441	0.0698621133853223	0.1433124548267473	0.13365075575659807	0.17514210566904723	0.23989461199941384	0.2951181781105372	0.3874041949683637	0.5281682348258635	0.49979238717542623	0.5960115362508398	0.5312338869693635	0.5171448356408331	0.5696045869446975	0.5451062837726048	0.4574145339078064	0.6252205938531047	0.6156951739163604	0.5825566779098608	0.3818852438137076	0.2582254233401887	0.17699053377385923	0.0951374760138437	0.09785392669232201	0.1382352721716923	0.12777220132309303	0.1320163226787008	0.1351994884211435	0.08445711502247735	0.0829255059949144	0.11426160347900599	0.1107455030952543	0.13128890971777296	0.03188969267854189	0.07771285928417332
w18pp	0.04518917202877086	0.04548114162464645	0.06615477392264922	0.09683869684064635	0.04678090268923639	0.06340913150261385	0.11324834941846164	0.113121562482372	0.06478417032758196	0.049571305383735276	0.05493235358615406	0.06296574544874832	0.052526979360780546	0.03673636607673379	0.04194417977924486	0.04957641614426071	0.06716100885589994	0.05573185417544417	0.05213408632415241	0.04444792946770197	0.04766036830948163	0.04594866408379329	0.053283815287242436	0.026432989348364452	0.0	0.06319428330252821	0.026175910954960253	0.05341367006793548	0.07814740506344753	0.05995139100797983	0.12062153060609895	0.07860334649974594	0.05302371938418384	0.12647406082560883	0.1168123617554596	0.15830371166790877	0.22305621799827538	0.2782797841093987	0.3705658009672252	0.5113298408247251	0.4829539931742877	0.5791731422497014	0.5143954929682251	0.5003064416396946	0.5527661929435591	0.5282678897714664	0.4405761399066679	0.6083821998519663	0.598856779915222	0.5657182839087224	0.3650468498125691	0.24138702933905024	0.16015213977272078	0.07829908201270522	0.08101553269118353	0.12139687817055382	0.11093380732195456	0.11517792867756234	0.118361094420005	0.06761872102133888	0.06608711199377593	0.09742320947786752	0.09390710909411583	0.11445051571663449	0.015051298677403412	0.06087446528303485
s27pp	0.09396797435930127	0.09425994395517684	0.11493357625317961	0.14561749917117675	0.09555970501976678	0.11218793383314424	0.16202715174899204	0.1619003648129024	0.11356297265811235	0.09835010771426567	0.10371115591668445	0.11174454777927872	0.10130578169131094	0.0855151684072642	0.09072298210977525	0.0983552184747911	0.11593981118643033	0.10451065650597456	0.10091288865468281	0.09322673179823238	0.09643917064001203	0.09472746641432368	0.10206261761777283	0.08003267730366669	0.06319428330252821	0.0	0.037020372348568024	0.08508726882200793	0.10982100381751997	0.09162498976205227	0.1522951293601714	0.11355446949607986	0.08797484238051775	0.16142518382194274	0.15176348475179352	0.19325483466424268	0.2580073409946093	0.31323090710573265	0.40551692396355915	0.5462809638210588	0.5179051161706216	0.6141242652460351	0.5493466159645588	0.5352575646360286	0.5877173159398928	0.5632190127678002	0.47552726290300185	0.6433333228483	0.6338079029115558	0.6006694069050561	0.39999797280890304	0.27633815233538417	0.19510326276905468	0.11325020500903915	0.11596665568751746	0.15634800116688774	0.14588493031828847	0.15012905167389626	0.15331221741633894	0.1025698440176728	0.10103823499010985	0.13237433247420144	0.12885823209044975	0.1494016387129684	0.0569170697490525	0.10553649063717604
s25pp	0.0569496020117333	0.05724157160760888	0.07791520390561166	0.10859912682360878	0.05854133267219882	0.07516956148557627	0.12500877940142407	0.12488199246533443	0.0765446003105444	0.06133173536669771	0.06669278356911648	0.07472617543171076	0.06428740934374297	0.04849679605969623	0.05370460976220729	0.06133684612722314	0.07892143883886238	0.0674922841584066	0.06389451630711485	0.05620835945066441	0.059420798292444066	0.05770909406675572	0.06504424527020486	0.043014304956098724	0.026175910954960253	0.037020372348568024	0.0	0.04806889647443996	0.07280263146995201	0.054606617414484304	0.11527675701260343	0.07653609714851191	0.0509564700329498	0.12440681147437478	0.11474511240422557	0.1562364623166747	0.22098896864704135	0.27621253475816465	0.36849855161599115	0.509262591473491	0.4808867438230537	0.5771058928984673	0.5123282436169909	0.4982391922884606	0.550698943592325	0.5262006404202323	0.43850889055543385	0.6063149505007321	0.5967895305639879	0.5636510345574882	0.36297960046133504	0.2393197799878162	0.1580848904214867	0.07623183266147118	0.0789482833399495	0.11932962881931979	0.10886655797072052	0.1131106793263283	0.11629384506877097	0.06555147167010485	0.06401986264254188	0.09535596012663348	0.0918398597428818	0.11238326636540046	0.01989869740148454	0.06851811828960808
s22pp	0.08418736112470852	0.08447933072058411	0.10515296301858687	0.135836885936584	0.08577909178517404	0.10240732059855151	0.1522465385143993	0.15211975157830965	0.10378235942351963	0.08856949447967294	0.09393054268209172	0.10196393454468598	0.09152516845671821	0.07573455517267146	0.08094236887518252	0.08857460524019836	0.10615919795183759	0.09473004327138182	0.09113227542009007	0.08344611856363963	0.08665855740541929	0.08494685317973094	0.0922820043831801	0.07025206406907394	0.05341367006793548	0.08508726882200793	0.04806889647443996	0.0	0.08695403605951049	0.0687580220040428	0.12942816160216192	0.10377385626148714	0.07819422914592503	0.15164457058735	0.1419828715172008	0.18347422142964992	0.24822672776001659	0.3034502938711399	0.3957363107289664	0.5365003505864662	0.508124502936029	0.6043436520114425	0.5395660027299661	0.5254769514014358	0.5779367027053002	0.5534383995332075	0.4657466496684091	0.6335527096137074	0.6240272896769631	0.5908887936704634	0.3902173595743103	0.26655753910079144	0.18532264953446193	0.10346959177444641	0.10618604245292472	0.146567387932295	0.13610431708369575	0.14034843843930353	0.1435316041817462	0.09278923078308007	0.0912576217555171	0.12259371923960871	0.11907761885585702	0.13962102547837568	0.04713645651445977	0.09575587740258332
S29H1	0.10892109612022058	0.10921306571609615	0.12988669801409894	0.16057062093209606	0.11051282678068611	0.12714105559406355	0.17698027350991136	0.17685348657382172	0.12851609441903167	0.113303229475185	0.11866427767760376	0.12669766954019804	0.11625890345223025	0.10046829016818351	0.10567610387069457	0.11330834023571043	0.13089293294734966	0.11946377826689389	0.11586601041560213	0.10817985355915169	0.11139229240093135	0.10968058817524301	0.11701573937869214	0.09498579906458601	0.07814740506344753	0.10982100381751997	0.07280263146995201	0.08695403605951049	0.0	0.08111226982679656	0.14178240942491568	0.12850759125699918	0.10292796414143708	0.17637830558286205	0.16671660651271286	0.208207956425162	0.27296046275552865	0.328184028866652	0.42047004572447844	0.5612340855819782	0.532858237931541	0.6290773870069545	0.5642997377254781	0.5502106863969479	0.6026704377008122	0.5781721345287195	0.4904803846639212	0.6582864446092194	0.6487610246724751	0.6156225286659754	0.4149510945698224	0.2912912740963035	0.210056384529974	0.12820332676995846	0.13091977744843677	0.17130112292780708	0.16083805207920782	0.16508217343481557	0.16826533917725825	0.11752296577859213	0.11599135675102917	0.14732745423512078	0.14381135385136906	0.16435476047388775	0.07187019150997181	0.12048961239809536
s4pp	0.09072508206475288	0.09101705166062846	0.11169068395863123	0.14237460687662837	0.0923168127252184	0.10894504153859585	0.15878425945444366	0.15865747251835402	0.11032008036356397	0.09510721541971728	0.10046826362213607	0.10850165548473034	0.09806288939676255	0.08227227611271581	0.08748008981522687	0.09511232618024272	0.11269691889188195	0.10126776421142618	0.09766999636013443	0.089983839503684	0.09319627834546365	0.0914845741197753	0.09881972532322444	0.0767897850091183	0.05995139100797983	0.09162498976205227	0.054606617414484304	0.0687580220040428	0.08111226982679656	0.0	0.08308389920128612	0.11031157720153148	0.08473195008596937	0.15818229152739435	0.14852059245724514	0.1900119423696943	0.25476444870006093	0.30998801481118426	0.40227403166901077	0.5430380715265105	0.5146622238760733	0.6108813729514868	0.5461037236700105	0.5320146723414801	0.5844744236453445	0.5599761204732518	0.47228437060845346	0.6400904305537517	0.6305650106170074	0.5974265146105078	0.39675508051435465	0.2730952600408358	0.1918603704745063	0.11000731271449077	0.11272376339296908	0.15310510887233936	0.1426420380237401	0.14688615937934787	0.15006932512179055	0.09932695172312442	0.09779534269556146	0.12913144017965306	0.12561533979590137	0.14615874641842003	0.05367417745450412	0.10229359834262766
