	f16ppB	f13pp	S9H1	w25pp	w10pp	f20ppB	w23pp	f21pp	f14ppA	f31pp	f12ppB	f7pp	f24pp	f8pp	f30pp	f23ppA	w31pp	w24pp	w29pp	w27pp	f16ppA	w2pp	w16pp	f23ppB	w11pp	f10pp	w26pp	S14Hp	w12pp	w18pp	f6ppA	w32pp	w6pp	530451	S18H1	f2pp	f17ppB	f12ppA	w28pp	f11pp	f20ppA	w20pp	f14ppB	S12Hp	w3pp	w1pp	f19pp	w15pp	w19pp	f6ppB	f15pp	w13pp	w14pp	w22pp	w8pp	w17pp	f32pp
f16ppB	0.0	0.18926568859234247	0.320660516032566	0.30284365121029694	0.1364045364311679	0.23871340771233618	0.20153383227987146	0.31234574323012204	0.2989647260002186	0.3144775551635021	0.2537931531111252	0.34448091867691133	0.21436632362786037	0.29690991464935634	0.26180035393176365	0.3009080865156316	0.28129128881344945	0.2246517917897441	0.29953117483090896	0.24760525406404696	0.3009771805279877	0.36150907505924823	0.23148122140146668	0.2693026446269374	0.26253752927159013	0.20502117510637063	0.27032743033413975	0.4800373536730937	0.33066682035395445	0.32629857607014484	0.38887172747464094	0.49980717820895487	0.42076682021211065	0.6090936380339897	0.546096606454888	0.34135344541565565	0.3604993902589192	0.4490524343226314	0.33159553086679	0.29595437004572306	0.25424093439143736	0.32500041183215894	0.3035013028213489	0.48365512933971455	0.5000008174470454	0.4159622540051996	0.36445646715073626	0.4929289721962108	0.41410927344285836	0.46281854016804985	0.35745369740464555	0.4503925722097048	0.32431336874030725	0.14829324227459295	0.18808109792598052	0.15229370517207763	0.19932351977920612
f13pp	0.18926568859234247	0.0	0.18560543077676345	0.16778856595449437	0.05286315216217463	0.20282659577644807	0.16564702034398335	0.27645893129423393	0.26307791406433045	0.278590743227614	0.21790634117523705	0.3085941067410232	0.17847951169197226	0.2610231027134682	0.22591354199587554	0.2650212745797435	0.24540447687756134	0.18876497985385599	0.26364436289502086	0.21171844212815882	0.26509036859209956	0.3256222631233601	0.19559440946557854	0.23341583269104932	0.22665071733570197	0.16913436317048253	0.23444061839825164	0.44415054173720553	0.29478000841806634	0.29041176413425673	0.3529849155387528	0.4639203662730667	0.3848800082762225	0.5732068260981016	0.5102097945189998	0.30546663347976755	0.3246125783230311	0.41316562238674326	0.2957087189309019	0.2600675581098349	0.21835412245554925	0.28911359989627083	0.2676144908854608	0.4477683174038264	0.4641140055111573	0.38007544206931143	0.3285696552148481	0.4570421602603226	0.3782224615069702	0.4269317282321617	0.32156688546875745	0.41450576027381664	0.28842655680441914	0.11240643033870484	0.22860845895775023	0.22585015772304665	0.3304435797352344
S9H1	0.320660516032566	0.18560543077676345	0.0	0.21692543538863718	0.18425797960239812	0.3342214232166716	0.29704184778420684	0.4078537587344574	0.3944727415045539	0.4099855706678375	0.34930116861546057	0.43998893418124674	0.30987433913219575	0.3924179301536917	0.357308369436099	0.396416102019967	0.37679930431778486	0.3201598072940795	0.3950391903352444	0.34311326956838234	0.396485196032323	0.45701709056358364	0.32698923690580206	0.36481066013127283	0.3580455447759255	0.30052919061070604	0.36583544583847516	0.575545369177429	0.42617483585828986	0.4218065915744802	0.4843797429789763	0.5953151937132902	0.516274835716446	0.704601653538325	0.6416046219592233	0.436861460919991	0.4560074057632546	0.5445604498269667	0.42710354637112535	0.3914623855500584	0.34974894989577276	0.4205084273364943	0.3990093183256843	0.57916314484405	0.5955088329513808	0.511470269509535	0.4599644826550716	0.5884369877005462	0.5096172889471937	0.5583265556723852	0.4529617129089809	0.5459005877140402	0.41982138424464266	0.24380125777892836	0.36000328639797374	0.3572449851632702	0.46183840717545793
w25pp	0.30284365121029694	0.16778856595449437	0.21692543538863718	0.0	0.16644111478012905	0.3164045583944025	0.27922498296193776	0.3900368939121883	0.37665587668228484	0.3921687058455684	0.3314843037931915	0.42217206935897766	0.2920574743099267	0.3746010653314226	0.33949150461382993	0.37859923719769795	0.3589824394955158	0.3023429424718104	0.3772223255129753	0.32529640474611327	0.37866833121005394	0.43920022574131456	0.309172372083533	0.34699379530900376	0.3402286799536564	0.28271232578843697	0.3480185810162061	0.55772850435516	0.4083579710360208	0.4039897267522111	0.4665628781567072	0.5774983288910212	0.4984579708941769	0.686784788716056	0.6237877571369543	0.41904459609772193	0.43819054094098553	0.5267435850046978	0.4092866815488563	0.37364552072778934	0.3319320850735037	0.4026915625142252	0.38119245350341524	0.5613462800217808	0.5776919681291117	0.4936534046872659	0.44214761783280254	0.570620122878277	0.49180042412492464	0.5405096908501161	0.43514484808671183	0.5280837228917711	0.4020045194223736	0.22598439295665929	0.34218642157570467	0.3394281203410011	0.44402154235318886
w10pp	0.1364045364311679	0.05286315216217463	0.18425797960239812	0.16644111478012905	0.0	0.14996544361527347	0.11278586818280878	0.22359777913305934	0.21021676190315586	0.22572959106643942	0.16504518901406248	0.2557329545798486	0.1256183595307977	0.2081619505522936	0.17305238983470095	0.2121601224185689	0.19254332471638674	0.13590382769268142	0.21078321073384626	0.15885728996698426	0.21222921643092496	0.2727611109621855	0.14273325730440398	0.18055468052987472	0.1737895651745274	0.11627321100930794	0.18157946623707705	0.391289389576031	0.24191885625689175	0.23755061197308214	0.30012376337757823	0.41105921411189217	0.33201885611504794	0.520345673936927	0.4573486423578253	0.25260548131859295	0.2717514261618565	0.3603044702255687	0.2428475667697273	0.20720640594866033	0.16549297029437465	0.23625244773509624	0.2147533387242862	0.39490716524265185	0.41125285334998274	0.3272142899081369	0.27570850305367356	0.4041810080991481	0.32536130934579566	0.37407057607098715	0.26870573330758285	0.3616446081126421	0.23556540464324455	0.059545278177530275	0.17574730679657566	0.17298900556187208	0.2775824275740598
f20ppB	0.23871340771233618	0.20282659577644807	0.3342214232166716	0.3164045583944025	0.14996544361527347	0.0	0.10247347221118555	0.2420788157805583	0.2286977985506548	0.24421062771393837	0.1835262256615614	0.2742139912273476	0.1440993961782966	0.22664298719979253	0.1915334264821999	0.23064115906606786	0.2110243613638857	0.15438486434018034	0.2292642473813452	0.17733832661448318	0.2307102530784239	0.2912421476096845	0.1612142939519029	0.19903571717737364	0.19227060182202632	0.13475424765680685	0.20006050288457597	0.4097704262235299	0.2603998929043907	0.2560316486205811	0.31860480002507713	0.42954025075939106	0.35049989276254684	0.5388267105844259	0.4758296790053242	0.2710865179660919	0.29023246280935544	0.3787855068730676	0.26132860341722625	0.22568744259615925	0.1839740069418736	0.2547334843825952	0.23323437537178515	0.41338820189015074	0.42973388999748163	0.3456953265556358	0.29418953970117245	0.422662044746647	0.34384234599329455	0.39255161271848604	0.2871867699550818	0.380125644760141	0.2540464412907435	0.13647556603284566	0.27805617807774397	0.27529787684304036	0.3798912988552281
w23pp	0.20153383227987146	0.16564702034398335	0.29704184778420684	0.27922498296193776	0.11278586818280878	0.10247347221118555	0.0	0.20489924034809356	0.19151822311819008	0.20703105228147364	0.1463466502290967	0.23703441579488285	0.1069198207458319	0.18946341176732784	0.15435385104973517	0.19346158363360313	0.17384478593142097	0.11720528890771562	0.1920846719488805	0.14015875118201848	0.1935306776459592	0.2540625721772197	0.12403471851943819	0.16185614174490892	0.15509102638956163	0.09757467222434213	0.16288092745211125	0.37259085079106513	0.22322031747192597	0.21885207318811636	0.28142522459261243	0.3923606753269263	0.31332031733008214	0.5016471351519611	0.4386501035728595	0.23390694253362718	0.2530528873768907	0.3416059314406029	0.22414902798476152	0.18850786716369455	0.14679443150940888	0.21755390895013046	0.19605479993932043	0.37620862645768605	0.3925543145650169	0.3085157511231711	0.2570099642687077	0.3854824693141823	0.3066627705608298	0.3553720372860213	0.2500071945226171	0.34294606932767624	0.21686686585827877	0.09929599060038094	0.24087660264527921	0.23811830141057563	0.3427117234227634
f21pp	0.31234574323012204	0.27645893129423393	0.4078537587344574	0.3900368939121883	0.22359777913305934	0.2420788157805583	0.20489924034809356	0.0	0.16306703077407958	0.1785818599383632	0.11789745788598624	0.20858522345177238	0.1264782112159398	0.20902180223743572	0.17391224151984308	0.21301997410371104	0.19340317640152888	0.14967547376300308	0.22455485680416795	0.17262893603730592	0.22600086250124662	0.2865327570325072	0.19295956927085298	0.23078099249632372	0.2240158771409764	0.16649952297575693	0.23180577820352605	0.44151570154247993	0.29214516822334075	0.28777692393953114	0.3503500753440272	0.4612855260783411	0.3822451680814969	0.570571985903376	0.5075749543242742	0.30283179328504195	0.32197773812830555	0.41053078219201766	0.2930738787361763	0.25743271791510935	0.21571928226082365	0.28647875970154524	0.2649796506907352	0.4451334772091008	0.4614791653164317	0.37744060187458583	0.3259348150201225	0.45440732006559703	0.3755876213122446	0.4242968880374361	0.31893204527403185	0.41187092007909104	0.28579171660969355	0.21010790155063153	0.3516885135955298	0.3489302123608262	0.45352363437301396
f14ppA	0.2989647260002186	0.26307791406433045	0.3944727415045539	0.37665587668228484	0.21021676190315586	0.2286977985506548	0.19151822311819008	0.16306703077407958	0.0	0.16520084270845975	0.10451644065608279	0.19520420622186896	0.11309719398603633	0.1956407850075323	0.16053122428993963	0.19963895687380756	0.1800221591716254	0.13629445653309963	0.2111738395742645	0.15924791880740247	0.21261984527134317	0.27315173980260377	0.17957855204094952	0.21739997526642027	0.21063485991107295	0.15311850574585348	0.2184247609736226	0.4281346843125765	0.2787641509934373	0.27439590670962766	0.33696905811412375	0.4479045088484377	0.36886415085159346	0.5571909686734725	0.49419393709437076	0.2894507760551385	0.30859672089840207	0.3971497649621142	0.2796928615062728	0.24405170068520587	0.20233826503092023	0.2730977424716418	0.2515986334608318	0.4317524599791973	0.44809814808652826	0.3640595846446824	0.3125537977902191	0.44102630283569355	0.3622066040823412	0.41091587080753267	0.30555102804412837	0.3984899028491876	0.2724106993797901	0.19672688432072805	0.3383074963656263	0.33554919513092274	0.44014261714311054
f31pp	0.3144775551635021	0.278590743227614	0.4099855706678375	0.3921687058455684	0.22572959106643942	0.24421062771393837	0.20703105228147364	0.1785818599383632	0.16520084270845975	0.0	0.060686402053377025	0.15965199533274227	0.1286100231493199	0.21115361417081585	0.1760440534532232	0.21515178603709112	0.19553498833490895	0.1518072856963832	0.22668666873754806	0.17476074797068603	0.22813267443462673	0.2886645689658873	0.19509138120423308	0.23291280442970383	0.2261476890743565	0.16863133490913704	0.23393759013690615	0.44364751347586007	0.2942769801567209	0.2899087358729112	0.3524818872774073	0.46341733801172125	0.384376980014877	0.5727037978367561	0.5097067662576543	0.3049636052184221	0.3241095500616856	0.41266259412539774	0.2952056906695564	0.25956452984848943	0.2178510941942038	0.2886105716349254	0.26711146262411534	0.44726528914248087	0.4636109772498118	0.37957241380796597	0.32806662695350264	0.4565391319989771	0.37771943324562474	0.4264286999708162	0.32106385720741193	0.4140027320124712	0.2879235285430737	0.2122397134840116	0.35382032552890985	0.3510620242942063	0.45565544630639404
f12ppB	0.2537931531111252	0.21790634117523705	0.34930116861546057	0.3314843037931915	0.16504518901406248	0.1835262256615614	0.1463466502290967	0.11789745788598624	0.10451644065608279	0.060686402053377025	0.0	0.09896759328036529	0.06792562109694295	0.1504692121184389	0.11535965140084622	0.15446738398471418	0.13485058628253202	0.09112288364400623	0.1660022666851711	0.11407634591830909	0.1674482723822498	0.22798016691351036	0.13440697915185612	0.1722284023773269	0.16546328702197954	0.10794693285676007	0.17325318808452922	0.3829631114234831	0.23359257810434392	0.2292243338205343	0.29179748522503035	0.4027329359593443	0.32369257796250006	0.512019395784379	0.4490223642052774	0.24427920316604512	0.26342514800930866	0.35197819207302083	0.23452128861717947	0.1988801277961125	0.15716669214182682	0.2279261695825484	0.20642706057173837	0.38658088709010396	0.40292657519743486	0.318888011755589	0.2673822249011257	0.3958547299466002	0.3170350311932478	0.36574429791843927	0.260379455155035	0.3533183299600942	0.22723912649069672	0.15155531143163467	0.29313592347653294	0.2903776222418294	0.39497104425401713
f7pp	0.34448091867691133	0.3085941067410232	0.43998893418124674	0.42217206935897766	0.2557329545798486	0.2742139912273476	0.23703441579488285	0.20858522345177238	0.19520420622186896	0.15965199533274227	0.09896759328036529	0.0	0.1586133866627291	0.24115697768422503	0.20604741696663237	0.24515514955050033	0.22553835184831816	0.18181064920979237	0.2566900322509572	0.2047641114840952	0.2581360379480359	0.3186679324792965	0.22509474471764226	0.262916167943113	0.2561510525877657	0.19863469842254622	0.26394095365031534	0.4736508769892692	0.32428034367013003	0.3199120993863204	0.3824852507908165	0.4934207015251304	0.41438034352828623	0.6027071613501652	0.5397101297710636	0.3349669687318313	0.3541129135750948	0.44266595763880695	0.3252090541829656	0.28956789336189864	0.24785445770761294	0.3186139351483346	0.2971148261375245	0.4772686526558901	0.49361434076322097	0.4095757773213752	0.3580699904669118	0.4865424955123863	0.4077227967590339	0.4564320634842254	0.35106722072082114	0.44400609552588033	0.31792689205648283	0.24224307699742081	0.38382368904231906	0.38106538780761545	0.48565880981980325
f24pp	0.21436632362786037	0.17847951169197226	0.30987433913219575	0.2920574743099267	0.1256183595307977	0.1440993961782966	0.1069198207458319	0.1264782112159398	0.11309719398603633	0.1286100231493199	0.06792562109694295	0.1586133866627291	0.0	0.082545591022496	0.04743603030490334	0.0865437628887713	0.06692696518658914	0.05169605416074142	0.12657543720190628	0.07464951643504428	0.12802144289898498	0.18855333743024555	0.09498014966859132	0.13280157289406208	0.12603645753871473	0.06852010337349526	0.1338263586012644	0.3435362819402183	0.1941657486210791	0.1897975043372695	0.25237065574176554	0.36330610647607947	0.28426574847923525	0.4725925663011143	0.4095955347220126	0.2048523736827803	0.22399831852604385	0.312551362589756	0.19509445913391465	0.15945329831284769	0.11773986265856201	0.1884993400992836	0.16700023108847356	0.34715405760683915	0.36349974571417004	0.2794611822723242	0.22795539541786086	0.3564279004633354	0.27760820170998296	0.32631746843517445	0.2209526256717702	0.3138915004768294	0.1878122970074319	0.11212848194836986	0.25370909399326813	0.2509507927585646	0.3555442147707523
f8pp	0.29690991464935634	0.2610231027134682	0.3924179301536917	0.3746010653314226	0.2081619505522936	0.22664298719979253	0.18946341176732784	0.20902180223743572	0.1956407850075323	0.21115361417081585	0.1504692121184389	0.24115697768422503	0.082545591022496	0.0	0.07225950144538562	0.13558904155361526	0.1159722438514331	0.13423964518223735	0.20911902822340223	0.15719310745654022	0.21056503392048093	0.2710969284517415	0.17752374069008725	0.21534516391555802	0.20858004856021067	0.1510636943949912	0.21636994962276035	0.42607987296171423	0.27670933964257505	0.27234109535876544	0.3349142467632615	0.4458496974975754	0.3668093395007312	0.5551361573226102	0.49213912574350854	0.28739596470427625	0.3065419095475398	0.39509495361125196	0.2776380501554106	0.24199688933434363	0.20028345368005795	0.27104293112077954	0.2495438221099695	0.4296976486283351	0.446043336735666	0.36200477329382014	0.3104989864393568	0.43897149148483133	0.3601517927314789	0.4088610594566704	0.30349621669326615	0.39643509149832534	0.27035588802892785	0.1946720729698658	0.3362526850147641	0.33349438378006047	0.43808780579224826
f30pp	0.26180035393176365	0.22591354199587554	0.357308369436099	0.33949150461382993	0.17305238983470095	0.1915334264821999	0.15435385104973517	0.17391224151984308	0.16053122428993963	0.1760440534532232	0.11535965140084622	0.20604741696663237	0.04743603030490334	0.07225950144538562	0.0	0.1004794808360226	0.08086268313384044	0.09913008446464469	0.1740094675058096	0.12208354673894756	0.17545547320288823	0.2359873677341488	0.14241417997249461	0.18023560319796533	0.17347048784261804	0.11595413367739854	0.18126038890516766	0.39097031224412154	0.24159977892498236	0.23723153464117275	0.29980468604566884	0.4107401367799827	0.33169977878313855	0.5200265966050176	0.45702956502591585	0.2522864039866836	0.27143234882994716	0.3599853928936593	0.2425284894378179	0.20688732861675097	0.1651738929624653	0.2359333704031869	0.2144342613923768	0.3945880879107424	0.4109337760180733	0.3268952125762275	0.2753894257217641	0.40386193076723864	0.3250422320138862	0.3737514987390777	0.26838665597567346	0.36132553078073265	0.23524632731133516	0.15956251225227314	0.3011431242971714	0.29838482306246783	0.4029782450746556
f23ppA	0.3009080865156316	0.2650212745797435	0.396416102019967	0.37859923719769795	0.2121601224185689	0.23064115906606786	0.19346158363360313	0.21301997410371104	0.19963895687380756	0.21515178603709112	0.15446738398471418	0.24515514955050033	0.0865437628887713	0.13558904155361526	0.1004794808360226	0.0	0.019618797703182214	0.13823781704851265	0.21311720008967755	0.16119127932281552	0.2145632057867562	0.27509510031801676	0.18152191255636255	0.2193433357818333	0.21257822042648597	0.1550618662612665	0.22036812148903562	0.4300780448279895	0.2807075115088503	0.2763392672250407	0.3389124186295368	0.4498478693638507	0.3708075113670065	0.5591343291888855	0.4961372976097838	0.2913941365705516	0.31054008141381506	0.39909312547752723	0.28163622202168587	0.24599506120061893	0.20428162554633322	0.27504110298705486	0.2535419939762448	0.43369582049461036	0.45004150860194125	0.36600294516009546	0.3144971583056321	0.4429696633511066	0.36414996459775417	0.41285923132294566	0.3074943885595414	0.4004332633646006	0.2743540598952031	0.1986702448361411	0.3402508568810394	0.3374925556463358	0.44208597765852353
w31pp	0.28129128881344945	0.24540447687756134	0.37679930431778486	0.3589824394955158	0.19254332471638674	0.2110243613638857	0.17384478593142097	0.19340317640152888	0.1800221591716254	0.19553498833490895	0.13485058628253202	0.22553835184831816	0.06692696518658914	0.1159722438514331	0.08086268313384044	0.019618797703182214	0.0	0.11862101934633049	0.19350040238749538	0.14157448162063335	0.19494640808457403	0.2554783026158346	0.1619051148541804	0.19972653807965113	0.19296142272430383	0.13544506855908434	0.20075132378685345	0.41046124712580734	0.26109071380666815	0.25672246952285854	0.31929562092735464	0.4302310716616685	0.35119071366482435	0.5395175314867033	0.47652049990760165	0.2717773388683694	0.29092328371163295	0.37947632777534507	0.2620194243195037	0.22637826349843676	0.18466482784415109	0.2554243052848727	0.2339251962740626	0.4140790227924282	0.4304247108997591	0.3463861474579133	0.2948803606034499	0.42335286564892444	0.344533166895572	0.3932424336207635	0.28787759085735926	0.38081646566241845	0.25473726219302095	0.17905344713395893	0.32063405917885723	0.3178757579441536	0.42246917995634137
w24pp	0.2246517917897441	0.18876497985385599	0.3201598072940795	0.3023429424718104	0.13590382769268142	0.15438486434018034	0.11720528890771562	0.14967547376300308	0.13629445653309963	0.1518072856963832	0.09112288364400623	0.18181064920979237	0.05169605416074142	0.13423964518223735	0.09913008446464469	0.13823781704851265	0.11862101934633049	0.0	0.09969699065612585	0.047771069889263815	0.12126353723027712	0.18179543176153767	0.10526561783047504	0.14308704105594577	0.13632192570059848	0.07880557153537898	0.1441118267631481	0.353821750102102	0.2044512167829628	0.2000829724991532	0.2626561239036493	0.37359157463796316	0.294551216641119	0.482878034462998	0.4198810028838963	0.21513784184466406	0.2342837866879276	0.3228368307516397	0.20537992729579835	0.1697387664747314	0.12802533082044573	0.19878480826116735	0.17728569925035725	0.35743952576872284	0.37378521387605373	0.28974665043420794	0.23824086357974456	0.3667133686252191	0.28789366987186665	0.33660293659705814	0.2312380938336539	0.3241769686387131	0.1980977651693156	0.12241395011025358	0.2639945621551518	0.26123626092044827	0.36582968293263607
w29pp	0.29953117483090896	0.26364436289502086	0.3950391903352444	0.3772223255129753	0.21078321073384626	0.2292642473813452	0.1920846719488805	0.22455485680416795	0.2111738395742645	0.22668666873754806	0.1660022666851711	0.2566900322509572	0.12657543720190628	0.20911902822340223	0.1740094675058096	0.21311720008967755	0.19350040238749538	0.09969699065612585	0.0	0.07290640910429341	0.196142920271442	0.2566748148027026	0.18014500087163993	0.21796642409711067	0.21120130874176335	0.15368495457654388	0.218991209804313	0.42870113314326685	0.27933059982412767	0.2749623555403181	0.33753550694481416	0.44847095767912803	0.36943059968228387	0.5577574175041629	0.4947603859250612	0.29001722488582893	0.30916316972909247	0.39771621379280464	0.2802593103369633	0.24461814951589628	0.20290471386161063	0.2736641913023322	0.2521650822915221	0.43231890880988777	0.4486645969172186	0.3646260334753728	0.3131202466209094	0.441592751666384	0.3627730529130315	0.411482319638223	0.30611747687481883	0.39905635167987796	0.27297714821048047	0.19729333315141845	0.33887394519631675	0.33611564396161314	0.4407090659738009
w27pp	0.24760525406404696	0.21171844212815882	0.34311326956838234	0.32529640474611327	0.15885728996698426	0.17733832661448318	0.14015875118201848	0.17262893603730592	0.15924791880740247	0.17476074797068603	0.11407634591830909	0.2047641114840952	0.07464951643504428	0.15719310745654022	0.12208354673894756	0.16119127932281552	0.14157448162063335	0.047771069889263815	0.07290640910429341	0.0	0.14421699950457997	0.20474889403584054	0.1282190801047779	0.16604050333024864	0.15927538797490132	0.10175903380968185	0.16706528903745096	0.3767752123764049	0.22740467905726566	0.22303643477345605	0.2856095861779521	0.39654503691226606	0.31750467891542183	0.5058314967373009	0.44283446515819913	0.2380913041189669	0.25723724896223044	0.34579029302594255	0.22833338957010121	0.19269222874903424	0.1509787930947486	0.22173827053547018	0.20023916152466012	0.3803929880430257	0.39673867615035663	0.3127001127085108	0.26119432585404745	0.3896668308995219	0.31084713214616955	0.35955639887136104	0.25419155610795674	0.347130430913016	0.22105122744361846	0.14536741238455642	0.2869480244294547	0.2841897231947511	0.3887831452069389
f16ppA	0.3009771805279877	0.26509036859209956	0.396485196032323	0.37866833121005394	0.21222921643092496	0.2307102530784239	0.1935306776459592	0.22600086250124662	0.21261984527134317	0.22813267443462673	0.1674482723822498	0.2581360379480359	0.12802144289898498	0.21056503392048093	0.17545547320288823	0.2145632057867562	0.19494640808457403	0.12126353723027712	0.196142920271442	0.14421699950457997	0.0	0.21315323903101718	0.1815910065687186	0.21941242979418935	0.21264731443884202	0.15513096027362255	0.22043721550139167	0.43014713884034556	0.28077660552120637	0.27640836123739676	0.3389815126418928	0.44991696337620674	0.3708766053793625	0.5592034232012415	0.49620639162213986	0.2914632305829076	0.31060917542617117	0.3991622194898833	0.2817053160340419	0.24606415521297498	0.20435071955868928	0.27511019699941086	0.2536110879886008	0.4337649145069664	0.4501106026142973	0.36607203917245146	0.3145662523179881	0.44303875736346265	0.3642190586101102	0.4129283253353017	0.3075634825718975	0.40050235737695666	0.27442315390755917	0.19873933884849715	0.3403199508933954	0.33756164965869184	0.44215507167087964
w2pp	0.36150907505924823	0.3256222631233601	0.45701709056358364	0.43920022574131456	0.2727611109621855	0.2912421476096845	0.2540625721772197	0.2865327570325072	0.27315173980260377	0.2886645689658873	0.22798016691351036	0.3186679324792965	0.18855333743024555	0.2710969284517415	0.2359873677341488	0.27509510031801676	0.2554783026158346	0.18179543176153767	0.2566748148027026	0.20474889403584054	0.21315323903101718	0.0	0.24212290109997917	0.2799443243254499	0.2731792089701026	0.21566285480488312	0.28096911003265224	0.4906790333716061	0.34130850005246693	0.3369402557686573	0.3995134071731534	0.5104488579074673	0.43140849991062313	0.6197353177325021	0.5567382861534005	0.3519951251141682	0.3711410699574317	0.45969411402114385	0.3422372105653025	0.30659604974423554	0.26488261408994984	0.3356420915306715	0.3141429825198614	0.494296809038227	0.5106424971455579	0.4266039337037121	0.3750981468492487	0.5035706518947232	0.4247509531413708	0.4734602198665623	0.36809537710315804	0.46103425190821723	0.33495504843881974	0.2592712333797577	0.40085184542465596	0.39809354418995235	0.5026869662021402
w16pp	0.23148122140146668	0.19559440946557854	0.32698923690580206	0.309172372083533	0.14273325730440398	0.1612142939519029	0.12403471851943819	0.19295956927085298	0.17957855204094952	0.19509138120423308	0.13440697915185612	0.22509474471764226	0.09498014966859132	0.17752374069008725	0.14241417997249461	0.18152191255636255	0.1619051148541804	0.10526561783047504	0.18014500087163993	0.1282190801047779	0.1815910065687186	0.24212290109997917	0.0	0.12899062849852672	0.12222551314317939	0.06471115897895999	0.1300174142067291	0.33972733754568296	0.1903568042265438	0.1859885599427342	0.24856171134723026	0.35949716208154414	0.2804568040847	0.46878362190657896	0.4057865903274773	0.20104342928824503	0.22018937413150858	0.30874241819522075	0.19128551473937935	0.15564435391831238	0.11393091826402672	0.18469039570474832	0.16319128669393826	0.3433451132123039	0.3596908013196347	0.2756522378777889	0.22414645102332556	0.3526189560688001	0.27379925731544763	0.3225085240406391	0.2171436812772349	0.31008255608229407	0.1840033526128966	0.12924337972197614	0.27082399176687444	0.2680656905321709	0.37265911254435863
f23ppB	0.2693026446269374	0.23341583269104932	0.36481066013127283	0.34699379530900376	0.18055468052987472	0.19903571717737364	0.16185614174490892	0.23078099249632372	0.21739997526642027	0.23291280442970383	0.1722284023773269	0.262916167943113	0.13280157289406208	0.21534516391555802	0.18023560319796533	0.2193433357818333	0.19972653807965113	0.14308704105594577	0.21796642409711067	0.16604050333024864	0.21941242979418935	0.2799443243254499	0.12899062849852672	0.0	0.16004493636765008	0.10253258220443073	0.16783883743219985	0.37754876077115374	0.22817822745201455	0.22380998316820494	0.28638313457270104	0.3973185853070149	0.31827822731017075	0.5066050451320497	0.44360801355294804	0.23886485251371578	0.2580107973569793	0.34656384142069147	0.2291069379648501	0.19346577714378316	0.15175234148949746	0.22251181893021907	0.201012709919409	0.3811665364377746	0.3975122245451055	0.3134736611032597	0.2619678742487963	0.39044037929427083	0.3116206805409184	0.3603299472661099	0.25496510450270565	0.34790397930776484	0.22182477583836735	0.1670648029474469	0.3086454149923452	0.3058871137576416	0.41048053576982935
w11pp	0.26253752927159013	0.22665071733570197	0.3580455447759255	0.3402286799536564	0.1737895651745274	0.19227060182202632	0.15509102638956163	0.2240158771409764	0.21063485991107295	0.2261476890743565	0.16546328702197954	0.2561510525877657	0.12603645753871473	0.20858004856021067	0.17347048784261804	0.21257822042648597	0.19296142272430383	0.13632192570059848	0.21120130874176335	0.15927538797490132	0.21264731443884202	0.2731792089701026	0.12222551314317939	0.16004493636765008	0.0	0.09576746684908341	0.16107372207685253	0.37078364541580644	0.22141311209666723	0.21704486781285762	0.2796180192173537	0.3905534699516676	0.3115131119548234	0.49983992977670244	0.4368428981976007	0.23209973715836846	0.251245682001632	0.3397987260653441	0.22234182260950278	0.1867006617884358	0.14498722613415016	0.21574670357487175	0.19424759456406168	0.37440142108242724	0.3907471091897582	0.30670854574791234	0.255202758893449	0.3836752639389235	0.3048555651855711	0.3535648319107626	0.24819998914735833	0.34113886395241755	0.21505966048302003	0.1602996875920996	0.30188029963699786	0.29912199840229425	0.40371542041448205
f10pp	0.20502117510637063	0.16913436317048253	0.30052919061070604	0.28271232578843697	0.11627321100930794	0.13475424765680685	0.09757467222434213	0.16649952297575693	0.15311850574585348	0.16863133490913704	0.10794693285676007	0.19863469842254622	0.06852010337349526	0.1510636943949912	0.11595413367739854	0.1550618662612665	0.13544506855908434	0.07880557153537898	0.15368495457654388	0.10175903380968185	0.15513096027362255	0.21566285480488312	0.06471115897895999	0.10253258220443073	0.09576746684908341	0.0	0.08067472163512976	0.29038464497408367	0.14101411165494446	0.13664586737113485	0.19921901877563092	0.31015446950994485	0.23111411151310063	0.4194409293349797	0.356443897755878	0.1517007367166457	0.17084668155990923	0.2593997256236214	0.14194282216778	0.10630166134671305	0.06458822569242738	0.13534770313314898	0.11384859412233891	0.29400242064070453	0.3103481087480354	0.22630954530618957	0.17480375845172622	0.30327626349720077	0.2244565647438483	0.27316583146903983	0.16780098870563556	0.2607398635106948	0.13466066004129726	0.1027833334268801	0.2443639454717784	0.2416056442370748	0.34619906624926255
w26pp	0.27032743033413975	0.23444061839825164	0.36583544583847516	0.3480185810162061	0.18157946623707705	0.20006050288457597	0.16288092745211125	0.23180577820352605	0.2184247609736226	0.23393759013690615	0.17325318808452922	0.26394095365031534	0.1338263586012644	0.21636994962276035	0.18126038890516766	0.22036812148903562	0.20075132378685345	0.1441118267631481	0.218991209804313	0.16706528903745096	0.22043721550139167	0.28096911003265224	0.1300174142067291	0.16783883743219985	0.16107372207685253	0.08067472163512976	0.0	0.29299853788066965	0.14362800456153046	0.13925976027772086	0.20183291168221695	0.31276836241653083	0.23372800441968666	0.42205482224156565	0.35905779066246396	0.1543146296232317	0.17346057446649527	0.2620136185302074	0.14455671507436602	0.13929417518248866	0.09758073952820297	0.1683402169689246	0.1468411079581145	0.3269949344764801	0.34334062258381104	0.2593020591419652	0.20779627228750183	0.33626877733297633	0.25744907857962396	0.3061583453048154	0.20079350254141118	0.2937323773464704	0.16765317387707285	0.16808958865464924	0.30967020069954754	0.30691189946484393	0.41150532147703167
S14Hp	0.4800373536730937	0.44415054173720553	0.575545369177429	0.55772850435516	0.391289389576031	0.4097704262235299	0.37259085079106513	0.44151570154247993	0.4281346843125765	0.44364751347586007	0.3829631114234831	0.4736508769892692	0.3435362819402183	0.42607987296171423	0.39097031224412154	0.4300780448279895	0.41046124712580734	0.353821750102102	0.42870113314326685	0.3767752123764049	0.43014713884034556	0.4906790333716061	0.33972733754568296	0.37754876077115374	0.37078364541580644	0.29038464497408367	0.29299853788066965	0.0	0.34011668000938533	0.3357484357255757	0.3983215871300718	0.5092570378643857	0.43021667986754153	0.6185434976894205	0.5555464661103188	0.35080330507108654	0.3699492499143501	0.4585022939780622	0.3410453905222209	0.34900409852144254	0.3072906628671569	0.37805014030787853	0.35655103129706844	0.5367048578154341	0.5530505459227649	0.46901198248091913	0.41750619562645575	0.5459787006719303	0.46715900191857784	0.5158682686437693	0.4105034258803651	0.5034423006854243	0.3773630972160268	0.3777995119936032	0.5193801240385014	0.5166218228037979	0.6212152448159856
w12pp	0.33066682035395445	0.29478000841806634	0.42617483585828986	0.4083579710360208	0.24191885625689175	0.2603998929043907	0.22322031747192597	0.29214516822334075	0.2787641509934373	0.2942769801567209	0.23359257810434392	0.32428034367013003	0.1941657486210791	0.27670933964257505	0.24159977892498236	0.2807075115088503	0.26109071380666815	0.2044512167829628	0.27933059982412767	0.22740467905726566	0.28077660552120637	0.34130850005246693	0.1903568042265438	0.22817822745201455	0.22141311209666723	0.14101411165494446	0.14362800456153046	0.34011668000938533	0.0	0.10274976240924655	0.16532291381374264	0.2762583645480565	0.19721800655121235	0.38554482437309134	0.38390981762799115	0.17916665658875888	0.19831260143202245	0.28686564549573457	0.1694087420398932	0.19963356520230335	0.1579201295480177	0.22867960698873932	0.20718049797792923	0.38733432449629485	0.40368001260362574	0.31964144916177994	0.26813566230731656	0.3966081673527911	0.31778846859943866	0.36649773532463015	0.2611328925612259	0.3540717673662851	0.2279925638968876	0.22842897867446393	0.3700095907193622	0.36725128948465857	0.47184471149684637
w18pp	0.32629857607014484	0.29041176413425673	0.4218065915744802	0.4039897267522111	0.23755061197308214	0.2560316486205811	0.21885207318811636	0.28777692393953114	0.27439590670962766	0.2899087358729112	0.2292243338205343	0.3199120993863204	0.1897975043372695	0.27234109535876544	0.23723153464117275	0.2763392672250407	0.25672246952285854	0.2000829724991532	0.2749623555403181	0.22303643477345605	0.27640836123739676	0.3369402557686573	0.1859885599427342	0.22380998316820494	0.21704486781285762	0.13664586737113485	0.13925976027772086	0.3357484357255757	0.10274976240924655	0.0	0.1245163410185537	0.23545179175286757	0.1564114337560234	0.34473825157790244	0.3795415733441815	0.17479841230494927	0.19394435714821284	0.2824974012119249	0.1650404977560836	0.19526532091849375	0.1535518852642081	0.2243113627049297	0.20281225369411962	0.38296608021248524	0.39931176831981613	0.3152732048779703	0.26376741802350695	0.3922399230689815	0.31342022431562905	0.3621294910408205	0.2567646482774163	0.3497035230824755	0.223624319613078	0.22406073439065433	0.36564134643555257	0.362883045200849	0.46747646721303676
f6ppA	0.38887172747464094	0.3529849155387528	0.4843797429789763	0.4665628781567072	0.30012376337757823	0.31860480002507713	0.28142522459261243	0.3503500753440272	0.33696905811412375	0.3524818872774073	0.29179748522503035	0.3824852507908165	0.25237065574176554	0.3349142467632615	0.29980468604566884	0.3389124186295368	0.31929562092735464	0.2626561239036493	0.33753550694481416	0.2856095861779521	0.3389815126418928	0.3995134071731534	0.24856171134723026	0.28638313457270104	0.2796180192173537	0.19921901877563092	0.20183291168221695	0.3983215871300718	0.16532291381374264	0.1245163410185537	0.0	0.1746167020338365	0.149635491866914	0.33796230968879304	0.4421147247486776	0.23737156370944534	0.25651750855270894	0.345070552616421	0.22761364916057966	0.25783847232298984	0.21612503666870414	0.2868845141094258	0.2653854050986157	0.4455392316169813	0.4618849197243122	0.3778463562824664	0.32634056942800305	0.4548130744734775	0.37599337572012514	0.4247026424453166	0.31933779968191234	0.4122766744869716	0.28619747101757403	0.28663388579515037	0.42821449784004867	0.42545619660534506	0.5300496186175329
w32pp	0.49980717820895487	0.4639203662730667	0.5953151937132902	0.5774983288910212	0.41105921411189217	0.42954025075939106	0.3923606753269263	0.4612855260783411	0.4479045088484377	0.46341733801172125	0.4027329359593443	0.4934207015251304	0.36330610647607947	0.4458496974975754	0.4107401367799827	0.4498478693638507	0.4302310716616685	0.37359157463796316	0.44847095767912803	0.39654503691226606	0.44991696337620674	0.5104488579074673	0.35949716208154414	0.3973185853070149	0.3905534699516676	0.31015446950994485	0.31276836241653083	0.5092570378643857	0.2762583645480565	0.23545179175286757	0.1746167020338365	0.0	0.2605709426012279	0.4488977604231069	0.5530501754829915	0.3483070144437592	0.3674529592870228	0.4560060033507349	0.33854909989489357	0.3687739230573037	0.3270604874030181	0.3978199648437397	0.3763208558329296	0.5564746823512952	0.5728203704586261	0.4887818070167803	0.4372760201623169	0.5657485252077914	0.486928826454439	0.5356380931796305	0.43027325041622627	0.5232121252212855	0.39713292175188797	0.39756933652946436	0.5391499485743626	0.536391647339659	0.6409850693518468
w6pp	0.42076682021211065	0.3848800082762225	0.516274835716446	0.4984579708941769	0.33201885611504794	0.35049989276254684	0.31332031733008214	0.3822451680814969	0.36886415085159346	0.384376980014877	0.32369257796250006	0.41438034352828623	0.28426574847923525	0.3668093395007312	0.33169977878313855	0.3708075113670065	0.35119071366482435	0.294551216641119	0.36943059968228387	0.31750467891542183	0.3708766053793625	0.43140849991062313	0.2804568040847	0.31827822731017075	0.3115131119548234	0.23111411151310063	0.23372800441968666	0.43021667986754153	0.19721800655121235	0.1564114337560234	0.149635491866914	0.2605709426012279	0.0	0.3118705223009562	0.47400981748614734	0.26926665644691505	0.28841260129017865	0.37696564535389077	0.2595087418980494	0.28973356506045955	0.24802012940617385	0.3187796068468955	0.2972804978360854	0.477434324354451	0.49378001246178194	0.4097414490199361	0.35823566216547276	0.48670816721094723	0.40788846845759485	0.4565977351827863	0.35123289241938205	0.4441717672244413	0.31809256375504374	0.3185289785326201	0.4601095905775184	0.45735128934281477	0.5619447113550026
530451	0.6090936380339897	0.5732068260981016	0.704601653538325	0.686784788716056	0.520345673936927	0.5388267105844259	0.5016471351519611	0.570571985903376	0.5571909686734725	0.5727037978367561	0.512019395784379	0.6027071613501652	0.4725925663011143	0.5551361573226102	0.5200265966050176	0.5591343291888855	0.5395175314867033	0.482878034462998	0.5577574175041629	0.5058314967373009	0.5592034232012415	0.6197353177325021	0.46878362190657896	0.5066050451320497	0.49983992977670244	0.4194409293349797	0.42205482224156565	0.6185434976894205	0.38554482437309134	0.34473825157790244	0.33796230968879304	0.4488977604231069	0.3118705223009562	0.0	0.6623366353080262	0.45759347426879404	0.47673941911205764	0.5652924631757696	0.4478355597199284	0.47806038288233854	0.4363469472280529	0.5071064246687745	0.48560731565796444	0.6657611421763301	0.6821068302836609	0.5980682668418151	0.5465624799873517	0.6750349850328263	0.5962152862794738	0.6449245530046653	0.539559710241261	0.6324985850463203	0.5064193815769228	0.5068557963544992	0.6484364083993974	0.6456781071646939	0.7502715291768817
S18H1	0.546096606454888	0.5102097945189998	0.6416046219592233	0.6237877571369543	0.4573486423578253	0.4758296790053242	0.4386501035728595	0.5075749543242742	0.49419393709437076	0.5097067662576543	0.4490223642052774	0.5397101297710636	0.4095955347220126	0.49213912574350854	0.45702956502591585	0.4961372976097838	0.47652049990760165	0.4198810028838963	0.4947603859250612	0.44283446515819913	0.49620639162213986	0.5567382861534005	0.4057865903274773	0.44360801355294804	0.4368428981976007	0.356443897755878	0.35905779066246396	0.5555464661103188	0.38390981762799115	0.3795415733441815	0.4421147247486776	0.5530501754829915	0.47400981748614734	0.6623366353080262	0.0	0.3091751093575087	0.3564125914747187	0.4449656355384308	0.3275107320835895	0.41506335130323685	0.3733499156489512	0.4441093930896728	0.4226102840788627	0.6027641105972283	0.6191097987045593	0.5350712352627134	0.48356544840825005	0.6120379534537246	0.5332182547003721	0.5819275214255636	0.4765626786621594	0.5695015534672185	0.4434223499978211	0.44385876477539743	0.5854393768202957	0.5826810755855921	0.6872744975977799
