	w25pp	f16ppB	f25pp	f14ppB	f6ppA	S14Hp	F32H1	F7H1	s11pp	w16pp	w15pp	S3Hp	f32pp	f2pp	w2pp	w4pp	f1pp	w1pp	f4pp	s21pp	w3pp	s3pp	w26pp	f26pp	f3pp	w10pp	f20ppB	w21pp	s29pp	s24pp	S12Hp	S1Hp	S22Hp	f12ppA	w12pp	w18pp	s12pp	w14pp	f9pp	f15pp	s30pp	w17pp	f14ppA	f30pp	f23ppA	f21pp	f17ppA	w9pp	f11pp	f8pp	w11pp	f31pp	f23ppB	f16ppA	s17pp	w24pp	w29pp	f10pp	S23Hp	w7pp	f22ppA	s19pp	F8H1	s8pp	w8pp	f13pp	s31pp	s27pp	w27pp	f29pp	s2pp	S18H1	f20ppA	w13pp	w20pp	S13Hp	w32pp	w6pp	f22ppB	w22pp	f7pp	f12ppB	S9H1	S2Hp	s1pp	s28pp	w28pp	f28pp	w31pp	w23pp	s23pp	S15Hp	530451	31160	F14H1A	f24pp	f17ppB	f19pp	f18pp	f6ppB	s25pp	w19pp
w25pp	0.0	0.0037529960285631117	0.0037539960290631415	0.02664251281579367	0.08926731929742975	0.24283923635888902	0.2859881966958043	0.2746190891840047	0.1903409603171779	0.055435459778466784	0.09899950587707053	0.14927679308608877	0.048765316126970104	0.06873061490123274	0.06873061490123274	0.06889899745023685	0.059545782125004526	0.059545782125004526	0.05989980958283464	0.07986974263863299	0.07668086567762848	0.07668086567762848	0.07967564991324773	0.07967564991324773	0.12428741339467085	0.0726800855251633	0.07134547665934253	0.09176626246235532	0.15708319513685176	0.3044976810927245	0.2867979023170045	0.31676053950550903	0.2919265276753083	0.0738682858800629	0.09109612753695716	0.07290443273513221	0.09344999712217276	0.054112064890619316	0.06809124982594543	0.058942146746812016	0.10149386610543464	0.054677106752195295	0.05617569825763692	0.055962952234095864	0.053766023411328884	0.053766023411328884	0.06482515578513007	0.07520720340253868	0.05463507021354967	0.061237803799253115	0.061237803799253115	0.06378861658984758	0.0563489269470539	0.052834348457657415	0.15706805177346658	0.07865554209183127	0.06309849750835408	0.049721361979490175	0.3087486497968924	0.18172123044076346	0.06139578299057391	0.14155295350375602	0.2302120025485067	0.11495708587758656	0.09664862234369194	0.05724509496729839	0.15585738993510337	0.07921226327222473	0.07921226327222473	0.07235602614442287	0.09830071313898082	0.3039630426880089	0.06458642629038669	0.067817768477594	0.10173202879368005	0.2880756656648028	0.14010058776890655	0.1495112470005839	0.04085927534134094	0.0409438578268918	0.0409438578268918	0.026641512815293637	0.26723910190562206	0.22966393589390963	0.13880186806065797	0.22189076442402145	0.08018963106760356	0.09410641335537868	0.05346839390837348	0.06758743983186098	0.1300218914839129	0.2696750397878935	0.3172180436267621	0.30790379415187014	0.28382180622760406	0.017534476112290646	0.02047175300430243	0.022963049129363	0.017114526608091044	0.011714071856310737	0.013617369975539447	2.00000100005818e-06
f16ppB	0.0037529960285631117	0.0	3.00000150008727e-06	0.022891516788230613	0.08551632326986669	0.23908824033132595	0.2822372006682412	0.2708680931564416	0.18658996428961483	0.051684463750903735	0.09524850984950747	0.1455257970585257	0.045014320099407056	0.06497961887366968	0.06497961887366968	0.0651480014226738	0.05579478609744148	0.05579478609744148	0.05614881355527159	0.07611874661106993	0.07292986965006543	0.07292986965006543	0.07592465388568467	0.07592465388568467	0.1205364173671078	0.06892908949760024	0.06759448063177947	0.08801526643479227	0.1533321991092887	0.30074668506516145	0.28304690628944146	0.31300954347794596	0.28817553164774523	0.07011728985249985	0.0873451315093941	0.06915343670756915	0.08969900109460971	0.05036106886305627	0.06434025379838237	0.05519115071924897	0.09774287007787158	0.05092611072463225	0.05242470223007387	0.052211956206532815	0.050015027383765835	0.050015027383765835	0.06107415975756702	0.07145620737497563	0.05088407418598662	0.05748680777169007	0.05748680777169007	0.06003762056228453	0.05259793091949085	0.04908335243009437	0.1533170557459035	0.07490454606426822	0.059347501480791036	0.04597036595192713	0.30499765376932936	0.1779702344132004	0.05764478696301086	0.13780195747619295	0.22646100652094364	0.1112060898500235	0.09289762631612888	0.05349409893973534	0.1521063939075403	0.07546126724466168	0.07546126724466168	0.06860503011685981	0.09454971711141777	0.3002120466604458	0.06083543026282364	0.06406677245003095	0.097981032766117	0.28432466963723974	0.13634959174134348	0.14576025097302084	0.037108279313777894	0.03719286179932875	0.03719286179932875	0.022890516787730582	0.263488105878059	0.22591293986634656	0.1350508720330949	0.21813976839645838	0.0764386350400405	0.09035541732781563	0.04971739788081043	0.06383644380429793	0.12627089545634984	0.2659240437603304	0.313467047599199	0.30415279812430707	0.280070810200041	0.013783480084727594	0.016720756976739373	0.019212053101799943	0.013363530580527992	0.007963075828747683	0.013963105146076774	0.0037529960285631117
f25pp	0.0037539960290631415	3.00000150008727e-06	0.0	0.022890516787730585	0.08551532326936666	0.23908724033082593	0.2822362006677412	0.2708670931559416	0.1865889642891148	0.0516834637504037	0.09524750984900744	0.14552479705802568	0.045013320098907024	0.06497861887316965	0.06497861887316965	0.06514700142217376	0.055793786096941446	0.055793786096941446	0.05614781355477156	0.0761177466105699	0.0729288696495654	0.0729288696495654	0.07592365388518464	0.07592365388518464	0.12053541736660776	0.0689280894971002	0.06759348063127944	0.08801426643429223	0.15333119910878867	0.3007456850646614	0.28304590628894144	0.31300854347744594	0.2881745316472452	0.07011628985199982	0.08734413150889407	0.06915243670706912	0.08969800109410968	0.050360068862556236	0.06433925379788234	0.055190150718748936	0.09774187007737155	0.050925110724132215	0.05242370222957384	0.052210956206032784	0.050014027383265804	0.050014027383265804	0.06107315975706699	0.0714552073744756	0.05088307418548659	0.057485807771190035	0.057485807771190035	0.0600366205617845	0.05259693091899082	0.049082352429594335	0.1533160557454035	0.07490354606376819	0.059346501480291004	0.045969365951427095	0.30499665376882934	0.17796923441270038	0.05764378696251083	0.13780095747569293	0.22646000652044362	0.11120508984952347	0.09289662631562885	0.05349309893923531	0.15210539390704028	0.07546026724416165	0.07546026724416165	0.06860403011635978	0.09454871711091774	0.3002110466599458	0.06083443026232361	0.06406577244953092	0.09798003276561697	0.2843236696367397	0.13634859174084346	0.14575925097252082	0.03710727931327786	0.03719186179882872	0.03719186179882872	0.022889516787230554	0.26348710587755897	0.22591193986584654	0.1350498720325949	0.21813876839595836	0.07643763503954047	0.0903544173273156	0.049716397880310396	0.0638354438037979	0.12626989545584982	0.2659230437598304	0.313466047598699	0.30415179812380705	0.28006981019954097	0.013782480084227564	0.016719756976239345	0.019211053101299915	0.013362530580027962	0.007962075828247654	0.013964105146576804	0.0037539960290631415
f14ppB	0.02664251281579367	0.022891516788230613	0.022890516787730585	0.0	0.06262680648263613	0.21619872354409544	0.25934768388101065	0.24797857636921108	0.16370044750238433	0.028794946963673178	0.07235899306227692	0.12263628027129521	0.02212480331217649	0.04209010208643913	0.04209010208643913	0.04225848463544323	0.03290526931021091	0.03290526931021091	0.033259296768041034	0.05322922982383936	0.05004035286283486	0.05004035286283486	0.05303513709845411	0.05303513709845411	0.09764690057987724	0.04603957271036968	0.0447049638445489	0.0651257496475617	0.1304426823220582	0.2778571682779309	0.2601573895022109	0.2901200266907154	0.2652860148605147	0.047227773065269284	0.06445561472216355	0.04626391992033859	0.06680948430737915	0.027471552075825703	0.04145073701115182	0.0323016339320184	0.07485335329064101	0.028036593937401683	0.029535185442843316	0.02932243941930225	0.02712551059653527	0.02712551059653527	0.03818464297033646	0.04856669058774507	0.027994557398756066	0.03459729098445951	0.03459729098445951	0.03714810377505397	0.029708414132260295	0.02619383564286381	0.130427538958673	0.052015029277037654	0.03645798469356047	0.023080849164696562	0.2821081369820988	0.1550807176259699	0.034755270175780305	0.11491244068896245	0.20357148973371314	0.08831657306279295	0.07000810952889833	0.030604582152504785	0.1292168771203098	0.05257175045743112	0.05257175045743112	0.04571551332962925	0.0716602003241872	0.27732252987321526	0.03794591347559308	0.0411772556628004	0.07509151597888643	0.2614351528500092	0.11346007495411296	0.12287073418579034	0.014218762526547336	0.014303345012098196	0.014303345012098196	3.00000150008727e-06	0.25167250017067533	0.21409733415896298	0.1232352663257113	0.2063241626890748	0.06462302933265686	0.07853981162043198	0.03790179217342678	0.05202083809691429	0.11445528974896621	0.25410843805294675	0.30165144189181536	0.2923371924169234	0.26825520449265733	0.009112036705503137	0.01204931359751492	0.014540609722575489	0.020328895711263242	0.014930440960482991	0.03685262193330733	0.02664251281579367
f6ppA	0.08926731929742975	0.08551632326986669	0.08551532326936666	0.06262680648263613	0.0	0.23023301647829925	0.2733819768152144	0.2620128693034149	0.17773474043658813	0.0501744690127485	0.09373851511135223	0.14401580232037053	0.05813547208706476	0.0781007708613274	0.0781007708613274	0.08299544987279095	0.07364223454755864	0.07364223454755864	0.07399626200538875	0.09396619506118709	0.09077731810018258	0.09077731810018258	0.09377210233580183	0.09377210233580183	0.13838386581722495	0.08677653794771739	0.08544192908189663	0.1058627148849094	0.17117964755940593	0.31859413351527865	0.30089435473955867	0.33085699192806317	0.30602298009786244	0.087964738302617	0.10519257995951126	0.08700088515768631	0.10754644954472686	0.06820851731317343	0.09008450859648279	0.08093540551734937	0.12348712487597198	0.07667036552273267	0.07816895702817431	0.07795621100463324	0.07575928218186626	0.07575928218186626	0.08681841455566744	0.09720046217307604	0.07662832898408706	0.08323106256979049	0.08323106256979049	0.08578187536038495	0.07834218571759127	0.07482760722819479	0.179061310544004	0.10064880086236863	0.08509175627889146	0.07171462075002755	0.3307419085674298	0.20371448921130092	0.08338904176111128	0.17753524716959845	0.2661942962143492	0.15093937954342895	0.13263091600953433	0.0932273886331408	0.19183968360094583	0.11519455693806713	0.11519455693806713	0.10833831981026526	0.1342830068048232	0.33994533635385127	0.10056871995622908	0.1038000621434364	0.13771432245952242	0.3240579593306452	0.17608288143474898	0.18549354066642634	0.07684156900718335	0.07692615149273421	0.07692615149273421	0.06262780648313616	0.3142973066523114	0.2767221406405991	0.1858600728073474	0.26894896917071087	0.12724783581429294	0.14116461810206807	0.10052659865506286	0.11464564457855037	0.17708009623060228	0.31673324453458285	0.36427624837345146	0.3549619988985595	0.3308800109742934	0.07173684318713922	0.07467412007915099	0.07716541620421156	0.08295370219289933	0.07755524744211907	0.0994774284149434	0.08926731929742975
S14Hp	0.24283923635888902	0.23908824033132595	0.23908724033082593	0.21619872354409544	0.23023301647829925	0.0	0.40771484846134165	0.3963457409495421	0.3120676120827154	0.20374638607420786	0.2473104321728116	0.2975877193818299	0.2117073891485241	0.23167268792278675	0.23167268792278675	0.23656736693425032	0.227214151609018	0.227214151609018	0.22756817906684812	0.24753811212264645	0.24434923516164195	0.24434923516164195	0.2473440193972612	0.2473440193972612	0.2919557828786843	0.24034845500917676	0.239013846143356	0.2594346319463688	0.3247515646208653	0.472166050576738	0.45446627180101806	0.4844289089895225	0.4595948971593218	0.24153665536407637	0.25876449702097065	0.24057280221914568	0.26111836660618626	0.2217804343746328	0.24365642565794216	0.23450732257880874	0.27705904193743136	0.23024228258419202	0.23174087408963365	0.23152812806609258	0.22933119924332562	0.22933119924332562	0.2403903316171268	0.2507723792345354	0.2302002460455464	0.23680297963124985	0.23680297963124985	0.2393537924218443	0.23191410277905064	0.22839952428965415	0.3326332276054634	0.254220717923828	0.2386636733403508	0.2252865378114869	0.48431382562888914	0.35728640627276026	0.23696095882257062	0.3311071642310578	0.41976621327580854	0.3045112966048883	0.2862028330709937	0.24679930569460012	0.34541160066240517	0.26876647399952647	0.26876647399952647	0.2619102368717246	0.28785492386628253	0.4935172534153106	0.2541406370176884	0.25737197920489574	0.29128623952098176	0.4776298763921045	0.3296547984962083	0.33906545772788566	0.23041348606864268	0.23049806855419355	0.23049806855419355	0.21619972354459546	0.4678692237137707	0.43029405770205836	0.3394319898688067	0.4225208862321702	0.2808197528757522	0.2947365351635274	0.25409851571652214	0.26821756164000965	0.3306520132920616	0.4703051615960422	0.5178481654349107	0.5085339159600188	0.48445192803575277	0.22530876024859853	0.22824603714061031	0.23073733326567086	0.2365256192543586	0.23112716450357834	0.2530493454764027	0.24283923635888902
F32H1	0.2859881966958043	0.2822372006682412	0.2822362006677412	0.25934768388101065	0.2733819768152144	0.40771484846134165	0.0	0.4135898728404043	0.3429589856394256	0.24689534641112304	0.29045939250972674	0.34073667971874505	0.2548563494854393	0.2748216482597019	0.2748216482597019	0.27971632727116547	0.27036311194593315	0.27036311194593315	0.2707171394037633	0.2906870724595616	0.28749819549855715	0.28749819549855715	0.29049297973417637	0.29049297973417637	0.33510474321559947	0.28349741534609196	0.28216280648027114	0.30258359228328396	0.3679005249577805	0.5153150109136532	0.49761523213793324	0.5275778693264377	0.502743857496237	0.28468561570099155	0.30191345735788583	0.28372176255606085	0.30426732694310143	0.26492939471154797	0.28680538599485733	0.2776562829157239	0.32020800227434654	0.2733912429211072	0.27488983442654885	0.2746770884030078	0.2724801595802408	0.2724801595802408	0.283539291954042	0.2939213395714506	0.27334920638246163	0.27995193996816503	0.27995193996816503	0.2825027527587595	0.27506306311596584	0.27154848462656933	0.37578218794237855	0.2973696782607432	0.281812633677266	0.2684354981484021	0.5274627859658043	0.4004353666096755	0.28010991915948585	0.37425612456797297	0.4629151736127237	0.34766025694180347	0.3293517934079089	0.28994826603151536	0.38856056099932035	0.31191543433644164	0.31191543433644164	0.3050591972086398	0.33100388420319776	0.5366662137522258	0.29728959735460364	0.30052093954181097	0.334435199857897	0.5207788367290198	0.3728037588331235	0.3822144180648009	0.2735624464055579	0.27364702889110876	0.27364702889110876	0.25934868388151067	0.511018184050686	0.4734430180389736	0.3825809502057219	0.4656698465690854	0.32396871321266746	0.33788549550044256	0.2972474760534374	0.3113665219769249	0.3738009736289768	0.5134541219329574	0.560997125771826	0.551682876296934	0.5276008883726679	0.2684577205855137	0.2713949974775255	0.2738862936025861	0.27967457959127384	0.2742761248404936	0.29619830581331796	0.2859881966958043
F7H1	0.2746190891840047	0.2708680931564416	0.2708670931559416	0.24797857636921108	0.2620128693034149	0.3963457409495421	0.4135898728404043	0.0	0.3315898781276261	0.2355262388993235	0.2790902849979272	0.3293675722069455	0.24348724197363975	0.26345254074790236	0.26345254074790236	0.26834721975936593	0.2589940044341336	0.2589940044341336	0.25934803189196376	0.27931796494776207	0.2761290879867576	0.2761290879867576	0.27912387222237683	0.27912387222237683	0.32373563570379993	0.2721283078342924	0.2707936989684716	0.2912144847714844	0.35653141744598094	0.5039459034018536	0.4862461246261337	0.5162087618146382	0.4913747499844374	0.273316508189192	0.2905443498460863	0.2723526550442613	0.2928982194313019	0.25356028719974844	0.2754362784830578	0.2662871754039244	0.308838894762547	0.26202213540930763	0.2635207269147493	0.2633079808912082	0.26111105206844126	0.26111105206844126	0.27217018444224245	0.282552232059651	0.26198009887066204	0.2685828324563655	0.2685828324563655	0.27113364524695993	0.26369395560416625	0.2601793771147698	0.364413080430579	0.28600057074894364	0.27044352616546646	0.2570663906366025	0.5160936784540048	0.3890662590978759	0.26874081164768626	0.36288701705617343	0.4515460661009242	0.33629114943000393	0.31798268589610934	0.27857915851971576	0.3771914534875208	0.3005463268246421	0.3005463268246421	0.29369008969684024	0.31963477669139817	0.5252971062404262	0.28592048984280405	0.2891518320300114	0.3230660923460974	0.5094097292172202	0.36143465132132396	0.3708453105530013	0.26219333889375834	0.26227792137930916	0.26227792137930916	0.2479795763697111	0.49964907653888635	0.46207391052717395	0.3712118426939223	0.4543007390572858	0.31259960570086787	0.326516387988643	0.2858783685416378	0.2999974144651253	0.3624318661171772	0.5020850144211577	0.5496280182600264	0.5403137687851345	0.5162317808608683	0.2570886130737141	0.2600258899657259	0.2625171860907865	0.26830547207947425	0.262907017328694	0.28482919830151837	0.2746190891840047
s11pp	0.1903409603171779	0.18658996428961483	0.1865889642891148	0.16370044750238433	0.17773474043658813	0.3120676120827154	0.3429589856394256	0.3315898781276261	0.0	0.15124811003249675	0.19481215613110048	0.24508944334011876	0.159209113106813	0.17917441188107563	0.17917441188107563	0.1840690908925392	0.1747158755673069	0.1747158755673069	0.175069903025137	0.19503983608093534	0.19185095911993083	0.19185095911993083	0.19484574335555008	0.19484574335555008	0.2394575068369732	0.18785017896746564	0.18651557010164488	0.20693635590465764	0.2722532885791542	0.4196677745350269	0.4019679957593069	0.4319306329478114	0.4070966211176107	0.18903837932236525	0.2062662209792595	0.18807452617743456	0.2086200905644751	0.16928215833292168	0.19115814961623104	0.18200904653709762	0.22456076589572022	0.1777440065424809	0.17924259804792253	0.1790298520243815	0.17683292320161448	0.17683292320161448	0.18789205557541566	0.1982741031928243	0.17770197000383528	0.1843047035895387	0.1843047035895387	0.18685551638013317	0.17941582673733952	0.17590124824794304	0.28013495156375223	0.20172244188211685	0.18616539729863968	0.1727882617697758	0.43181554958717805	0.3047881302310491	0.18446268278085953	0.2786088881893467	0.3672679372340974	0.2520130205631772	0.23370455702928256	0.19430102965288903	0.2929133246206941	0.21626819795781535	0.21626819795781535	0.20941196083001348	0.23535664782457144	0.4410189773735995	0.20164236097597732	0.20487370316318462	0.23878796347927067	0.42513160035039343	0.2771565224544972	0.28656718168617457	0.17791521002693156	0.17799979251248244	0.17799979251248244	0.16370144750288435	0.4153709476720596	0.3777957816603472	0.2869337138270956	0.37002261019045907	0.22832147683404114	0.24223825912181626	0.20160023967481105	0.21571928559829856	0.2781537372503505	0.41780688555433104	0.46534988939319966	0.4560356399183077	0.4319536519940416	0.1728104842068874	0.1757477610988992	0.17823905722395975	0.1840273432126475	0.17862888846186722	0.20055106943469156	0.1903409603171779
w16pp	0.055435459778466784	0.051684463750903735	0.0516834637504037	0.028794946963673178	0.0501744690127485	0.20374638607420786	0.24689534641112304	0.2355262388993235	0.15124811003249675	0.0	0.04366781111558366	0.09394509832460195	0.024303612568101818	0.04426891134236445	0.04426891134236445	0.049163590353828	0.03981037502859569	0.03981037502859569	0.040164402486425804	0.06013433554222414	0.05694545858121963	0.05694545858121963	0.05994024281683888	0.05994024281683888	0.104552006298262	0.05294467842875446	0.05161006956293368	0.07203085536594646	0.13734778804044298	0.2847622739963157	0.2670624952205957	0.2970251324091002	0.2721911205788995	0.054132878783654054	0.07136072044054832	0.05316902563872336	0.07371459002576393	0.03437665779421048	0.05625264907751985	0.04710354599838644	0.08965526535700903	0.04283850600376972	0.04433709750921136	0.04412435148567029	0.04192742266290331	0.04192742266290331	0.05298655503670449	0.06336860265411311	0.04279646946512411	0.04939920305082754	0.04939920305082754	0.051950015841422004	0.04451032619862834	0.04099574770923185	0.14522945102504106	0.06681694134340568	0.05125989675992851	0.0378827612310646	0.29691004904846685	0.16988262969233797	0.049557182242148334	0.1437033876506355	0.23236243669538623	0.117107520024466	0.09879905649057139	0.05939552911417785	0.15800782408198288	0.08136269741910418	0.08136269741910418	0.07450646029130231	0.10045114728586026	0.3061134768348883	0.06673686043726614	0.06996820262447345	0.10388246294055949	0.29022609981168224	0.14225102191578604	0.1516616811474634	0.0430097094882204	0.04309429197377126	0.04309429197377126	0.028795946964173206	0.2804654471333485	0.24289028112163608	0.15202821328838442	0.23511710965174792	0.09341597629532998	0.1073327585831051	0.06669473913609988	0.0808137850595874	0.14324823671163933	0.2829013850156199	0.3304443888544885	0.32113013937959656	0.2970481514553305	0.037904983668176254	0.04084226056018804	0.0433335566852486	0.04912184267393636	0.04372338792315611	0.06564556889598044	0.055435459778466784
w15pp	0.09899950587707053	0.09524850984950747	0.09524750984900744	0.07235899306227692	0.09373851511135223	0.2473104321728116	0.29045939250972674	0.2790902849979272	0.19481215613110048	0.04366781111558366	0.0	0.1254277416206703	0.06786765866670555	0.0878329574409682	0.0878329574409682	0.09272763645243173	0.08337442112719942	0.08337442112719942	0.08372844858502954	0.10369838164082787	0.10050950467982336	0.10050950467982336	0.10350428891544261	0.10350428891544261	0.14811605239686573	0.09650872452735819	0.09517411566153741	0.1155949014645502	0.1809118341390467	0.3283263200949194	0.3106265413191995	0.3405891785077039	0.3157551666775032	0.09769692488225779	0.11492476653915205	0.09673307173732709	0.11727863612436766	0.07794070389281421	0.09981669517612357	0.09066759209699016	0.13321931145561278	0.08640255210237345	0.08790114360781509	0.08768839758427402	0.08549146876150704	0.08549146876150704	0.09655060113530822	0.10693264875271682	0.08636051556372784	0.09296324914943127	0.09296324914943127	0.09551406194002574	0.08807437229723206	0.08455979380783557	0.1887934971236448	0.11038098744200942	0.09482394285853224	0.08144680732966833	0.3404740951470706	0.21344667579094168	0.09312122834075207	0.18726743374923924	0.27592648279398996	0.16067156612306974	0.14236310258917512	0.10295957521278158	0.20157187018058662	0.12492674351770791	0.12492674351770791	0.11807050638990604	0.144015193384464	0.3496775229334921	0.11030090653586987	0.11353224872307718	0.14744650903916323	0.333790145910286	0.18581506801438974	0.19522572724606713	0.08657375558682413	0.086658338072375	0.086658338072375	0.07235999306277695	0.3240294932319522	0.28645432722023983	0.19559225938698815	0.2786811557503517	0.13698002239393373	0.15089680468170885	0.11025878523470364	0.12437783115819115	0.1868122828102431	0.32646543111422366	0.3740084349530922	0.3646941854782003	0.34061219755393424	0.08146902976678	0.08440630665879177	0.08689760278385235	0.09268588877254011	0.08728743402175985	0.10920961499458419	0.09899950587707053
S3Hp	0.14927679308608877	0.1455257970585257	0.14552479705802568	0.12263628027129521	0.14401580232037053	0.2975877193818299	0.34073667971874505	0.3293675722069455	0.24508944334011876	0.09394509832460195	0.1254277416206703	0.0	0.11814494587572384	0.13811024464998647	0.13811024464998647	0.14300492366145	0.1336517083362177	0.1336517083362177	0.13400573579404781	0.15397566884984615	0.15078679188884164	0.15078679188884164	0.15378157612446092	0.15378157612446092	0.198393339605884	0.14678601173637648	0.1454514028705557	0.16587218867356848	0.23118912134806502	0.3786036073039377	0.36090382852821773	0.39086646571672223	0.3660324538865215	0.1479742120912761	0.16520205374817035	0.1470103589463454	0.16755592333338595	0.12821799110183252	0.15009398238514188	0.14094487930600846	0.18349659866463106	0.13667983931139174	0.13817843081683337	0.1379656847932923	0.13576875597052535	0.13576875597052535	0.14682788834432653	0.15720993596173513	0.13663780277274612	0.14324053635844958	0.14324053635844958	0.145791349149044	0.13835165950625036	0.13483708101685388	0.2390707843326631	0.16065827465102772	0.14510123006755052	0.1317240945386866	0.39075138235608886	0.26372396299996	0.14339851554977034	0.23754472095825752	0.32620377000300826	0.21094885333208802	0.19264038979819342	0.15323686242179987	0.2518491573896049	0.1752040307267262	0.1752040307267262	0.16834779359892432	0.19429248059348228	0.3999548101425104	0.16057819374488816	0.1638095359320955	0.1977237962481815	0.3840674331193043	0.23609235522340805	0.24550301445508543	0.13685104279584243	0.13693562528139328	0.13693562528139328	0.12263728027179524	0.3743067804409705	0.33673161442925814	0.24586954659600646	0.32895844295936993	0.187257309602952	0.20117409189072713	0.16053607244372192	0.17465511836720943	0.23708957001926134	0.3767427183232419	0.4242857221621105	0.41497147268721857	0.3908894847629525	0.13174631697579828	0.13468359386781006	0.1371748899928706	0.14296317598155836	0.1375647212307781	0.15948690220360243	0.14927679308608877
f32pp	0.048765316126970104	0.045014320099407056	0.045013320098907024	0.02212480331217649	0.05813547208706476	0.2117073891485241	0.2548563494854393	0.24348724197363975	0.159209113106813	0.024303612568101818	0.06786765866670555	0.11814494587572384	0.0	0.024567795327342476	0.024567795327342476	0.04249344670233132	0.033140231377099	0.033140231377099	0.03349425883492912	0.053464191890727444	0.05027531492972295	0.05027531492972295	0.0532700991653422	0.0532700991653422	0.09788186264676532	0.046274534777257764	0.04493992591143699	0.06536071171444978	0.1306776443889463	0.278092130344819	0.260392351569099	0.2903549887576035	0.2655209769274028	0.047462735132157374	0.06469057678905163	0.04649888198722668	0.06704444637426724	0.027706514142713797	0.04958250542602316	0.040433402346889746	0.08298512170551235	0.03616836235227304	0.037666953857714666	0.03745420783417361	0.03525727901140663	0.03525727901140663	0.04631641138520781	0.056698459002616414	0.036126325813627416	0.04272905939933086	0.04272905939933086	0.04527987218992531	0.037840182547131646	0.03432560405773516	0.13855930737354438	0.060146797691909004	0.044589753108431815	0.031212617579567916	0.2902399053969702	0.16321248604084126	0.042887038590651655	0.13703324399913883	0.22569229304388955	0.11043737637296933	0.0921289128390747	0.052725385462681164	0.1513376804304862	0.0746925537676075	0.0746925537676075	0.06783631663980562	0.09378100363436356	0.29944333318339167	0.06006671678576945	0.06329805897297677	0.09721231928906279	0.2835559561601856	0.13558087826428933	0.14499153749596672	0.03633956583672371	0.03642414832227457	0.03642414832227457	0.02212580331267652	0.27379530348185177	0.2362201374701394	0.14535806963688774	0.22844696600025122	0.0867458326438333	0.10066261493160843	0.060024595484603205	0.07414364140809072	0.13657809306014265	0.2762312413641232	0.3237742452029918	0.31445999572809985	0.29037800780383377	0.03123484001667957	0.034172116908691354	0.03666341303375192	0.04245169902243968	0.03705324427165943	0.058975425244483765	0.048765316126970104
f2pp	0.06873061490123274	0.06497961887366968	0.06497861887316965	0.04209010208643913	0.0781007708613274	0.23167268792278675	0.2748216482597019	0.26345254074790236	0.17917441188107563	0.04426891134236445	0.0878329574409682	0.13811024464998647	0.024567795327342476	0.0	2.00000100005818e-06	0.062458745476593955	0.053105530151361637	0.053105530151361637	0.05345955760919176	0.07342949066499008	0.07024061370398559	0.07024061370398559	0.07323539793960483	0.07323539793960483	0.11784716142102795	0.06623983355152041	0.06490522468569962	0.08532601048871241	0.15064294316320892	0.2980574291190816	0.2803576503433617	0.31032028753186613	0.2854862757016654	0.06742803390642	0.08465587556331428	0.06646418076148931	0.08700974514852988	0.04767181291697643	0.0695478042002858	0.060398701121152386	0.10295042047977498	0.05613366112653567	0.057632252631977306	0.05741950660843624	0.05522257778566926	0.05522257778566926	0.06628171015947044	0.07666375777687906	0.056091624587890056	0.06269435817359349	0.06269435817359349	0.06524517096418794	0.057805481321394285	0.0542909028319978	0.158524606147807	0.08011209646617164	0.06455505188269445	0.05117791635383055	0.3102052041712328	0.1831777848151039	0.06285233736491429	0.15699854277340144	0.24565759181815217	0.13040267514723194	0.11209421161333732	0.0726906842369438	0.17130297920474882	0.09465785254187012	0.09465785254187012	0.08780161541406825	0.11374630240862621	0.3194086319576543	0.08003201556003209	0.0832633577472394	0.11717761806332544	0.3035212549344482	0.15554617703855197	0.16495683627022933	0.05630486461098634	0.056389447096537204	0.056389447096537204	0.04209110208693916	0.29376060225611444	0.25618543624440204	0.16532336841115036	0.24841226477451386	0.10671113141809593	0.12062791370587106	0.07998989425886585	0.09410894018235336	0.1565433918344053	0.2961965401383858	0.3437395439772545	0.33442529450236247	0.3103433065780964	0.05120013879094221	0.05413741568295399	0.056628711808014556	0.06241699779670231	0.05701854304592206	0.0789407240187464	0.06873061490123274
w2pp	0.06873061490123274	0.06497961887366968	0.06497861887316965	0.04209010208643913	0.0781007708613274	0.23167268792278675	0.2748216482597019	0.26345254074790236	0.17917441188107563	0.04426891134236445	0.0878329574409682	0.13811024464998647	0.024567795327342476	2.00000100005818e-06	0.0	0.062458745476593955	0.053105530151361637	0.053105530151361637	0.05345955760919176	0.07342949066499008	0.07024061370398559	0.07024061370398559	0.07323539793960483	0.07323539793960483	0.11784716142102795	0.06623983355152041	0.06490522468569962	0.08532601048871241	0.15064294316320892	0.2980574291190816	0.2803576503433617	0.31032028753186613	0.2854862757016654	0.06742803390642	0.08465587556331428	0.06646418076148931	0.08700974514852988	0.04767181291697643	0.0695478042002858	0.060398701121152386	0.10295042047977498	0.05613366112653567	0.057632252631977306	0.05741950660843624	0.05522257778566926	0.05522257778566926	0.06628171015947044	0.07666375777687906	0.056091624587890056	0.06269435817359349	0.06269435817359349	0.06524517096418794	0.057805481321394285	0.0542909028319978	0.158524606147807	0.08011209646617164	0.06455505188269445	0.05117791635383055	0.3102052041712328	0.1831777848151039	0.06285233736491429	0.15699854277340144	0.24565759181815217	0.13040267514723194	0.11209421161333732	0.0726906842369438	0.17130297920474882	0.09465785254187012	0.09465785254187012	0.08780161541406825	0.11374630240862621	0.3194086319576543	0.08003201556003209	0.0832633577472394	0.11717761806332544	0.3035212549344482	0.15554617703855197	0.16495683627022933	0.05630486461098634	0.056389447096537204	0.056389447096537204	0.04209110208693916	0.29376060225611444	0.25618543624440204	0.16532336841115036	0.24841226477451386	0.10671113141809593	0.12062791370587106	0.07998989425886585	0.09410894018235336	0.1565433918344053	0.2961965401383858	0.3437395439772545	0.33442529450236247	0.3103433065780964	0.05120013879094221	0.05413741568295399	0.056628711808014556	0.06241699779670231	0.05701854304592206	0.0789407240187464	0.06873061490123274
w4pp	0.06889899745023685	0.0651480014226738	0.06514700142217376	0.04225848463544323	0.08299544987279095	0.23656736693425032	0.27971632727116547	0.26834721975936593	0.1840690908925392	0.049163590353828	0.09272763645243173	0.14300492366145	0.04249344670233132	0.062458745476593955	0.062458745476593955	0.0	0.016023284174039493	0.016023284174039493	0.02843665966970397	0.048406592725502295	0.0452177157644978	0.0452177157644978	0.04821250000011705	0.04821250000011705	0.09282426348154016	0.04121693561203262	0.039882326746211845	0.07033831172047202	0.13565524439496854	0.28306973035084126	0.2653699515751213	0.2953325887636258	0.27049857693342505	0.05244033513817962	0.06966817679507388	0.051476481993248925	0.07202204638028949	0.032684114148736045	0.0697161867492899	0.06056708367015649	0.10311880302877909	0.05630204367553977	0.057800635180981406	0.05758788915744034	0.05539096033467336	0.05539096033467336	0.06645009270847455	0.07683214032588315	0.056260007136894156	0.0628627407225976	0.0628627407225976	0.06541355351319206	0.057973863870398386	0.0544592853810019	0.15869298869681112	0.08028047901517574	0.06472343443169856	0.05134629890283465	0.3103735867202369	0.18334616736410803	0.06302071991391839	0.15716692532240556	0.24582597436715628	0.13057105769623606	0.11226259416234144	0.07285906678594789	0.17147136175375294	0.09482623509087423	0.09482623509087423	0.08796999796307235	0.1139146849576303	0.3195770145066584	0.08020039810903618	0.0834317402962435	0.11734600061232953	0.3036896374834523	0.15571455958755606	0.16512521881923345	0.05647324715999044	0.056557829645541305	0.056557829645541305	0.04225948463594326	0.29392898480511853	0.25635381879340613	0.16549175096015448	0.24858064732351798	0.10687951396710003	0.12079629625487516	0.08015827680786994	0.09427732273135746	0.15671177438340939	0.29636492268738995	0.34390792652625857	0.3345936770513666	0.31051168912710053	0.05136852133994631	0.054305798231958094	0.05679709435701866	0.0625853803457064	0.05718692559492616	0.07910910656775051	0.06889899745023685
f1pp	0.059545782125004526	0.05579478609744148	0.055793786096941446	0.03290526931021091	0.07364223454755864	0.227214151609018	0.27036311194593315	0.2589940044341336	0.1747158755673069	0.03981037502859569	0.08337442112719942	0.1336517083362177	0.033140231377099	0.053105530151361637	0.053105530151361637	0.016023284174039493	0.0	2.00000100005818e-06	0.019083444344471644	0.03905337740026997	0.03586450043926547	0.03586450043926547	0.038859284674884725	0.038859284674884725	0.08347104815630785	0.0318637202868003	0.03052911142097952	0.0609850963952397	0.12630202906973623	0.27371651502560895	0.25601673624988897	0.28597937343839347	0.26114536160819274	0.0430871198129473	0.060314961469841555	0.04212326666801661	0.06266883105505716	0.02333089882350372	0.06036297142405758	0.05121386834492417	0.09376558770354676	0.046948828350307455	0.04844741985574909	0.04823467383220802	0.04603774500944104	0.04603774500944104	0.05709687738324223	0.06747892500065084	0.04690679181166184	0.053509525397365275	0.053509525397365275	0.05606033818795973	0.04862064854516607	0.04510607005576958	0.1493397733715788	0.07092726368994343	0.05537021910646624	0.041993083577602335	0.3010203713950046	0.1739929520388757	0.05366750458868607	0.14781370999717325	0.23647275904192394	0.12121784237100373	0.10290937883710911	0.06350585146071558	0.16211814642852063	0.08547301976564191	0.08547301976564191	0.07861678263784003	0.10456146963239799	0.31022379918142606	0.07084718278380386	0.0740785249710112	0.10799278528709721	0.29433642215822	0.14636134426232375	0.1557720034940011	0.04712003183475813	0.04720461432030899	0.04720461432030899	0.032906269310710945	0.2845757694798862	0.24700060346817382	0.15613853563492217	0.23922743199828567	0.09752629864186772	0.11144308092964285	0.07080506148263763	0.08492410740612515	0.14735855905817707	0.28701170736215764	0.33455471120102626	0.3252404617261343	0.3011584738018682	0.042015306014713996	0.04495258290672578	0.047443879031786346	0.0532321650204741	0.04783371026969385	0.06975589124251819	0.059545782125004526
w1pp	0.059545782125004526	0.05579478609744148	0.055793786096941446	0.03290526931021091	0.07364223454755864	0.227214151609018	0.27036311194593315	0.2589940044341336	0.1747158755673069	0.03981037502859569	0.08337442112719942	0.1336517083362177	0.033140231377099	0.053105530151361637	0.053105530151361637	0.016023284174039493	2.00000100005818e-06	0.0	0.019083444344471644	0.03905337740026997	0.03586450043926547	0.03586450043926547	0.038859284674884725	0.038859284674884725	0.08347104815630785	0.0318637202868003	0.03052911142097952	0.0609850963952397	0.12630202906973623	0.27371651502560895	0.25601673624988897	0.28597937343839347	0.26114536160819274	0.0430871198129473	0.060314961469841555	0.04212326666801661	0.06266883105505716	0.02333089882350372	0.06036297142405758	0.05121386834492417	0.09376558770354676	0.046948828350307455	0.04844741985574909	0.04823467383220802	0.04603774500944104	0.04603774500944104	0.05709687738324223	0.06747892500065084	0.04690679181166184	0.053509525397365275	0.053509525397365275	0.05606033818795973	0.04862064854516607	0.04510607005576958	0.1493397733715788	0.07092726368994343	0.05537021910646624	0.041993083577602335	0.3010203713950046	0.1739929520388757	0.05366750458868607	0.14781370999717325	0.23647275904192394	0.12121784237100373	0.10290937883710911	0.06350585146071558	0.16211814642852063	0.08547301976564191	0.08547301976564191	0.07861678263784003	0.10456146963239799	0.31022379918142606	0.07084718278380386	0.0740785249710112	0.10799278528709721	0.29433642215822	0.14636134426232375	0.1557720034940011	0.04712003183475813	0.04720461432030899	0.04720461432030899	0.032906269310710945	0.2845757694798862	0.24700060346817382	0.15613853563492217	0.23922743199828567	0.09752629864186772	0.11144308092964285	0.07080506148263763	0.08492410740612515	0.14735855905817707	0.28701170736215764	0.33455471120102626	0.3252404617261343	0.3011584738018682	0.042015306014713996	0.04495258290672578	0.047443879031786346	0.0532321650204741	0.04783371026969385	0.06975589124251819	0.059545782125004526
f4pp	0.05989980958283464	0.05614881355527159	0.05614781355477156	0.033259296768041034	0.07399626200538875	0.22756817906684812	0.2707171394037633	0.25934803189196376	0.175069903025137	0.040164402486425804	0.08372844858502954	0.13400573579404781	0.03349425883492912	0.05345955760919176	0.05345955760919176	0.02843665966970397	0.019083444344471644	0.019083444344471644	0.0	0.019971933056798386	0.016783056095793888	0.016783056095793888	0.019779840332413198	0.019779840332413198	0.06439160381383632	0.012784275944328773	0.011449667078507992	0.06133912385306982	0.12665605652756634	0.27407054248343904	0.25637076370771905	0.28633340089622356	0.2614993890660228	0.043441147270777414	0.06066898892767167	0.04247729412584672	0.06302285851288728	0.02368492628133384	0.060716998881887696	0.05156789580275428	0.09411961516137689	0.047302855808137576	0.0488014473135792	0.048588701290038144	0.046391772467271164	0.046391772467271164	0.05745090484107235	0.06783295245848095	0.04726081926949195	0.053863552855195396	0.053863552855195396	0.056414365645789846	0.04897467600299618	0.045460097513599695	0.14969380082940892	0.07128129114777354	0.05572424656429635	0.042347111035432455	0.30137439885283474	0.1743469794967058	0.05402153204651619	0.14816773745500336	0.23682678649975408	0.12157186982883386	0.10326340629493924	0.06385987891854569	0.16247217388635074	0.08582704722347204	0.08582704722347204	0.07897081009567015	0.1049154970902281	0.3105778266392562	0.07120121024163398	0.07443255242884131	0.10834681274492733	0.2946904496160501	0.14671537172015386	0.15612603095183125	0.047474059292588244	0.04755864177813911	0.04755864177813911	0.033260296768541066	0.2849297969377163	0.24735463092600396	0.15649256309275228	0.23958145945611575	0.09788032609969784	0.11179710838747296	0.07115908894046774	0.08527813486395526	0.1477125865160072	0.28736573481998773	0.33490873865885634	0.3255944891839644	0.3015125012596983	0.04236933347254411	0.045306610364555897	0.04779790648961646	0.05358619247830421	0.048187737727523966	0.0701099187003483	0.05989980958283464
