	530055	31750	530050	F22HpB	S2Hp	31300	530295	S6Hp	31236	31749	S30H1	w25pp	f14ppB	w24pp	w22pp	f26pp	w31pp	w1pp	w21pp	w9pp	f19pp	f16ppA	w19pp	w20pp	f7pp	w8pp	f24pp	w28pp	w26pp	F3H1	S3Hp	S22Hp	S26Hp	S11Hp	31071	31452	31328	530075	530258	S23Hp	31519	530167	31333	S29H1	F23HpA	S17H1	530394	31021	31219	31009	S8Hp	31700	S4Hp	S1Hp	31129	S13Hp	S15Hp	S9H1	530119	F32H1	S12Hp	S7Hp	F14H1B	530451	31512	530163	31360	S25Hp	S28Hp	31267	31600	F29H1	31723	S27H1	S31Hp	531414	530331	F14H1A	31714	S19H1	530444	530364	F6H1	S18H1
530055	0.0	0.17815583159324708	0.18876065115671936	0.19547651995641024	0.17150384600387109	0.20439064245164762	0.1694880158938204	0.1584001980808485	0.15855755989155004	0.24840167068957664	0.24103565324757992	0.20439380440031651	0.1879517237672909	0.19717064425237307	0.23114385571068807	0.21108940290919004	0.22535157615593354	0.20231966756751907	0.21639515160992262	0.18322805712953982	0.20443618840936684	0.20810687399532546	0.1960784675106359	0.18325603801286844	0.18030503239617202	0.18778010535818862	0.17664794194759303	0.19336392930889562	0.1962436564408231	0.22855547046236263	0.18642550093107033	0.20613182040640898	0.17590246229001016	0.21953879691993733	0.23384468102383027	0.24567861678567443	0.23883781722351505	0.18175257428024702	0.18410244893306987	0.19473639314837904	0.26152267291000286	0.2564079375227592	0.24616565710444183	0.26222214520850906	0.23897304984172307	0.2315294563079161	0.23681648594181853	0.2479791662388957	0.2358895529273498	0.2120968974737756	0.2033322436797571	0.24590283255211032	0.19357094523662555	0.19689004526949289	0.25384066260935917	0.27827518730316847	0.23430295470397106	0.21866993161140708	0.19138126299974345	0.23549259776020692	0.190412703357124	0.23923008876608148	0.23980372291011715	0.26602947613572875	0.26345319738790896	0.24951322452749247	0.23747916454275148	0.16779465843745142	0.15770371211206258	0.16069630547447208	0.21601752819855716	0.23019897110415502	0.2478462347846453	0.24455631067360967	0.24411390507853514	0.24934757082449077	0.2176005229176019	0.17263345250645254	0.23485478940367338	0.20452218904191358	0.2287775652274257	0.2242058403314461	0.20326891038073147	0.16536526573298616
31750	0.17815583159324708	0.0	0.09742671413492714	0.18731847575826371	0.16334580180572453	0.19623259825350106	0.16132997169567384	0.1502421538827019	0.15039951569340348	0.2402436264914301	0.2328776090494334	0.19623576020216996	0.17979367956914438	0.1890126000542265	0.2229858115125415	0.20293135871104345	0.21719353195778696	0.19416162336937248	0.20823710741177606	0.17507001293139324	0.1962781442112203	0.1999488297971789	0.18792042331248937	0.1750979938147219	0.17214698819802549	0.17962206116004206	0.16848989774944648	0.18520588511074904	0.18808561224267656	0.2203974262642161	0.17826745673292377	0.19797377620826245	0.1677444180918636	0.2113807527217908	0.22568663682568374	0.2375205725875279	0.23067977302536852	0.17359453008210046	0.17594440473492332	0.18657834895023248	0.25336462871185633	0.2482498933246126	0.23800761290629524	0.25406410101036253	0.2308150056435765	0.22337141210976952	0.22865844174367195	0.23982112204074918	0.22773150872920328	0.20393885327562905	0.19517419948161052	0.2377447883539638	0.18541290103847902	0.1887320010713463	0.24568261841121258	0.2701171431050219	0.22614491050582447	0.21051188741326055	0.1832232188015969	0.22733455356206034	0.18225465915897748	0.2310720445679349	0.23164567871197056	0.25787143193758216	0.25529515318976237	0.24135518032934594	0.22932112034460495	0.15963661423930486	0.14954566791391605	0.15253826127632553	0.2078594840004106	0.22204092690600846	0.2396881905864987	0.23639826647546314	0.2359558608803886	0.2411895266263442	0.20944247871945534	0.16447540830830598	0.2266967452055268	0.19636414484376702	0.22061952102927912	0.21604779613329955	0.19511086618258494	0.1572072215348396
530050	0.18876065115671936	0.09742671413492714	0.0	0.19792329532173597	0.1739506213691968	0.20683741781697335	0.17193479125914612	0.1608469734461742	0.16100433525687577	0.25084844605490236	0.24348242861290564	0.20684057976564224	0.19039849913261664	0.1996174196176988	0.2335906310760138	0.21353617827451576	0.22779835152125927	0.2047664429328448	0.21884192697524835	0.18567483249486555	0.20688296377469256	0.21055364936065118	0.19852524287596163	0.18570281337819416	0.18275180776149774	0.19022688072351435	0.17909471731291876	0.19581070467422135	0.19869043180614882	0.23100224582768836	0.18887227629639605	0.2085785957717347	0.1783492376553359	0.22198557228526306	0.236291456389156	0.24812539215100016	0.24128459258884077	0.18419934964557275	0.1865492242983956	0.19718316851370477	0.2639694482753286	0.2588547128880849	0.24861243246976755	0.2646689205738348	0.2414198252070488	0.23397623167324183	0.23926326130714426	0.25042594160422144	0.23833632829267554	0.21454367283910133	0.20577901904508283	0.24834960791743604	0.19601772060195127	0.1993368206348186	0.2562874379746849	0.2807219626684942	0.23674973006929678	0.2211167069767328	0.19382803836506918	0.23793937312553265	0.19285947872244974	0.2416768641314072	0.24225049827544287	0.2684762515010545	0.2658999727532347	0.2519599998928182	0.2399259399080772	0.17024143380277715	0.1601504874773883	0.1631430808397978	0.21846430356388288	0.23264574646948075	0.250293010149971	0.2470030860389354	0.24656068044386087	0.2517943461898165	0.22004729828292763	0.17508022787177827	0.2373015647689991	0.2069689644072393	0.23122434059275143	0.22665261569677184	0.2057156857460572	0.16781204109831188
F22HpB	0.19547651995641024	0.18731847575826371	0.19792329532173597	0.0	0.12045248858273976	0.16014875313368132	0.1252461265758541	0.12700222104592607	0.12715958285662762	0.21700369365465422	0.2096376762126575	0.1729958273653941	0.15655374673236852	0.16577266721745065	0.19974587867576565	0.17969142587426762	0.19395359912101112	0.17092169053259665	0.1849971745750002	0.1518300800946174	0.17303821137444445	0.17670889696040304	0.1646804904757135	0.15185806097794605	0.14890705536124962	0.1563821283232662	0.14524996491267061	0.1619659522739732	0.1648456794059007	0.19715749342744024	0.15502752389614793	0.1747338433714866	0.14450448525508774	0.18814081988501494	0.20244670398890785	0.214280639750752	0.20743984018859263	0.15035459724532463	0.15270447189814745	0.16333841611345662	0.23012469587508044	0.22500996048783678	0.2147676800695194	0.23082416817358664	0.20757507280680065	0.20013147927299368	0.2054185089068961	0.2165811892039733	0.20449157589242742	0.18069892043885322	0.1719342666448347	0.2145048555171879	0.16217296820170315	0.16549206823457047	0.22244268557443675	0.24687721026824605	0.20290497766904864	0.18727195457648468	0.15998328596482103	0.2040946207252845	0.15901472632220162	0.20783211173115906	0.20840574587519473	0.23463149910080633	0.23205522035298654	0.21811524749257005	0.20608118750782906	0.136396681402529	0.12630573507714019	0.1292983284395497	0.18461955116363477	0.19880099406923263	0.21644825774972287	0.21315833363868725	0.21271592804361272	0.21794959378956835	0.18620254588267948	0.14123547547153015	0.20345681236875096	0.17312421200699118	0.19737958819250329	0.19280786329652372	0.17187093334580908	0.146764484956966
S2Hp	0.17150384600387109	0.16334580180572453	0.1739506213691968	0.12045248858273976	0.0	0.13617607918114216	0.10127345262331494	0.10302954709338688	0.10318690890408845	0.19303101970211506	0.18566500226011834	0.14902315341285494	0.13258107277982933	0.14179999326491147	0.17577320472322647	0.15571875192172843	0.16998092516847194	0.14694901658005746	0.16102450062246104	0.12785740614207822	0.14906553742190526	0.15273622300786388	0.14070781652317432	0.12788538702540686	0.12493438140871044	0.13240945437072704	0.12127729096013146	0.13799327832143402	0.1408730054533615	0.17318481947490105	0.13105484994360875	0.1507611694189474	0.12053181130254857	0.16416814593247575	0.1784740300363687	0.19030796579821285	0.18346716623605347	0.12638192329278544	0.1287317979456083	0.13936574216091746	0.20615202192254128	0.2010372865352976	0.19079500611698022	0.20685149422104748	0.18360239885426147	0.1761588053204545	0.18144583495435693	0.19260851525143413	0.18051890193988823	0.15672624648631403	0.1479615926922955	0.19053218156464874	0.13820029424916397	0.14151939428203128	0.19847001162189756	0.22290453631570686	0.17893230371650945	0.1632992806239455	0.13601061201228187	0.18012194677274532	0.13504205236966244	0.18385943777861988	0.18443307192265554	0.21065882514826714	0.20808254640044735	0.1941425735400309	0.1821085135552899	0.11242400744998983	0.102333061124601	0.1053256544870105	0.16064687721109558	0.17482832011669344	0.19247558379718369	0.1891856596861481	0.18874325409107356	0.19397691983702917	0.16222987193014032	0.11726280151899096	0.17948413841621177	0.149151538054452	0.1734069142399641	0.16883518934398453	0.1478982593932699	0.12279181100442685
31300	0.20439064245164762	0.19623259825350106	0.20683741781697335	0.16014875313368132	0.13617607918114216	0.0	0.12263079177079436	0.13591634354116344	0.136073705351865	0.2259178161498916	0.21855179870789487	0.18190994986063147	0.16546786922760587	0.17468678971268803	0.20866000117100303	0.188605548369505	0.2028677216162485	0.17983581302783402	0.19391129707023758	0.16074420258985478	0.1819523338696818	0.18562301945564041	0.17359461297095086	0.1607721834731834	0.15782117785648697	0.16529625081850358	0.154164087407908	0.17088007476921058	0.17375980190113804	0.2060716159226776	0.16394164639138528	0.18364796586672394	0.15341860775032512	0.19705494238025228	0.21136082648414523	0.2231947622459894	0.21635396268383	0.15926871974056198	0.16161859439338483	0.172252538608694	0.23903881837031782	0.23392408298307413	0.22368180256475675	0.23973829066882402	0.216489195302038	0.20904560176823106	0.21433263140213346	0.22549531169921067	0.21340569838766477	0.18961304293409056	0.18084838914007206	0.22341897801242527	0.1710870906969405	0.17440619072980784	0.2313568080696741	0.2557913327634834	0.21181910016428598	0.19618607707172203	0.1688974084600584	0.21300874322052188	0.16792884881743897	0.2167462342263964	0.21731986837043207	0.24354562159604368	0.24096934284822388	0.22702936998780743	0.21499531000306643	0.14531080389776638	0.13521985757237753	0.13821245093478704	0.1935336736588721	0.20771511656446998	0.22536238024496022	0.22207245613392462	0.2216300505388501	0.2268637162848057	0.19511666837791686	0.1501495979667675	0.2123709348639883	0.18203833450222853	0.20629371068774066	0.20172198579176107	0.18078505584104643	0.15567860745220338
530295	0.1694880158938204	0.16132997169567384	0.17193479125914612	0.1252461265758541	0.10127345262331494	0.12263079177079436	0.0	0.1010137169833362	0.10117107879403776	0.19101518959206437	0.18364917215006765	0.14700732330280425	0.13056524266977865	0.13978416315486078	0.17375737461317578	0.15370292181167775	0.16796509505842125	0.14493318647000678	0.15900867051241035	0.12584157603202753	0.14704970731185457	0.1507203928978132	0.13869198641312364	0.12586955691535617	0.12291855129865975	0.13039362426067636	0.11926146085008077	0.13597744821138333	0.13885717534331082	0.17116898936485037	0.12903901983355806	0.14874533930889672	0.11851598119249789	0.16215231582242506	0.176458199926318	0.18829213568816217	0.18145133612600278	0.12436609318273475	0.1267159678355576	0.13734991205086677	0.2041361918124906	0.1990214564252469	0.18877917600692953	0.2048356641109968	0.18158656874421078	0.1741429752104038	0.17943000484430624	0.19059268514138344	0.17850307182983755	0.15471041637626334	0.14594576258224481	0.18851635145459805	0.13618446413911328	0.1395035641719806	0.19645418151184688	0.22088870620565618	0.17691647360645876	0.1612834505138948	0.13399478190223119	0.17810611666269463	0.13302622225961175	0.1818436076685692	0.18241724181260485	0.20864299503821646	0.20606671629039666	0.1921267434299802	0.1800926834452392	0.11040817733993914	0.10031723101455031	0.10330982437695982	0.1586310471010449	0.17281249000664275	0.190459753687133	0.1871698295760974	0.18672742398102288	0.19196108972697848	0.16021404182008964	0.11524697140894027	0.1774683083061611	0.1471357079444013	0.1713910841299134	0.16681935923393384	0.1458824292832192	0.12077598089437615
S6Hp	0.1584001980808485	0.1502421538827019	0.1608469734461742	0.12700222104592607	0.10302954709338688	0.13591634354116344	0.1010137169833362	0.0	0.051216612063103954	0.14106072286113058	0.13369470541913384	0.109644232306145	0.0932021516731194	0.10242107215820155	0.13639428361651657	0.11633983081501852	0.13060200406176203	0.10757009547334755	0.12164557951575111	0.08847848503536829	0.10968661631519534	0.11335730190115395	0.1013288954164644	0.08850646591869693	0.08555546030200052	0.09303053326401711	0.08189836985342151	0.0986143572147241	0.1014940843466516	0.13380589836819112	0.09167592883689882	0.11138224831223749	0.08660382526490687	0.13450326397247028	0.1488091480763632	0.1606430838382074	0.15380228427604797	0.09671704133277997	0.09906691598560283	0.10970086020091198	0.17648713996253582	0.17137240457529213	0.16113012415697475	0.17718661226104201	0.15393751689425597	0.14649392336044903	0.15178095299435146	0.16294363329142866	0.15085401997988276	0.12706136452630856	0.11829671073229003	0.16086729960464327	0.1085354122891585	0.11185451232202581	0.1688051296618921	0.1932396543557014	0.14926742175650398	0.13363439866394003	0.10634573005227639	0.15045706481273985	0.10537717040965697	0.1541945558186144	0.15476818996265007	0.18099394318826167	0.17841766444044188	0.16447769158002543	0.1524436315952844	0.08275912548998435	0.07266817916459553	0.07566077252700504	0.1309819952510901	0.14516343815668797	0.16281070183717822	0.15952077772614265	0.15907837213106807	0.1643120378770237	0.13256498997013483	0.08759791955898548	0.1542752378296998	0.12394263746794001	0.14819801365345214	0.14969707823175799	0.12876014828104337	0.10968816308140422
31236	0.15855755989155004	0.15039951569340348	0.16100433525687577	0.12715958285662762	0.10318690890408845	0.136073705351865	0.10117107879403776	0.051216612063103954	0.0	0.12988058911772818	0.12251457167573143	0.10980159411684656	0.09335951348382097	0.10257843396890312	0.13655164542721812	0.11649719262572009	0.1307593658724636	0.10772745728404912	0.12180294132645267	0.08863584684606986	0.10984397812589691	0.1135146637118555	0.10148625722716598	0.0886638277293985	0.08571282211270209	0.09318789507471867	0.08205573166412308	0.09877171902542567	0.10165144615735316	0.1339632601788927	0.09183329064760037	0.11153961012293906	0.08676118707560843	0.13466062578317184	0.14896650988706478	0.16080044564890897	0.15395964608674956	0.09687440314348153	0.09922427779630438	0.10985822201161355	0.17664450177323737	0.17152976638599368	0.1612874859676763	0.17734397407174357	0.15409487870495753	0.14665128517115059	0.15193831480505302	0.16310099510213022	0.15101138179058432	0.12721872633701012	0.11845407254299159	0.16102466141534483	0.10869277409986006	0.11201187413272737	0.16896249147259365	0.19339701616640295	0.14942478356720554	0.13379176047464159	0.10650309186297796	0.1506144266234414	0.10553453222035852	0.15435191762931597	0.15492555177335163	0.18115130499896323	0.17857502625114344	0.16463505339072698	0.15260099340598599	0.08291648730068592	0.07282554097529709	0.0758181343377066	0.13113935706179167	0.14532079996738953	0.16296806364787977	0.1596781395368442	0.15923573394176965	0.16446939968772525	0.1327223517808364	0.08775528136968705	0.15443259964040135	0.12409999927864158	0.1483553754641537	0.14985444004245957	0.12891751009174493	0.10984552489210579
31749	0.24840167068957664	0.2402436264914301	0.25084844605490236	0.21700369365465422	0.19303101970211506	0.2259178161498916	0.19101518959206437	0.14106072286113058	0.12988058911772818	0.0	0.16396758328599514	0.1996457049148732	0.1832036242818476	0.19242254476692974	0.22639575622524474	0.2063413034237467	0.2206034766704902	0.19757156808207574	0.21164705212447932	0.1784799576440965	0.19968808892392353	0.20335877450988216	0.1913303680251926	0.17850793852742514	0.1755569329107287	0.1830320058727453	0.1718998424621497	0.1886158298234523	0.1914955569553798	0.22380737097691933	0.181677401445627	0.20138372092096568	0.17660529787363505	0.22450473658119846	0.2388106206850914	0.25064455644693556	0.24380375688477618	0.18671851394150815	0.189068388594331	0.19970233280964017	0.266488612571264	0.2613738771840203	0.25113159676570296	0.2671880848697702	0.24393898950298415	0.2364953959691772	0.2417824256030796	0.25294510590015684	0.24085549258861094	0.2170628371350367	0.2082981833410182	0.25086877221337145	0.19853688489788668	0.201855984930754	0.25880660227062025	0.2832411269644296	0.23926889436523213	0.2236358712726682	0.19634720266100458	0.24045853742146803	0.19537864301838515	0.24419602842734256	0.24476966257137822	0.2709954157969898	0.2684191370491701	0.2544791641887536	0.2424451042040126	0.17276059809871253	0.1626696517733237	0.16566224513573322	0.22098346785981826	0.23516491076541612	0.2528121744459064	0.2495222503348708	0.24907984473979627	0.2543135104857519	0.22256646257886303	0.17759939216771364	0.24427671043842797	0.2139441100766682	0.23819948626218032	0.23969855084048616	0.21876162088977152	0.1996896356901324
S30H1	0.24103565324757992	0.2328776090494334	0.24348242861290564	0.2096376762126575	0.18566500226011834	0.21855179870789487	0.18364917215006765	0.13369470541913384	0.12251457167573143	0.16396758328599514	0.0	0.19227968747287644	0.17583760683985086	0.185056527324933	0.219029738783248	0.19897528598174996	0.21323745922849346	0.190205550640079	0.20428103468248254	0.17111394020209975	0.1923220714819268	0.19599275706788538	0.18396435058319585	0.1711419210854284	0.16819091546873197	0.17566598843074854	0.16453382502015296	0.18124981238145554	0.18412953951338304	0.21644135353492258	0.17431138400363025	0.19401770347896893	0.1692392804316383	0.2171387191392017	0.23144460324309463	0.24327853900493884	0.2364377394427794	0.1793524964995114	0.18170237115233426	0.1923363153676434	0.2591225951292673	0.25400785974202356	0.24376557932370618	0.2598220674277735	0.2365729720609874	0.22912937852718046	0.2344164081610829	0.2455790884581601	0.2334894751466142	0.20969681969304	0.20093216589902146	0.2435027547713747	0.19117086745588993	0.19448996748875724	0.2514405848286235	0.2758751095224328	0.2319028769232354	0.21626985383067146	0.1889811852190078	0.23309251997947128	0.1880126255763884	0.23683001098534584	0.2374036451293815	0.2636293983549931	0.2610531196071733	0.24711314674675686	0.23507908676201583	0.16539458065671578	0.15530363433132696	0.15829622769373647	0.21361745041782154	0.2277988933234194	0.24544615700390965	0.24215623289287408	0.2417138272977995	0.24694749304375513	0.21520044513686626	0.17023337472571692	0.23691069299643125	0.20657809263467147	0.23083346882018357	0.23233253339848942	0.2113956034477748	0.19232361824813568
w25pp	0.20439380440031651	0.19623576020216996	0.20684057976564224	0.1729958273653941	0.14902315341285494	0.18190994986063147	0.14700732330280425	0.109644232306145	0.10980159411684656	0.1996457049148732	0.19227968747287644	0.0	0.05187433525595821	0.06109325574104034	0.09506646719935534	0.0750120143978573	0.0892741876446008	0.06624227905618633	0.0803177630985899	0.056728919279188675	0.0779370505590157	0.08160773614497432	0.06957932966028477	0.05675690016251732	0.0538058945458209	0.061280967507837486	0.05014880409724189	0.06686479145854449	0.06974451859047195	0.17618799100277865	0.13405802147148632	0.153764340946825	0.13259743158437493	0.18049687029193834	0.19480275439583125	0.20663669015767544	0.19979589059551603	0.142710647652248	0.14506052230507085	0.15569446652038002	0.22248074628200387	0.21736601089476015	0.20712373047644278	0.22318021858051007	0.19993112321372403	0.19248752967991706	0.1977745593138195	0.20893723961089672	0.19684762629935082	0.1730549708457766	0.16429031705175806	0.20686090592411133	0.15452901860862656	0.15784811864149384	0.21479873598136012	0.23923326067516942	0.195261028075972	0.17962800498340808	0.15233933637174443	0.19645067113220788	0.15137077672912502	0.20018816213808244	0.2007617962821181	0.2269875495077297	0.2244112707599099	0.21047129789949348	0.19843723791475246	0.1287527318094524	0.11866178548406357	0.12165437884647307	0.17697560157055814	0.191157044476156	0.20880430815664625	0.20551438404561068	0.20507197845053612	0.21030564419649173	0.17855859628960288	0.13359152587845352	0.20026884414916785	0.16993624378740807	0.19419161997292017	0.19569068455122604	0.1747537546005114	0.15568176940087228
f14ppB	0.1879517237672909	0.17979367956914438	0.19039849913261664	0.15655374673236852	0.13258107277982933	0.16546786922760587	0.13056524266977865	0.0932021516731194	0.09335951348382097	0.1832036242818476	0.17583760683985086	0.05187433525595821	0.0	0.03778079718442843	0.07175400864274342	0.05169955584124539	0.06596172908798889	0.04793824314041656	0.062013727182820125	0.04028683864616309	0.06149496992599012	0.06516565551194874	0.053137249027259185	0.04031481952949173	0.037363813912795314	0.0448388868748119	0.033706723464216305	0.05042271082551889	0.05330243795744637	0.15974591036975305	0.11761594083846073	0.1373222603137994	0.11615535095134932	0.16405478965891274	0.17836067376280568	0.19019460952464984	0.18335380996249045	0.12626856701922243	0.12861844167204528	0.13925238588735445	0.20603866564897827	0.20092393026173458	0.1906816498434172	0.20673813794748447	0.18348904258069842	0.17604544904689148	0.18133247868079388	0.19249515897787112	0.18040554566632522	0.156612890212751	0.1478482364187325	0.19041882529108572	0.13808693797560095	0.14140603800846827	0.19835665534833455	0.22279118004214385	0.1788189474429464	0.16318592435038248	0.13589725573871886	0.1800085904991823	0.13492869609609942	0.18374608150505684	0.1843197156490925	0.21054546887470413	0.20796919012688433	0.19402921726646788	0.18199515728172688	0.1123106511764268	0.10221970485103798	0.10521229821344749	0.16053352093753254	0.1747149638431304	0.19236222752362067	0.18907230341258507	0.18862989781751055	0.19386356356346615	0.1621165156565773	0.11714944524542793	0.18382676351614224	0.15349416315438247	0.1777495393398946	0.17924860391820047	0.15831167396748583	0.13923968876784668
w24pp	0.19717064425237307	0.1890126000542265	0.1996174196176988	0.16577266721745065	0.14179999326491147	0.17468678971268803	0.13978416315486078	0.10242107215820155	0.10257843396890312	0.19242254476692974	0.185056527324933	0.06109325574104034	0.03778079718442843	0.0	0.07338764714867141	0.05333319434717338	0.06759536759391688	0.0571571636254987	0.07123264766790226	0.04950575913124522	0.07071389041107226	0.07438457599703087	0.06235616951234132	0.04953374001457386	0.04658273439787745	0.05405780735989403	0.04292564394929844	0.059641631310601025	0.06252135844252851	0.16896483085483519	0.12683486132354288	0.14654118079888154	0.12537427143643146	0.17327371014399487	0.18757959424788778	0.199413530009732	0.19257273044757256	0.13548748750430456	0.1378373621571274	0.14847130637243655	0.2152575861340604	0.2101428507468167	0.19990057032849934	0.2159570584325666	0.19270796306578056	0.18526436953197362	0.19055139916587605	0.20171407946295325	0.18962446615140735	0.16583181069783315	0.15706715690381462	0.19963774577616786	0.1473058584606831	0.1506249584935504	0.20757557583341668	0.23201010052722598	0.18803786792802857	0.17240484483546462	0.14511617622380096	0.18922751098426444	0.14414761658118155	0.192965001990139	0.19353863613417466	0.21976438935978626	0.21718811061196647	0.20324813775155	0.191214077766809	0.12152957166150893	0.11143862533612012	0.11443121869852962	0.1697524414226147	0.18393388432821256	0.2015811480087028	0.19829122389766723	0.19784881830259266	0.20308248404854828	0.17133543614165941	0.12636836573051008	0.1930456840012244	0.16271308363946463	0.18696845982497673	0.18846752440328257	0.16753059445256796	0.1484586092529288
w22pp	0.23114385571068807	0.2229858115125415	0.2335906310760138	0.19974587867576565	0.17577320472322647	0.20866000117100303	0.17375737461317578	0.13639428361651657	0.13655164542721812	0.22639575622524474	0.219029738783248	0.09506646719935534	0.07175400864274342	0.07338764714867141	0.0	0.07917404953029021	0.0934362227770337	0.09113037508381369	0.10520585912621726	0.08347897058956022	0.10468710186938726	0.10835778745534587	0.09632938097065633	0.08350695147288886	0.08055594585619245	0.08803101881820903	0.07689885540761345	0.09361484276891602	0.09649456990084351	0.20293804231315019	0.16080807278185788	0.18051439225719654	0.15934748289474646	0.20724692160230987	0.22155280570620278	0.233386741468047	0.22654594190588756	0.16946069896261956	0.1718105736154424	0.18244451783075155	0.2492307975923754	0.2441160622051317	0.23387378178681434	0.2499302698908816	0.22668117452409556	0.21923758099028862	0.22452461062419105	0.23568729092126825	0.22359767760972235	0.19980502215614815	0.19104036836212962	0.23361095723448286	0.1812790699189981	0.1845981699518654	0.24154878729173168	0.265983311985541	0.22201107938634357	0.20637805629377962	0.17908938768211596	0.22320072244257944	0.17812082803949655	0.226938213448454	0.22751184759248966	0.25373760081810126	0.25116132207028147	0.237221349209865	0.225187289225124	0.15550278311982393	0.14541183679443512	0.14840443015684462	0.2037256528809297	0.21790709578652756	0.2355543594670178	0.23226443535598223	0.23182202976090766	0.23705569550686328	0.20530864759997441	0.16034157718882508	0.2270188954595394	0.19668629509777963	0.22094167128329173	0.22244073586159757	0.20150380591088296	0.1824318207112438
f26pp	0.21108940290919004	0.20293135871104345	0.21353617827451576	0.17969142587426762	0.15571875192172843	0.188605548369505	0.15370292181167775	0.11633983081501852	0.11649719262572009	0.2063413034237467	0.19897528598174996	0.0750120143978573	0.05169955584124539	0.05333319434717338	0.07917404953029021	0.0	0.06660390768322813	0.07107592228231566	0.08515140632471922	0.06342451778806218	0.08463264906788923	0.08830333465384783	0.07627492816915829	0.06345249867139083	0.06050149305469441	0.067976566016711	0.0568444026061154	0.07356038996741798	0.07644011709934548	0.18288358951165215	0.14075361998035985	0.1604599394556985	0.13929303009324842	0.18719246880081183	0.20149835290470475	0.21333228866654896	0.20649148910438953	0.14940624616112153	0.15175612081394438	0.16239006502925352	0.22917634479087737	0.22406160940363368	0.2138193289853163	0.22987581708938357	0.20662672172259752	0.19918312818879058	0.204470157822693	0.21563283811977021	0.20354322480822432	0.1797505693546501	0.17098591556063159	0.21355650443298482	0.16122461711750005	0.16454371715036736	0.22149433449023365	0.24592885918404295	0.20195662658484553	0.18632360349228158	0.15903493488061793	0.2031462696410814	0.15806637523799852	0.20688376064695596	0.20745739479099162	0.23368314801660323	0.23110686926878343	0.21716689640836698	0.20513283642362595	0.1354483303183259	0.12535738399293708	0.1283499773553466	0.18367120007943166	0.19785264298502953	0.21549990666551977	0.2122099825544842	0.21176757695940962	0.21700124270536525	0.18525419479847638	0.14028712438732704	0.20696444265804137	0.1766318422962816	0.2008872184817937	0.20238628306009954	0.18144935310938493	0.16237736790974577
w31pp	0.22535157615593354	0.21719353195778696	0.22779835152125927	0.19395359912101112	0.16998092516847194	0.2028677216162485	0.16796509505842125	0.13060200406176203	0.1307593658724636	0.2206034766704902	0.21323745922849346	0.0892741876446008	0.06596172908798889	0.06759536759391688	0.0934362227770337	0.06660390768322813	0.0	0.08533809552905916	0.09941357957146271	0.07768669103480569	0.09889482231463272	0.10256550790059132	0.09053710141590178	0.07771467191813433	0.07476366630143791	0.08223873926345449	0.0711065758528589	0.08782256321416149	0.09070229034608897	0.19714576275839565	0.15501579322710335	0.174722112702442	0.15355520333999192	0.20145464204755534	0.21576052615144825	0.22759446191329247	0.22075366235113303	0.16366841940786503	0.16601829406068788	0.17665223827599702	0.24343851803762087	0.23832378265037718	0.2280815022320598	0.24413799033612707	0.22088889496934103	0.21344530143553408	0.21873233106943651	0.22989501136651372	0.21780539805496782	0.19401274260139362	0.1852480888073751	0.22781867767972833	0.17548679036424356	0.17880589039711087	0.23575650773697715	0.26019103243078645	0.21621879983158904	0.20058577673902508	0.17329710812736143	0.2174084428878249	0.17232854848474202	0.22114593389369946	0.22171956803773513	0.24794532126334673	0.24536904251552694	0.23142906965511048	0.21939500967036946	0.1497105035650694	0.1396195572396806	0.1426121506020901	0.19793337332617517	0.21211481623177303	0.22976207991226327	0.2264721558012277	0.22602975020615312	0.23126341595210875	0.19951636804521988	0.15454929763407055	0.22122661590478487	0.1908940155430251	0.2151493917285372	0.21664845630684304	0.19571152635612843	0.17663954115648928
w1pp	0.20231966756751907	0.19416162336937248	0.2047664429328448	0.17092169053259665	0.14694901658005746	0.17983581302783402	0.14493318647000678	0.10757009547334755	0.10772745728404912	0.19757156808207574	0.190205550640079	0.06624227905618633	0.04793824314041656	0.0571571636254987	0.09113037508381369	0.07107592228231566	0.08533809552905916	0.0	0.06891953837243515	0.054654782446391215	0.07586291372621826	0.07953359931217686	0.06750519282748732	0.05468276332971986	0.05173175771302344	0.059206830675040026	0.04807466726444443	0.06479065462574701	0.06767038175767451	0.17411385416998118	0.13198388463868888	0.15169020411402753	0.13052329475157745	0.17842273345914086	0.19272861756303378	0.204562553324878	0.19772175376271856	0.14063651081945056	0.1429863854722734	0.15362032968758255	0.2204066094492064	0.2152918740619627	0.20504959364364533	0.2211060817477126	0.19785698638092655	0.1904133928471196	0.19570042248102204	0.20686310277809924	0.19477348946655335	0.17098083401297914	0.16221618021896062	0.20478676909131385	0.15245488177582908	0.1557739818086964	0.21272459914856268	0.23715912384237198	0.19318689124317456	0.1775538681506106	0.15026519953894696	0.19437653429941043	0.14929663989632755	0.198114025305285	0.19868765944932065	0.22491341267493226	0.22233713392711246	0.208397161066696	0.19636310108195498	0.12667859497665493	0.11658764865126611	0.11958024201367562	0.1749014647377607	0.18908290764335856	0.2067301713238488	0.20344024721281323	0.20299784161773865	0.20823150736369428	0.1764844594568054	0.13151738904565607	0.1981947073163704	0.16786210695461062	0.19211748314012272	0.19361654771842857	0.17267961776771396	0.1536076325680748
w21pp	0.21639515160992262	0.20823710741177606	0.21884192697524835	0.1849971745750002	0.16102450062246104	0.19391129707023758	0.15900867051241035	0.12164557951575111	0.12180294132645267	0.21164705212447932	0.20428103468248254	0.0803177630985899	0.062013727182820125	0.07123264766790226	0.10520585912621726	0.08515140632471922	0.09941357957146271	0.06891953837243515	0.0	0.06873026648879478	0.08993839776862181	0.09360908335458043	0.08158067686989087	0.06875824737212342	0.06580724175542702	0.07328231471744359	0.062150151306848	0.07886613866815059	0.08174586580007806	0.18818933821238476	0.14605936868109243	0.1657656881564311	0.14459877879398103	0.19249821750154444	0.20680410160543736	0.21863803736728155	0.21179723780512213	0.1547119948618541	0.15706186951467696	0.16769581372998613	0.23448209349160998	0.22936735810436626	0.21912507768604889	0.23518156579011618	0.21193247042333013	0.20448887688952316	0.2097759065234256	0.22093858682050282	0.20884897350895693	0.1850563180553827	0.17629166426136417	0.21886225313371743	0.16653036581823266	0.16984946585109995	0.22680008319096623	0.25123460788477553	0.20726237528557812	0.1916293521930142	0.16434068358135054	0.20845201834181398	0.16337212393873113	0.21218950934768854	0.2127631434917242	0.2389888967173358	0.23641261796951601	0.2224726451090996	0.21043858512435856	0.1407540790190585	0.1306631326936697	0.13365572605607917	0.18897694878016424	0.2031583916857621	0.22080565536625235	0.21751573125521678	0.21707332566014223	0.22230699140609783	0.190559943499209	0.14559287308805963	0.21227019135877395	0.18193759099701418	0.20619296718252628	0.20769203176083215	0.1867551018101175	0.16768311661047838
w9pp	0.18322805712953982	0.17507001293139324	0.18567483249486555	0.1518300800946174	0.12785740614207822	0.16074420258985478	0.12584157603202753	0.08847848503536829	0.08863584684606986	0.1784799576440965	0.17111394020209975	0.056728919279188675	0.04028683864616309	0.04950575913124522	0.08347897058956022	0.06342451778806218	0.07768669103480569	0.054654782446391215	0.06873026648879478	0.0	0.042033195171622594	0.04570388075758121	0.03367547427289166	0.029366571457460897	0.02641556584076448	0.033890638802781065	0.022758475392185472	0.03947446275348806	0.04235418988541554	0.15502224373200194	0.11289227420070962	0.1325985936760483	0.1114316843135982	0.15933112302116162	0.17363700712505456	0.18547094288689875	0.17863014332473934	0.12154490038147131	0.12389477503429416	0.13452871924960333	0.20131499901122715	0.19620026362398346	0.1859579832056661	0.20201447130973335	0.1787653759429473	0.17132178240914037	0.1766088120430428	0.18777149234012	0.1756818790285741	0.1518892235749999	0.14312456978098137	0.1856951586533346	0.13336327133784984	0.13668237137071715	0.19363298871058343	0.21806751340439273	0.17409528080519532	0.15846225771263137	0.13117358910096774	0.17528492386143119	0.1302050294583483	0.17902241486730575	0.1795960490113414	0.205821802236953	0.20324552348913322	0.18930555062871676	0.17727149064397577	0.1075869845386757	0.09749603821328687	0.10048863157569637	0.15580985429978145	0.1699912972053793	0.18763856088586955	0.18434863677483398	0.18390623117975943	0.18913989692571503	0.1573928490188262	0.11242577860767683	0.17910309687839115	0.14877049651663138	0.17302587270214348	0.17452493728044932	0.1535880073297347	0.13451602213009556
f19pp	0.20443618840936684	0.1962781442112203	0.20688296377469256	0.17303821137444445	0.14906553742190526	0.1819523338696818	0.14704970731185457	0.10968661631519534	0.10984397812589691	0.19968808892392353	0.1923220714819268	0.0779370505590157	0.06149496992599012	0.07071389041107226	0.10468710186938726	0.08463264906788923	0.09889482231463272	0.07586291372621826	0.08993839776862181	0.042033195171622594	0.0	0.051383879588043774	0.04847180117836509	0.05057470273728793	0.047623697120591515	0.0550987700826081	0.043966606672012506	0.06068259403331509	0.06356232116524257	0.17623037501182898	0.13410040548053664	0.15380672495587533	0.13263981559342525	0.18053925430098866	0.1948451384048816	0.20667907416672576	0.19983827460456638	0.14275303166129835	0.1451029063141212	0.15573685052943037	0.2225231302910542	0.2174083949038105	0.20716611448549313	0.2232226025895604	0.19997350722277435	0.1925299136889674	0.1978169433228698	0.20897962361994704	0.19689001030840114	0.1730973548548269	0.1643327010608084	0.20690328993316165	0.15457140261767688	0.1578905026505442	0.21484111999041047	0.23927564468421977	0.19530341208502233	0.1796703889924584	0.15238172038079478	0.19649305514125823	0.15141316073817535	0.20023054614713276	0.20080418029116842	0.22702993351678005	0.22445365476896026	0.2105136819085438	0.1984796219238028	0.12879511581850273	0.11870416949311391	0.12169676285552342	0.17701798557960846	0.19119942848520632	0.2088466921656966	0.205556768054661	0.20511436245958647	0.21034802820554208	0.17860098029865323	0.13363390988750384	0.20031122815821817	0.1699786277964584	0.19423400398197052	0.1957330685602764	0.17479613860956175	0.1557241534099226
f16ppA	0.20810687399532546	0.1999488297971789	0.21055364936065118	0.17670889696040304	0.15273622300786388	0.18562301945564041	0.1507203928978132	0.11335730190115395	0.1135146637118555	0.20335877450988216	0.19599275706788538	0.08160773614497432	0.06516565551194874	0.07438457599703087	0.10835778745534587	0.08830333465384783	0.10256550790059132	0.07953359931217686	0.09360908335458043	0.04570388075758121	0.051383879588043774	0.0	0.0521424867643237	0.054245388323246546	0.05129438270655013	0.058769455668566714	0.04763729225797112	0.0643532796192737	0.0672330067512012	0.1799010605977876	0.13777109106649527	0.15747741054183395	0.13631050117938387	0.18420993988694728	0.1985158239908402	0.21034975975268438	0.20350896019052497	0.14642371724725695	0.1487735919000798	0.15940753611538896	0.22619381587701282	0.2210790804897691	0.21083680007145172	0.22689328817551901	0.20364419280873297	0.196200599274926	0.20148762890882843	0.21265030920590566	0.20056069589435976	0.17676804044078553	0.168003386646767	0.21057397551912027	0.1582420882036355	0.16156118823650278	0.21851180557636907	0.24294633027017837	0.19897409767098095	0.18334107457841703	0.15605240596675338	0.20016374072721682	0.15508384632413397	0.20390123173309138	0.20447486587712704	0.23070061910273865	0.22812434035491885	0.21418436749450243	0.2021503075097614	0.13246580140446135	0.12237485507907252	0.125367448441482	0.18068867116556708	0.19487011407116495	0.2125173777516552	0.20922745364061962	0.20878504804554507	0.21401871379150067	0.18227166588461183	0.13730459547346247	0.2039819137441768	0.17364931338241701	0.19790468956792912	0.19940375414623498	0.17846682419552035	0.15939483899588122
w19pp	0.1960784675106359	0.18792042331248937	0.19852524287596163	0.1646804904757135	0.14070781652317432	0.17359461297095086	0.13869198641312364	0.1013288954164644	0.10148625722716598	0.1913303680251926	0.18396435058319585	0.06957932966028477	0.053137249027259185	0.06235616951234132	0.09632938097065633	0.07627492816915829	0.09053710141590178	0.06750519282748732	0.08158067686989087	0.03367547427289166	0.04847180117836509	0.0521424867643237	0.0	0.042216981838556995	0.03926597622186058	0.04674104918387716	0.03560888577328157	0.05232487313458416	0.05520460026651164	0.16787265411309804	0.1257426845818057	0.1454490040571444	0.12428209469469431	0.17218153340225772	0.18648741750615067	0.19832135326799483	0.19148055370583544	0.13439531076256742	0.13674518541539027	0.14737912963069943	0.21416540939232326	0.20905067400507957	0.1988083935867622	0.21486488169082946	0.1916157863240434	0.18417219279023647	0.18945922242413887	0.2006219027212161	0.1885322894096702	0.16473963395609598	0.15597498016207748	0.1985455690344307	0.14621368171894594	0.14953278175181325	0.20648339909167954	0.23091792378548884	0.1869456911862914	0.17131266809372747	0.14402399948206385	0.1881353342425273	0.1430554398394444	0.19187282524840182	0.19244645939243749	0.21867221261804912	0.21609593387022932	0.20215596100981287	0.19012190102507187	0.12043739491977179	0.11034644859438297	0.11333904195679248	0.16866026468087753	0.1828417075864754	0.20048897126696566	0.19719904715593006	0.19675664156085554	0.20199030730681114	0.1702432593999223	0.1252761889887729	0.19195350725948723	0.16162090689772746	0.18587628308323959	0.18737534766154545	0.16643841771083082	0.14736643251119166
