	S8Hp	S22Hp	F7H1	S18H1	F6H1	31750	530258	F22HpB	S3Hp	S16H2	F32H1	S31Hp	S27H1	S26Hp	F23HpA	S25Hp	S17H1	S12Hp	31219	F8H1	31160	31300	530055	f2pp	w20pp	w24pp	w31pp	f14ppB	f24pp	f26pp	f22ppA	w26pp	w16pp	w6pp	w32pp	w21pp	w10pp	f15pp	w18pp	f16ppB	f7pp	w1pp	f19pp	f25pp	f10pp	f17ppB	f8pp	w19pp	w3pp	f32pp	w12pp	w23pp	w29pp	w8pp	f20ppA	f16ppA	w17pp	w11pp	f4pp	f1pp	w9pp	w7pp	w2pp	w15pp	w14pp	w28pp	S28Hp	S29H1	S13Hp	S7Hp	S21H1	F29H1	31071	S4Hp
S8Hp	0.0	0.004569876292505122	0.21925534851528417	0.254740968729481	0.26434626446424087	0.30597740199643964	0.2987584106881923	0.21537693563082755	0.2447437373219567	0.2977148918934577	0.296906911437462	0.21910468496405588	0.32383524106517847	0.27296853341931804	0.28951251061019156	0.2825236399145944	0.3764658398958638	0.28738048794873816	0.3402051643851406	0.34813783360980544	0.2683716788645385	0.28200900378636834	0.3735423800274151	0.3716620765388061	0.3471477193616316	0.376129086294672	0.410850104156222	0.3839368866533277	0.371207124864827	0.42640144395923985	0.39819861487230956	0.3909468583919208	0.40317838562853103	0.41072086051778606	0.39230217598146044	0.4159524065195534	0.41005521852525245	0.40777848539605144	0.3913608408170454	0.41578660245978577	0.38109028689575636	0.39737854991952803	0.3827978870006513	0.40419569314055664	0.4035509677871446	0.42511500716566325	0.43114129328355505	0.38231165697000247	0.40686703378002426	0.4391567325012416	0.41767960110127533	0.40520678392853127	0.3994074940830442	0.38771111834749034	0.3667937147012077	0.383532794306093	0.3767842882020552	0.36689597919462336	0.3983627974069231	0.3746325428950332	0.37831262485545225	0.3629057268901265	0.3881765609644998	0.3561138572438261	0.3519074794057308	0.3520405173524716	0.3498059055602122	0.36063027472709125	0.3223414338580337	0.3034622022497802	0.3131017330383219	0.3274937369372928	0.2532994428328557	0.08118292461330578
S22Hp	0.004569876292505122	0.0	0.2200414434033369	0.2555270636175337	0.26513235935229357	0.30676349688449234	0.299544505576245	0.21616303051888025	0.24552983221000943	0.2985009867815104	0.2976930063255147	0.2198907798521086	0.32462133595323117	0.27375462830737074	0.29029860549824427	0.2833097348026471	0.3772519347839165	0.28816658283679086	0.3409912592731933	0.34892392849785814	0.2691577737525912	0.28279509867442104	0.3743284749154678	0.3724481714268588	0.3479338142496843	0.3769151811827247	0.4116361990442747	0.3847229815413804	0.3719932197528797	0.42718753884729255	0.39898470976036227	0.3917329532799735	0.40396448051658373	0.41150695540583876	0.39308827086951315	0.4167385014076061	0.41084131341330515	0.40856458028410414	0.3921469357050981	0.41657269734783847	0.38187638178380906	0.39816464480758074	0.383583981888704	0.40498178802860935	0.4043370626751973	0.42590110205371595	0.43192738817160775	0.38309775185805517	0.40765312866807696	0.4399428273892943	0.41846569598932803	0.40599287881658397	0.4001935889710969	0.38849721323554304	0.3675798095892604	0.3843188891941457	0.3775703830901079	0.36768207408267606	0.3991488922949758	0.37541863778308593	0.37909871974350495	0.3636918217781792	0.3889626558525525	0.3568999521318788	0.3526935742937835	0.3528266122405243	0.3505920004482649	0.36141636961514395	0.3231275287460864	0.3042482971378329	0.3138878279263746	0.3282798318253455	0.2540855377209084	0.08196901950135849
F7H1	0.21925534851528417	0.2200414434033369	0.0	0.2754919130538153	0.28509720878857514	0.32672834632077397	0.31950935501252664	0.23612787995516182	0.26549468164629103	0.31846583621779195	0.31765785576179634	0.23985562928839016	0.34458618538951274	0.29371947774365237	0.31026345493452584	0.3032745842389287	0.3972167842201981	0.3081314322730725	0.36095610870947487	0.36888877793413977	0.2891226231888728	0.3027599481107026	0.3942933243517494	0.39241302086314045	0.3678986636859659	0.39688003061900634	0.4316010484805563	0.40468783097766203	0.3919580691891613	0.4471523882835742	0.4189495591966439	0.4116978027162551	0.42392932995286536	0.4314718048421204	0.4130531203057948	0.4367033508438877	0.4308061628495868	0.42852942972038577	0.41211178514137975	0.4365375467841201	0.4018412312200907	0.41812949424386237	0.40354883132498565	0.424946637464891	0.42430191211147894	0.4458659514899976	0.4518922376078894	0.4030626012943368	0.4276179781043586	0.45990767682557593	0.43843054542560966	0.4259577282528656	0.42015843840737854	0.40846206267182467	0.387544659025542	0.4042837386304273	0.3975352325263895	0.3876469235189577	0.4191137417312574	0.39538348721936756	0.3990635691797866	0.38365667121446084	0.40892750528883415	0.37686480156816043	0.37265842373006514	0.37279146167680594	0.3705568498845465	0.3813812190514256	0.34309237818236804	0.32421314657411454	0.3338526773626562	0.3482446812616271	0.27405038715719005	0.19339345988645237
S18H1	0.254740968729481	0.2555270636175337	0.2754919130538153	0.0	0.20386715459199323	0.2870732034165617	0.2798542121083143	0.19647273705094953	0.2258395387420787	0.27881069331357966	0.278002712857584	0.20020048638417787	0.30493104248530045	0.25406433483944	0.27060831203031355	0.2636194413347164	0.3575616413159858	0.26847628936886014	0.3213009658052626	0.3292336350299275	0.24946748028466048	0.2631048052064903	0.35463818144753706	0.3527578779589281	0.3282435207817536	0.357224887714794	0.39194590557634396	0.3650326880734497	0.35230292628494897	0.4074972453793618	0.37929441629243155	0.37204265981204276	0.384274187048653	0.39181666193790804	0.3733979774015824	0.3970482079396754	0.39115101994537443	0.3888742868161734	0.3724566422371674	0.39688240387990775	0.36218608831587834	0.37847435133965	0.3638936884207733	0.3852914945606786	0.3846467692072666	0.40621080858578523	0.41223709470367703	0.36340745839012445	0.38796283520014624	0.4202525339213636	0.3987754025213973	0.38630258534865325	0.3805032955031662	0.3688069197676123	0.3478895161213297	0.364628595726215	0.35788008962217716	0.34799178061474534	0.3794585988270451	0.3557283443151552	0.35940842627557423	0.3440015283102485	0.3692723623846218	0.3372096586639481	0.3330032808258528	0.3331363187725936	0.33090170698033416	0.34172607614721323	0.3034372352781557	0.2845580036699022	0.2941975344584439	0.30858953835741476	0.25053058388281596	0.2288790801006492
F6H1	0.26434626446424087	0.26513235935229357	0.28509720878857514	0.20386715459199323	0.0	0.2966784991513215	0.28945950784307417	0.20607803278570935	0.23544483447683856	0.2884159890483395	0.2876080085923438	0.2098057821189377	0.3145363382200603	0.2636696305741999	0.28021360776507337	0.27322473706947625	0.36716693705074566	0.27808158510362	0.3309062615400224	0.3388389307646873	0.2590727760194203	0.27271010094125014	0.3642434771822969	0.3623631736936879	0.33784881651651344	0.3668301834495538	0.4015512013111038	0.3746379838082095	0.3619082220197088	0.41710254111412165	0.38889971202719137	0.3816479555468026	0.39387948278341284	0.40142195767266786	0.38300327313634225	0.4066535036744352	0.40075631568013426	0.39847958255093324	0.3820619379719272	0.4064876996146676	0.37179138405063816	0.38807964707440984	0.3734989841555331	0.39489679029543845	0.3942520649420264	0.41581610432054505	0.42184239043843685	0.37301275412488427	0.39756813093490606	0.4298578296561234	0.40838069825615714	0.39590788108341307	0.390108591237926	0.37841221550237214	0.3574948118560895	0.3742338914609748	0.367485385356937	0.35759707634950516	0.3890638945618049	0.36533364004991503	0.36901372201033406	0.3536068240450083	0.3788776581193816	0.3468149543987079	0.3426085765606126	0.3427416145073534	0.340507002715094	0.35133137188197305	0.31304253101291557	0.294163299404662	0.30380283019320375	0.31819483409217464	0.2601358796175758	0.23848437583540905
31750	0.30597740199643964	0.30676349688449234	0.32672834632077397	0.2870732034165617	0.2966784991513215	0.0	0.11458018359573513	0.132704265603815	0.24144723617825153	0.31219630898228096	0.3113883285262853	0.23358610205287916	0.33831665815400175	0.28744995050814137	0.30399392769901484	0.2970050570034177	0.39094725698468713	0.3018619050375615	0.35468658147396387	0.36261925069862877	0.2828530959533618	0.2964904208751916	0.38802379711623836	0.3861434936276294	0.3616291364504549	0.3906105033834953	0.42533152124504525	0.398418303742151	0.38568854195365027	0.4408828610480631	0.41268003196113284	0.40542827548074406	0.4176598027173543	0.42520227760660934	0.4067835930702837	0.4304338236083767	0.42453663561407573	0.4222599024848747	0.4058422579058687	0.43026801954860905	0.39557170398457964	0.4118599670083513	0.3972793040894746	0.4186771102293799	0.4180323848759679	0.43959642425448653	0.44562271037237833	0.39679307405882575	0.42134845086884753	0.4536381495900649	0.4321610181900986	0.41968820101735455	0.4138889111718675	0.4021925354363136	0.381275131790031	0.3980142113949163	0.39126570529087845	0.38137739628344663	0.4128442144957464	0.3891139599838565	0.39279404194427553	0.3773871439789498	0.4026579780533231	0.3705952743326494	0.3663888964945541	0.3665219344412949	0.36428732264903546	0.3751116918159145	0.33682285094685704	0.3179436193386035	0.32758315012714523	0.3419751540261161	0.3017670171497746	0.28011551336760787
530258	0.2987584106881923	0.299544505576245	0.31950935501252664	0.2798542121083143	0.28945950784307417	0.11458018359573513	0.0	0.12548527429556766	0.23422824487000415	0.3049773176740336	0.30416933721803796	0.22636711074463184	0.33109766684575437	0.280230959199894	0.29677493639076746	0.28978606569517035	0.38372826567643975	0.2946429137293141	0.3474675901657165	0.35540025939038145	0.2756341046451144	0.2892714295669443	0.38080480580799103	0.378924502319382	0.3544101451422076	0.3833915120752479	0.4181125299367979	0.3911993124339036	0.3784695506454029	0.43366386973981574	0.40546104065288546	0.3982092841724967	0.41044081140910693	0.417983286298362	0.39956460176203634	0.42321483230012935	0.4173176443058284	0.41504091117662734	0.3986232665976214	0.4230490282403617	0.3883527126763323	0.40464097570010393	0.3900603127812272	0.4114581189211326	0.4108133935677205	0.4323774329462392	0.438403719064131	0.38957408275057837	0.4141294595606002	0.44641915828181755	0.42494202688185123	0.41246920970910717	0.4066699198636201	0.3949735441280663	0.3740561404817836	0.3907952200866689	0.3840467139826311	0.37415840497519925	0.40562522318749905	0.3818949686756091	0.38557505063602815	0.37016815267070247	0.3954389867450757	0.36337628302440206	0.35916990518630676	0.35930294313304756	0.3570683313407881	0.3678927005076672	0.32960385963860966	0.31072462803035616	0.32036415881889785	0.33475616271786873	0.2945480258415273	0.27289652205936055
F22HpB	0.21537693563082755	0.21616303051888025	0.23612787995516182	0.19647273705094953	0.20607803278570935	0.132704265603815	0.12548527429556766	0.0	0.1508467698126394	0.22159584261666884	0.2207878621606732	0.14298563568726708	0.24771619178838963	0.19684948414252923	0.21339346133340273	0.20640459063780559	0.300346790619075	0.21126143867194935	0.2640861151083518	0.2720187843330166	0.19225262958774966	0.2058899545095795	0.2974233307506262	0.2955430272620173	0.27102867008484277	0.3000100370178832	0.3347310548794331	0.3078178373765389	0.2950880755880382	0.35028239468245104	0.32207956559552076	0.314827809115132	0.3270593363517422	0.3346018112409972	0.31618312670467164	0.33983335724276453	0.3339361692484636	0.33165943611926263	0.31524179154025656	0.3396675531829969	0.3049712376189675	0.3212595006427392	0.3066788377238625	0.3280766438637678	0.3274319185103558	0.3489959578888744	0.3550222440067662	0.30619260769321366	0.3307479845032354	0.36303768322445273	0.3415605518244865	0.32908773465174246	0.3232884448062554	0.31159206907070147	0.2906746654244189	0.3074137450293042	0.3006652389252663	0.29077692991783455	0.32224374813013423	0.2985134936182444	0.30219357557866344	0.28678667761333765	0.312057511687711	0.27999480796703724	0.27578843012894194	0.27592146807568274	0.2736868562834234	0.2845112254503024	0.2462223845812449	0.2273431529729914	0.23698268376153309	0.25137468766050397	0.2111665507841625	0.18951504700199573
S3Hp	0.2447437373219567	0.24552983221000943	0.26549468164629103	0.2258395387420787	0.23544483447683856	0.24144723617825153	0.23422824487000415	0.1508467698126394	0.0	0.250962644307798	0.2501546638518024	0.17235243737839623	0.2770829934795188	0.2262162858336584	0.2427602630245319	0.23577139232893476	0.32971359231020414	0.24062824036307853	0.29345291679948093	0.30138558602414584	0.22161943127887884	0.23525675620070868	0.3267901324417554	0.32490982895314646	0.300395471775972	0.32937683870901235	0.3640978565705623	0.33718463906766805	0.32445487727916733	0.3796491963735802	0.3514463672866499	0.3441946108062611	0.3564261380428714	0.3639686129321264	0.3455499283958008	0.36920015893389374	0.3633029709395928	0.3610262378103918	0.34460859323138576	0.3690343548741261	0.3343380393100967	0.3506263023338684	0.33604563941499166	0.357443445554897	0.35679872020148495	0.3783627595800036	0.3843890456978954	0.3355594093843428	0.3601147861943646	0.39240448491558194	0.3709273535156157	0.3584545363428716	0.35265524649738456	0.3409588707618307	0.32004146711554804	0.33678054672043334	0.3300320406163955	0.3201437316089637	0.35161054982126344	0.32788029530937357	0.3315603772697926	0.31615347930446686	0.34142431337884016	0.30936160965816645	0.30515523182007115	0.30528826976681195	0.3030536579745525	0.3138780271414316	0.27558918627237405	0.2567099546641206	0.26634948545266224	0.2807414893516331	0.24053335247529167	0.2188818486931249
S16H2	0.2977148918934577	0.2985009867815104	0.31846583621779195	0.27881069331357966	0.2884159890483395	0.31219630898228096	0.3049773176740336	0.22159584261666884	0.250962644307798	0.0	0.2518236727346409	0.2136849311203332	0.3184154872214558	0.2675487795755954	0.2840927567664689	0.2771038860708718	0.3710460860521412	0.28196073410501554	0.3347854105414179	0.3427180797660828	0.2629519250208158	0.27658924994264567	0.3681226261836924	0.36624232269508344	0.34172796551790896	0.37070933245094934	0.4054303503124993	0.37851713280960503	0.3657873710211043	0.4209816901155172	0.3927788610285869	0.3855271045481981	0.3977586317848084	0.4053011066740634	0.38688242213773777	0.4105326526758307	0.4046354646815298	0.4023587315523288	0.38594108697332274	0.4103668486160631	0.3756705330520337	0.39195879607580536	0.37737813315692864	0.39877593929683397	0.398131213943422	0.4196952533219406	0.4257215394398324	0.3768919031262798	0.4014472799363016	0.4337369786575189	0.4122598472575527	0.39978703008480865	0.39398774023932154	0.38229136450376766	0.361373960857485	0.3781130404623703	0.3713645343583325	0.3614762253509007	0.3929430435632004	0.36921278905131055	0.3728928710117296	0.35748597304640384	0.38275680712077714	0.35069410340010343	0.34648772556200813	0.34662076350874893	0.3443861517164895	0.3552105208833686	0.3169216800143111	0.29804244840605754	0.3076819791945993	0.32207398309357016	0.29350450704679265	0.27185300326462586
F32H1	0.296906911437462	0.2976930063255147	0.31765785576179634	0.278002712857584	0.2876080085923438	0.3113883285262853	0.30416933721803796	0.2207878621606732	0.2501546638518024	0.2518236727346409	0.0	0.2128769506643376	0.3176075067654601	0.26674079911959975	0.2832847763104732	0.2762959056148761	0.3702381055961455	0.28115275364901987	0.33397743008542224	0.3419100993100872	0.26214394456482015	0.27578126948665005	0.3673146457276968	0.3654343422390878	0.34091998506191334	0.36990135199495366	0.4046223698565037	0.37770915235360936	0.36497939056510864	0.42017370965952155	0.3919708805725912	0.38471912409220244	0.39695065132881274	0.40449312621806777	0.3860744416817421	0.4097246722198351	0.40382748422553416	0.40155075109633315	0.38513310651732713	0.4095588681600675	0.37486255259603807	0.3911508156198097	0.37657015270093297	0.39796795884083835	0.3973232334874263	0.41888727286594496	0.42491355898383676	0.3760839226702841	0.40063929948030597	0.4329289982015233	0.41145186680155704	0.398979049628813	0.39317975978332587	0.38148338404777205	0.36056598040148935	0.37730506000637465	0.3705565539023369	0.360668244894905	0.3921350631072048	0.3684048085953149	0.3720848905557339	0.3566779925904082	0.38194882666478147	0.3498861229441078	0.3456797451060125	0.3458127830527533	0.34357817126049384	0.35440254042737296	0.3161136995583154	0.2972344679500619	0.3068739987386036	0.3212660026375745	0.292696526590797	0.27104502280863024
S31Hp	0.21910468496405588	0.2198907798521086	0.23985562928839016	0.20020048638417787	0.2098057821189377	0.23358610205287916	0.22636711074463184	0.14298563568726708	0.17235243737839623	0.2136849311203332	0.2128769506643376	0.0	0.1960036332882179	0.14513692564235753	0.18416774482894052	0.17717887413334338	0.2711210741146128	0.18203572216748715	0.23486039860388955	0.24279306782855445	0.16302691308328746	0.1766642380051173	0.268197614246164	0.26631731075755505	0.2418029535803806	0.27078432051342094	0.30550533837497096	0.27859212087207663	0.2658623590835759	0.32105667817798883	0.2928538490910585	0.2856020926106697	0.29783361984728	0.30537609473653504	0.2869574102002094	0.3106076407383024	0.30471045274400144	0.3024337196148004	0.28601607503579435	0.31044183667853475	0.2757455211145053	0.29203378413827696	0.27745312121940024	0.29885092735930563	0.2982062020058936	0.31977024138441223	0.32579652750230403	0.2769668911887514	0.30152226799877324	0.3338119667199906	0.3123348353200243	0.29986201814728025	0.29406272830179314	0.28236635256623926	0.2614489489199566	0.2781880285248419	0.2714395224208041	0.2615512134133723	0.293018031625672	0.26928777711378216	0.2729678590742012	0.25756096110887544	0.28283179518324875	0.25076909146257503	0.24656271362447976	0.24669575157122056	0.24446113977896114	0.2552855089458402	0.2169966680767827	0.1981174364685292	0.20775696725707088	0.22214897115604176	0.21489430011739083	0.19324279633522407
S27H1	0.32383524106517847	0.32462133595323117	0.34458618538951274	0.30493104248530045	0.3145363382200603	0.33831665815400175	0.33109766684575437	0.24771619178838963	0.2770829934795188	0.3184154872214558	0.3176075067654601	0.1960036332882179	0.0	0.21714407096892768	0.2888983009300631	0.2819094302344659	0.3758516302157353	0.2867662782686097	0.3395909547050121	0.347523623929677	0.26775746918441	0.28139479410623985	0.3729281703472866	0.37104786685867763	0.34653350968150315	0.3755148766145435	0.41023589447609354	0.3833226769731992	0.3705929151846985	0.4257872342791114	0.3975844051921811	0.3903326487117923	0.4025641759484026	0.4101066508376576	0.39168796630133196	0.41533819683942497	0.409441008845124	0.407164275715923	0.39074663113691693	0.41517239277965734	0.3804760772156279	0.39676434023939955	0.38218367732052283	0.4035814834604282	0.4029367581070162	0.4245007974855348	0.4305270836034266	0.381697447289874	0.4062528240998958	0.43854252282111317	0.4170653914211469	0.40459257424840284	0.3987932844029157	0.38709690866736185	0.3661795050210792	0.3829185846259645	0.3761700785219267	0.36628176951449487	0.3977485877267946	0.37401833321490474	0.37769841517532377	0.362291517209998	0.38756235128437133	0.3554996475636976	0.3512932697256023	0.3514263076723431	0.3491916958800837	0.36001606504696276	0.3217272241779052	0.3028479925696518	0.3124875233581934	0.3268795272571643	0.31962485621851344	0.2979733524363467
S26Hp	0.27296853341931804	0.27375462830737074	0.29371947774365237	0.25406433483944	0.2636696305741999	0.28744995050814137	0.280230959199894	0.19684948414252923	0.2262162858336584	0.2675487795755954	0.26674079911959975	0.14513692564235753	0.21714407096892768	0.0	0.2380315932842027	0.23104272258860553	0.32498492256987493	0.2358995706227493	0.28872424705915173	0.29665691628381663	0.21689076153854964	0.23052808646037948	0.3220614627014262	0.32018115921281726	0.2956668020356428	0.32464816896868315	0.35936918683023317	0.33245596932733884	0.3197262075388381	0.37492052663325104	0.3467176975463207	0.3394659410659319	0.3516974683025422	0.35923994319179725	0.3408212586554716	0.3644714891935646	0.35857430119926365	0.35629756807006263	0.33987992349105656	0.36430568513379696	0.3296093695697675	0.3458976325935392	0.33131696967466245	0.35271477581456784	0.3520700504611558	0.37363408983967444	0.37966037595756624	0.3308307396440136	0.35538611645403545	0.3876758151752528	0.3661986837752865	0.35372586660254246	0.34792657675705535	0.3362302010215015	0.31531279737521883	0.33205187698010413	0.3253033708760663	0.3154150618686345	0.34688188008093424	0.32315162556904437	0.3268317075294634	0.31142480956413765	0.33669564363851096	0.30463293991783724	0.30042656207974194	0.30055960002648274	0.2983249882342233	0.3091493574011024	0.27086051653204485	0.25198128492379135	0.26162081571233303	0.2760128196113039	0.268758148572653	0.24710664479048625
F23HpA	0.28951251061019156	0.29029860549824427	0.31026345493452584	0.27060831203031355	0.28021360776507337	0.30399392769901484	0.29677493639076746	0.21339346133340273	0.2427602630245319	0.2840927567664689	0.2832847763104732	0.18416774482894052	0.2888983009300631	0.2380315932842027	0.0	0.21407172740040217	0.30801392738167155	0.21892857543454594	0.27175325187094834	0.27968592109561324	0.19991976635034625	0.2135570912721761	0.30509046751322283	0.30321016402461387	0.2786958068474394	0.30767717378047976	0.3423981916420298	0.31548497413913545	0.30275521235063474	0.3579495314450476	0.3297467023581173	0.32249494587772853	0.33472647311433884	0.34226894800359386	0.3238502634672682	0.3475004940053612	0.34160330601106026	0.33932657288185925	0.32290892830285317	0.3473346899455936	0.3126383743815641	0.3289266374053358	0.31434597448645907	0.33574378062636445	0.3350990552729524	0.356663094651471	0.3626893807693628	0.3138597444558102	0.33841512126583206	0.37070481998704935	0.34922768858708314	0.3367548714143391	0.33095558156885196	0.3192592058332981	0.29834180218701545	0.31508088179190075	0.3083323756878629	0.2984440666804311	0.32991088489273085	0.306180630380841	0.30986071234126	0.29445381437593426	0.31972464845030757	0.28766194472963386	0.28345556689153856	0.28358860483827936	0.28135399304601993	0.292178362212899	0.25388952134384146	0.25609533236764703	0.26573486315618877	0.28012686705515966	0.28530212576352654	0.26365062198135975
S25Hp	0.2825236399145944	0.2833097348026471	0.3032745842389287	0.2636194413347164	0.27322473706947625	0.2970050570034177	0.28978606569517035	0.20640459063780559	0.23577139232893476	0.2771038860708718	0.2762959056148761	0.17717887413334338	0.2819094302344659	0.23104272258860553	0.21407172740040217	0.0	0.2185441381653082	0.1537958551205848	0.20662053155698717	0.24387807811929402	0.16411192337402702	0.17774924829585687	0.2692826245369036	0.26740232104829464	0.24288796387112016	0.27186933080416054	0.30659034866571055	0.27967713116281623	0.2669473693743155	0.32214168846872837	0.2939388593817981	0.2866871029014093	0.2989186301380196	0.30646110502727464	0.28804242049094897	0.311692651029042	0.30579546303474103	0.30351872990554	0.28710108532653394	0.31152684696927435	0.2768305314052449	0.29311879442901656	0.27853813151013984	0.2999359376500452	0.2992912122966332	0.3208552516751518	0.3268815377930436	0.278051901479491	0.30260727828951284	0.3348969770107301	0.3134198456107639	0.30094702843801985	0.29514773859253274	0.28345136285697886	0.2625339592106962	0.2792730388155815	0.2725245327115437	0.2626362237041119	0.2941030419164116	0.27037278740452175	0.2740528693649408	0.25864597139961504	0.28391680547398834	0.25185410175331463	0.24764772391521933	0.24778076186196013	0.2455461500697007	0.2563705192365798	0.21808167836752224	0.24910646167204992	0.2587459924605916	0.2731379963595625	0.27831325506792937	0.25666175128576263
S17H1	0.3764658398958638	0.3772519347839165	0.3972167842201981	0.3575616413159858	0.36716693705074566	0.39094725698468713	0.38372826567643975	0.300346790619075	0.32971359231020414	0.3710460860521412	0.3702381055961455	0.2711210741146128	0.3758516302157353	0.32498492256987493	0.30801392738167155	0.2185441381653082	0.0	0.24773805510185418	0.3005627315382565	0.33782027810056336	0.2580541233552964	0.27169144827712627	0.36322482451817295	0.36134452102956405	0.3368301638523895	0.36581153078542994	0.40053254864697996	0.37361933114408563	0.3608895693555849	0.4160838884499978	0.3878810593630675	0.3806293028826787	0.39286083011928896	0.40040330500854404	0.3819846204722184	0.4056348510103114	0.39973766301601044	0.39746092988680937	0.3810432853078033	0.40546904695054375	0.37077273138651423	0.38706099441028596	0.37248033149140924	0.39387813763131463	0.39323341227790254	0.4147974516564211	0.4208237377743129	0.3719941014607604	0.39654947827078224	0.42883917699199947	0.40736204559203326	0.3948892284192892	0.38908993857380214	0.3773935628382482	0.3564761591919656	0.3732152387968509	0.36646673269281305	0.3565784236853813	0.38804524189768097	0.36431498738579116	0.3679950693462102	0.3525881713808844	0.37785900545525775	0.345796301734584	0.3415899238964887	0.3417229618432295	0.3394883500509701	0.3503127192178491	0.31202387834879164	0.3430486616533193	0.352688192441861	0.3670801963408319	0.37225545504919877	0.35060395126703203
S12Hp	0.28738048794873816	0.28816658283679086	0.3081314322730725	0.26847628936886014	0.27808158510362	0.3018619050375615	0.2946429137293141	0.21126143867194935	0.24062824036307853	0.28196073410501554	0.28115275364901987	0.18203572216748715	0.2867662782686097	0.2358995706227493	0.21892857543454594	0.1537958551205848	0.24773805510185418	0.0	0.183057839348668	0.24873492615343779	0.1689687714081708	0.18260609633000063	0.27413947257104737	0.2722591690824384	0.24774481190526393	0.2767261788383043	0.3114471966998543	0.28453397919696	0.2718042174084593	0.32699853650287214	0.29879570741594186	0.2915439509355531	0.3037754781721634	0.3113179530614184	0.29289926852509274	0.31654949906318575	0.3106523110688848	0.3083755779396838	0.2919579333606777	0.3163836950034181	0.28168737943938865	0.29797564246316033	0.2833949795442836	0.304792785684189	0.30414806033077696	0.32571209970929554	0.33173838582718734	0.28290874951363476	0.3074641263236566	0.3397538250448739	0.3182766936449077	0.3058038764721636	0.3000045866266765	0.28830821089112263	0.26739080724484	0.2841298868497253	0.27738138074568747	0.26749307173825565	0.2989598899505554	0.2752296354386655	0.27890971739908454	0.2635028194337588	0.2887736535081321	0.2567109497874584	0.2525045719493631	0.2526376098961039	0.2504029981038445	0.26122736727072354	0.222938526401666	0.2539633097061937	0.26360284049473537	0.27799484439370625	0.28317010310207313	0.2615185993199064
31219	0.3402051643851406	0.3409912592731933	0.36095610870947487	0.3213009658052626	0.3309062615400224	0.35468658147396387	0.3474675901657165	0.2640861151083518	0.29345291679948093	0.3347854105414179	0.33397743008542224	0.23486039860388955	0.3395909547050121	0.28872424705915173	0.27175325187094834	0.20662053155698717	0.3005627315382565	0.183057839348668	0.0	0.30155960258984016	0.22179344784457317	0.23543077276640303	0.32696414900744974	0.3250838455188408	0.3005694883416663	0.3295508552747067	0.3642718731362567	0.33735865563336237	0.32462889384486165	0.3798232129392745	0.35162038385234423	0.34436862737195545	0.35660015460856576	0.3641426294978208	0.3457239449614951	0.3693741754995881	0.3634769875052872	0.36120025437608616	0.3447826097970801	0.3692083714398205	0.334512055875791	0.3508003188995627	0.336219655980686	0.35761746212059137	0.35697273676717933	0.3785367761456979	0.3845630622635897	0.33573342595003713	0.360288802760059	0.39257850148127627	0.37110137008131006	0.358628552908566	0.3528292630630789	0.341132887327525	0.32021548368124236	0.33695456328612766	0.33020605718208984	0.320317748174658	0.35178456638695776	0.3280543118750679	0.3317343938354869	0.3163274958701612	0.3415983299445345	0.30953562622386077	0.3053292483857655	0.30546228633250627	0.30322767454024685	0.3140520437071259	0.27576320283806843	0.30678798614259606	0.3164275169311378	0.3308195208301087	0.33599477953847556	0.3143432757563088
F8H1	0.34813783360980544	0.34892392849785814	0.36888877793413977	0.3292336350299275	0.3388389307646873	0.36261925069862877	0.35540025939038145	0.2720187843330166	0.30138558602414584	0.3427180797660828	0.3419100993100872	0.24279306782855445	0.347523623929677	0.29665691628381663	0.27968592109561324	0.24387807811929402	0.33782027810056336	0.24873492615343779	0.30155960258984016	0.0	0.1817169874598562	0.21931787794671248	0.3108512541877592	0.32307927862825697	0.2985649214510825	0.32754628838412286	0.3622673062456729	0.33535408874277856	0.32262432695427784	0.3778186460486907	0.3496158169617604	0.34236406048137163	0.35459558771798194	0.36213806260723697	0.3437193780709113	0.3673696086090043	0.36147242061470336	0.35919568748550235	0.34277804290649627	0.3672038045492367	0.3325074889852072	0.3487957520089789	0.33421508909010217	0.35561289523000755	0.3549681698765955	0.3765322092551141	0.3825584953730059	0.3337288590594533	0.35828423586947516	0.39057393459069245	0.36909680319072624	0.3566239860179822	0.35082469617249507	0.3391283204369412	0.31821091679065855	0.33494999639554385	0.328201490291506	0.3183131812840742	0.34977999949637395	0.3260497449844841	0.3297298269449031	0.31432292897957737	0.33959376305395067	0.30753105933327696	0.30332468149518166	0.30345771944192246	0.30122310764966304	0.3120474768165421	0.2737586359474846	0.314720655367261	0.32436018615580264	0.3387521900547735	0.3439274487631404	0.32227594498097367
31160	0.2683716788645385	0.2691577737525912	0.2891226231888728	0.24946748028466048	0.2590727760194203	0.2828530959533618	0.2756341046451144	0.19225262958774966	0.22161943127887884	0.2629519250208158	0.26214394456482015	0.16302691308328746	0.26775746918441	0.21689076153854964	0.19991976635034625	0.16411192337402702	0.2580541233552964	0.1689687714081708	0.22179344784457317	0.1817169874598562	0.0	0.1395517232014455	0.23108509944249223	0.24331312388298998	0.2187987667058155	0.24778013363885587	0.2825011515004059	0.25558793399751156	0.24285817220901085	0.2980524913034237	0.2698496622164934	0.26259790573610464	0.27482943297271495	0.28237190786197	0.2639532233256443	0.2876034538637373	0.28170626586943637	0.27942953274023535	0.2630118881612293	0.2874376498039697	0.2527413342399402	0.2690295972637119	0.2544489343448352	0.27584674048474056	0.2752020151313285	0.2967660545098471	0.3027923406277389	0.2539627043141863	0.27851808112420817	0.31080777984542546	0.28933064844545925	0.2768578312727152	0.2710585414272281	0.2593621656916742	0.23844476204539156	0.25518384165027685	0.24843533554623903	0.23854702653880722	0.27001384475110696	0.2462835902392171	0.2499636721996361	0.23455677423431037	0.2598276083086837	0.22776490458800996	0.22355852674991467	0.22369156469665546	0.22145695290439604	0.2322813220712751	0.19399248120221763	0.234954500621994	0.24459403141053568	0.2589860353095066	0.26416129401787347	0.24250979023570668
31300	0.28200900378636834	0.28279509867442104	0.3027599481107026	0.2631048052064903	0.27271010094125014	0.2964904208751916	0.2892714295669443	0.2058899545095795	0.23525675620070868	0.27658924994264567	0.27578126948665005	0.1766642380051173	0.28139479410623985	0.23052808646037948	0.2135570912721761	0.17774924829585687	0.27169144827712627	0.18260609633000063	0.23543077276640303	0.21931787794671248	0.1395517232014455	0.0	0.21580421752117718	0.2569504488048199	0.23243609162764536	0.26141745856068577	0.2961384764222358	0.26922525891934146	0.25649549713084074	0.3116898162252536	0.2834869871383233	0.27623523065793454	0.2884667578945448	0.29600923278379987	0.2775905482474742	0.3012407787855672	0.29534359079126626	0.2930668576620652	0.2766492130830591	0.3010749747257996	0.26637865916177006	0.2826669221855418	0.2680862592666651	0.28948406540657046	0.28883934005315837	0.31040337943167695	0.31642966554956875	0.2676000292360162	0.29215540604603807	0.3244451047672553	0.3029679733672891	0.290495156194545	0.28469586634905797	0.27299949061350404	0.25208208696722145	0.26882116657210675	0.2620726604680689	0.2521843514606371	0.2836511696729368	0.259920915161047	0.263600997121466	0.24819409915614024	0.2734649332305136	0.24140222950983983	0.23719585167174453	0.23732888961848533	0.2350942778262259	0.24591864699310498	0.20762980612404747	0.24859182554382386	0.25823135633236555	0.27262336023133643	0.27779861893970326	0.2561471151575365
530055	0.3735423800274151	0.3743284749154678	0.3942933243517494	0.35463818144753706	0.3642434771822969	0.38802379711623836	0.38080480580799103	0.2974233307506262	0.3267901324417554	0.3681226261836924	0.3673146457276968	0.268197614246164	0.3729281703472866	0.3220614627014262	0.30509046751322283	0.2692826245369036	0.36322482451817295	0.27413947257104737	0.32696414900744974	0.3108512541877592	0.23108509944249223	0.21580421752117718	0.0	0.34848382504586656	0.3239694678686921	0.35295083480173245	0.38767185266328247	0.36075863516038814	0.3480288733718874	0.4032231924663003	0.37502036337937	0.3677686068989812	0.3800001341355915	0.38754260902484655	0.3691239244885209	0.3927741550266139	0.38687696703231295	0.38460023390311193	0.36818258932410586	0.39260835096684626	0.3579120354028168	0.3742002984265885	0.35961963550771175	0.38101744164761714	0.3803727162942051	0.4019367556727237	0.4079630417906155	0.3591334054770629	0.38368878228708475	0.41597848100830204	0.3945013496083358	0.38202853243559176	0.37622924259010465	0.3645328668545508	0.34361546320826813	0.36035454281315343	0.3536060367091156	0.3437177277016838	0.37518454591398354	0.35145429140209367	0.3551343733625127	0.33972747539718695	0.36499830947156026	0.33293560575088654	0.32872922791279124	0.32886226585953204	0.3266276540672726	0.3374520232341517	0.2991631823650942	0.3401252017848706	0.34976473257341223	0.3641567364723831	0.36933199518075	0.3476804913985833
f2pp	0.3716620765388061	0.3724481714268588	0.39241302086314045	0.3527578779589281	0.3623631736936879	0.3861434936276294	0.378924502319382	0.2955430272620173	0.32490982895314646	0.36624232269508344	0.3654343422390878	0.26631731075755505	0.37104786685867763	0.32018115921281726	0.30321016402461387	0.26740232104829464	0.36134452102956405	0.2722591690824384	0.3250838455188408	0.32307927862825697	0.24331312388298998	0.2569504488048199	0.34848382504586656	0.0	0.06059382026665158	0.08957518719969199	0.12429620506124198	0.09738298755834768	0.08465322576984693	0.13984754486425982	0.11164471577732954	0.10439295929694073	0.11662448653355106	0.12416696142280609	0.10574827688648042	0.12939850742457343	0.12350131943027248	0.12122458630107147	0.1048069417220654	0.1292327033648058	0.09453638780077635	0.11082465082454798	0.09624398790567126	0.11764179404557668	0.11699706869216464	0.13856110807068323	0.144587394188575	0.09575775787502243	0.12031313468504429	0.15260283340626157	0.13112570200629534	0.1186528848335513	0.11285359498806416	0.10115721925251031	0.08023981560622764	0.09697889521111298	0.09023038910707512	0.0803420800996433	0.11180889831194307	0.0880786438000532	0.0917587257604722	0.07635182779514645	0.10162266186951976	0.06955995814884605	0.07564141109330107	0.12006144027504584	0.11782682848278647	0.31591866635969285	0.2776298254906353	0.3382448982962616	0.3478844290848033	0.3622764329837742	0.3674516916921411	0.34580018790997435
w20pp	0.3471477193616316	0.3479338142496843	0.3678986636859659	0.3282435207817536	0.33784881651651344	0.3616291364504549	0.3544101451422076	0.27102867008484277	0.300395471775972	0.34172796551790896	0.34091998506191334	0.2418029535803806	0.34653350968150315	0.2956668020356428	0.2786958068474394	0.24288796387112016	0.3368301638523895	0.24774481190526393	0.3005694883416663	0.2985649214510825	0.2187987667058155	0.23243609162764536	0.3239694678686921	0.06059382026665158	0.0	0.028983366934040473	0.06370438479559044	0.03679116729269617	0.02406140550419541	0.0792557245986083	0.05105289551167801	0.04380113903128921	0.05603266626789954	0.06357514115715457	0.04515645662082889	0.0688066871589219	0.06290949916462096	0.06063276603541994	0.04421512145641388	0.06864088309915428	0.033944567535124835	0.05023283055889646	0.035652167640019744	0.057049973779925156	0.05640524842651312	0.0779692878050317	0.08399557392292348	0.035165937609370916	0.059721314419392754	0.09201101314061005	0.07053388174064382	0.058061064567899764	0.05226177472241264	0.040565398986858806	0.019647995340576128	0.04900138612164314	0.04225288001760527	0.032364571010173454	0.06383138922247322	0.04010113471058335	0.04378121667100236	0.028374318705676603	0.05364515278004993	0.03388955110885278	0.05112705391612654	0.09554708309787133	0.09331247130561195	0.29140430918251836	0.2531154683134608	0.31373054111908716	0.3233700719076288	0.33776207580659967	0.34293733451496655	0.3212858307327998
w24pp	0.376129086294672	0.3769151811827247	0.39688003061900634	0.357224887714794	0.3668301834495538	0.3906105033834953	0.3833915120752479	0.3000100370178832	0.32937683870901235	0.37070933245094934	0.36990135199495366	0.27078432051342094	0.3755148766145435	0.32464816896868315	0.30767717378047976	0.27186933080416054	0.36581153078542994	0.2767261788383043	0.3295508552747067	0.32754628838412286	0.24778013363885587	0.26141745856068577	0.35295083480173245	0.08957518719969199	0.028983366934040473	0.0	0.07550679187732799	0.04859357437443372	0.03586381258593296	0.09105813168034584	0.06285530259341555	0.05560354611302676	0.06783507334963708	0.07917888639812283	0.060760201861797154	0.08441043239989016	0.08743004483941778	0.08515331171021676	0.06873566713121071	0.0931614287739511	0.058465113209921656	0.07475337623369328	0.060172713314816564	0.08157051945472198	0.08092579410130994	0.10248983347982853	0.1085161195977203	0.059686483284167736	0.08424186009418957	0.11653155881540687	0.09505442741544064	0.08258161024269658	0.07678232039720946	0.06508594466165563	0.04416854101537296	0.07798275305468355	0.07123424695064569	0.06134593794321387	0.09281275615551365	0.06908250164362377	0.07276258360404278	0.05735568563871702	0.08262651971309035	0.0628709180418932	0.08010842084916696	0.12452845003091173	0.12229383823865236	0.32038567611555874	0.2820968352465012	0.3427119080521275	0.3523514388406692	0.3667434427396401	0.371918701448007	0.35026719766584025
w31pp	0.410850104156222	0.4116361990442747	0.4316010484805563	0.39194590557634396	0.4015512013111038	0.42533152124504525	0.4181125299367979	0.3347310548794331	0.3640978565705623	0.4054303503124993	0.4046223698565037	0.30550533837497096	0.41023589447609354	0.35936918683023317	0.3423981916420298	0.30659034866571055	0.40053254864697996	0.3114471966998543	0.3642718731362567	0.3622673062456729	0.2825011515004059	0.2961384764222358	0.38767185266328247	0.12429620506124198	0.06370438479559044	0.07550679187732799	0.0	0.06281457663670242	0.05928064934410291	0.11447496843851579	0.08627213935158551	0.07902038287119671	0.09125191010780703	0.11389990425967281	0.09548121972334712	0.11913145026144012	0.12215106270096776	0.11987432957176673	0.10345668499276067	0.12788244663550108	0.09318613107147163	0.10947439409524326	0.09489373117636654	0.11629153731627195	0.11564681196285992	0.1372108513413785	0.14323713745927028	0.0944075011457177	0.11896287795573954	0.15125257667695685	0.12977544527699061	0.11730262810424655	0.11150333825875944	0.09980696252320559	0.07888955887692292	0.11270377091623351	0.10595526481219565	0.09606695580476383	0.12753377401706362	0.10380351950517373	0.10748360146559274	0.09207670350026698	0.11734753757464031	0.09759193590344317	0.11482943871071694	0.15924946789246172	0.15701485610020235	0.35510669397710876	0.3168178531080512	0.3774329259136775	0.38707245670221924	0.4014644606011901	0.4066397193095569	0.3849882155273902
