	w4pp	f32pp	f13pp	w18pp	f26pp	w24pp	f18pp	f31pp	s16pp	w27pp	f7pp	f14ppA	f9pp	w26pp	s21pp	f28pp	F32H1	F8H1	s29pp	s8pp	S23Hp	w15pp	w14pp	w1pp	w16pp	f20ppA	w9pp	f25pp	w20pp	f19pp	f4pp	w3pp	f24pp	f16ppB	f6ppB	f21pp	f3pp	w7pp	f22ppB	f6ppA	f1pp	f12ppB	w10pp	w17pp	w19pp	f14ppB	w23pp	f30pp	w29pp	f15pp	s1pp	f20ppB	s11pp	w32pp	f17ppA	f17ppB	f16ppA	f8pp	f10pp	w21pp	w31pp	w13pp	f29pp	w22pp	f23ppB	530451	s3pp	S13Hp	S1Hp	f23ppA	f22ppA	w2pp	w8pp	F7H1	S6Hp	S15Hp	F14H1B	s25pp	S10H1	s2pp	S7Hp	s23pp	S18H1	s12pp	S30H1	F14H1A	S31Hp	S19H1	S2Hp	S12Hp	s24H1	f12ppA	f2pp	w28pp	w11pp	w25pp	f11pp	w6pp	w12pp
w4pp	0.0	2.00000100005818e-06	0.001782161593791893	0.001782161593791893	0.0017831615942919222	0.0017851615952919804	0.0017861615957920096	0.016270840559482847	0.05452319154417754	0.028151405597325586	0.028153405598325642	0.028155405599325698	0.028158405600825786	0.028160405601825842	0.11018273323886531	0.03753421019625777	0.2015465972867158	0.1941763672707751	0.0724351136262509	0.08420209434802328	0.151312661273773	0.04785754705652704	0.047856547056027016	0.028205830613832323	0.03682610314089872	0.03682910314239881	0.03683010314289884	0.03683110314339887	0.03683610314589902	0.03683710314639905	0.03683810314689907	0.03684310314939922	0.03684410314989925	0.04028837376002578	0.04231402315786498	0.04029037376102584	0.04247104194266913	0.04247104194266913	0.04028737375952575	0.04028637375902572	0.03684510315039928	0.03684210314889919	0.03684110314839916	0.03684010314789913	0.036839103147399105	0.036835103145398986	0.03683410314489896	0.03683310314439893	0.0368321031438989	0.036828103141898785	0.06272098615684278	0.04353669088483905	0.10004596517206714	0.05209938074440231	0.043496700843123105	0.0368251031403987	0.036824103139898666	0.03682310313939864	0.02820483061333229	0.028159405601325817	0.028157405600325754	0.02815640559982573	0.028154405598825673	0.02815240559782561	0.028150405596825554	0.20125108880425766	0.07217646511049623	0.1261504393910339	0.08860480990067811	0.016271840559982875	0.016269840558982816	0.014251606489324184	0.02832596914663753	0.22446221912321435	0.15476133457915658	0.19462393293653643	0.17664364706086694	0.09069870022374514	0.15633730200442605	0.02372246145779492	0.14529348503764142	0.0747308792846397	0.14573769480683033	0.023625726294419922	0.15792409957678094	0.1295918255844983	0.15219736493818842	0.18107796691440037	0.17424437636943066	0.020447091957386244	0.02382372661980038	0.010486493311902547	0.0017881615967920677	0.0017881615967920677	0.0017841615947919514	0.0017851615952919806	0.0017851615952919806	0.0017841615947919514	0.0017831615942919224
f32pp	2.00000100005818e-06	0.0	0.001782161593791893	0.001782161593791893	0.0017831615942919222	0.0017851615952919804	0.0017861615957920096	0.016270840559482847	0.05452319154417754	0.028151405597325586	0.028153405598325642	0.028155405599325698	0.028158405600825786	0.028160405601825842	0.11018273323886531	0.03753421019625777	0.2015465972867158	0.1941763672707751	0.0724351136262509	0.08420209434802328	0.151312661273773	0.04785754705652704	0.047856547056027016	0.028205830613832323	0.03682610314089872	0.03682910314239881	0.03683010314289884	0.03683110314339887	0.03683610314589902	0.03683710314639905	0.03683810314689907	0.03684310314939922	0.03684410314989925	0.04028837376002578	0.04231402315786498	0.04029037376102584	0.04247104194266913	0.04247104194266913	0.04028737375952575	0.04028637375902572	0.03684510315039928	0.03684210314889919	0.03684110314839916	0.03684010314789913	0.036839103147399105	0.036835103145398986	0.03683410314489896	0.03683310314439893	0.0368321031438989	0.036828103141898785	0.06272098615684278	0.04353669088483905	0.10004596517206714	0.05209938074440231	0.043496700843123105	0.0368251031403987	0.036824103139898666	0.03682310313939864	0.02820483061333229	0.028159405601325817	0.028157405600325754	0.02815640559982573	0.028154405598825673	0.02815240559782561	0.028150405596825554	0.20125108880425766	0.07217646511049623	0.1261504393910339	0.08860480990067811	0.016271840559982875	0.016269840558982816	0.014251606489324184	0.02832596914663753	0.22446221912321435	0.15476133457915658	0.19462393293653643	0.17664364706086694	0.09069870022374514	0.15633730200442605	0.02372246145779492	0.14529348503764142	0.0747308792846397	0.14573769480683033	0.023625726294419922	0.15792409957678094	0.1295918255844983	0.15219736493818842	0.18107796691440037	0.17424437636943066	0.020447091957386244	0.02382372661980038	0.010486493311902547	0.0017881615967920677	0.0017881615967920677	0.0017841615947919514	0.0017851615952919806	0.0017851615952919806	0.0017841615947919514	0.0017831615942919224
f13pp	0.001782161593791893	0.001782161593791893	0.0	2.00000100005818e-06	5.00000250014545e-06	7.0000035002036296e-06	8.00000400023272e-06	0.01449267896769107	0.052745029952385766	0.02637324400553381	0.026375244006533866	0.026377244007533922	0.02638024400903401	0.026382244010034066	0.10840457164707352	0.035756048604466	0.19976843569492403	0.19239820567898333	0.07065695203445911	0.0824239327562315	0.1495344996819812	0.046079385464735265	0.04607838546423524	0.026427669022040547	0.03504794154910695	0.035050941550607034	0.035051941551107066	0.0350529415516071	0.03505794155410724	0.03505894155460727	0.0350599415551073	0.03506494155760744	0.03506594155810747	0.038510212168234005	0.0405358615660732	0.03851221216923406	0.040692880350877356	0.040692880350877356	0.038509212167733974	0.03850821216723394	0.035066941558607505	0.03506394155710742	0.035062941556607385	0.035061941556107354	0.03506094155560733	0.03505694155360721	0.035055941553107185	0.035054941552607154	0.03505394155210712	0.03504994155010701	0.060942824565051	0.041758529293047277	0.09826780358027536	0.050321219152610536	0.04171853925133133	0.03504694154860692	0.03504594154810689	0.035044941547606866	0.026426669021540516	0.026381244009534042	0.02637924400853398	0.026378244008033954	0.026376244007033898	0.026374244006033835	0.02637224400503378	0.19947292721246587	0.07039830351870445	0.12437227779924212	0.08682664830888633	0.0144936789681911	0.01449167896719104	0.012473444897532408	0.026547807554845756	0.22268405753142256	0.1529831729873648	0.19284577134474465	0.17486548546907515	0.08892053863195336	0.15455914041263427	0.021944299866003145	0.14351532344584964	0.07295271769284792	0.14395953321503854	0.021847564702628147	0.15614593798498916	0.12781366399270652	0.15041920334639663	0.17929980532260859	0.17246621477763888	0.018668930365594468	0.022045565028008605	0.008708331720110771	1.00000050002909e-05	1.00000050002909e-05	6.00000300017454e-06	7.0000035002036296e-06	7.0000035002036296e-06	6.00000300017454e-06	5.00000250014545e-06
w18pp	0.001782161593791893	0.001782161593791893	2.00000100005818e-06	0.0	5.00000250014545e-06	7.0000035002036296e-06	8.00000400023272e-06	0.01449267896769107	0.052745029952385766	0.02637324400553381	0.026375244006533866	0.026377244007533922	0.02638024400903401	0.026382244010034066	0.10840457164707352	0.035756048604466	0.19976843569492403	0.19239820567898333	0.07065695203445911	0.0824239327562315	0.1495344996819812	0.046079385464735265	0.04607838546423524	0.026427669022040547	0.03504794154910695	0.035050941550607034	0.035051941551107066	0.0350529415516071	0.03505794155410724	0.03505894155460727	0.0350599415551073	0.03506494155760744	0.03506594155810747	0.038510212168234005	0.0405358615660732	0.03851221216923406	0.040692880350877356	0.040692880350877356	0.038509212167733974	0.03850821216723394	0.035066941558607505	0.03506394155710742	0.035062941556607385	0.035061941556107354	0.03506094155560733	0.03505694155360721	0.035055941553107185	0.035054941552607154	0.03505394155210712	0.03504994155010701	0.060942824565051	0.041758529293047277	0.09826780358027536	0.050321219152610536	0.04171853925133133	0.03504694154860692	0.03504594154810689	0.035044941547606866	0.026426669021540516	0.026381244009534042	0.02637924400853398	0.026378244008033954	0.026376244007033898	0.026374244006033835	0.02637224400503378	0.19947292721246587	0.07039830351870445	0.12437227779924212	0.08682664830888633	0.0144936789681911	0.01449167896719104	0.012473444897532408	0.026547807554845756	0.22268405753142256	0.1529831729873648	0.19284577134474465	0.17486548546907515	0.08892053863195336	0.15455914041263427	0.021944299866003145	0.14351532344584964	0.07295271769284792	0.14395953321503854	0.021847564702628147	0.15614593798498916	0.12781366399270652	0.15041920334639663	0.17929980532260859	0.17246621477763888	0.018668930365594468	0.022045565028008605	0.008708331720110771	1.00000050002909e-05	1.00000050002909e-05	6.00000300017454e-06	7.0000035002036296e-06	7.0000035002036296e-06	6.00000300017454e-06	5.00000250014545e-06
f26pp	0.0017831615942919222	0.0017831615942919222	5.00000250014545e-06	5.00000250014545e-06	0.0	4.00000200011636e-06	5.00000250014545e-06	0.014489678966190982	0.05274202995088568	0.026370244004033722	0.02637224400503378	0.026374244006033835	0.026377244007533922	0.02637924400853398	0.10840157164557344	0.03575304860296591	0.19976543569342395	0.19239520567748325	0.07065395203295903	0.08242093275473142	0.14953149968048113	0.04607638546323518	0.04607538546273515	0.02642466902054046	0.03504494154760686	0.03504794154910695	0.03504894154960698	0.03504994155010701	0.035054941552607154	0.035055941553107185	0.03505694155360721	0.035061941556107354	0.035062941556607385	0.03850721216673392	0.040532861564573114	0.038509212167733974	0.04068988034937727	0.04068988034937727	0.038506212166233886	0.038505212165733854	0.03506394155710742	0.03506094155560733	0.0350599415551073	0.035058941554607266	0.03505794155410724	0.03505394155210712	0.0350529415516071	0.035051941551107066	0.035050941550607034	0.03504694154860692	0.06093982456355091	0.04175552929154719	0.09826480357877528	0.05031821915111045	0.04171553924983124	0.035043941547106834	0.0350429415466068	0.03504194154610678	0.026423669020040428	0.026378244008033954	0.02637624400703389	0.026375244006533866	0.02637324400553381	0.026371244004533747	0.02636924400353369	0.1994699272109658	0.07039530351720437	0.12436927779774204	0.08682364830738624	0.014490678966691012	0.014488678965690952	0.01247044489603232	0.026544807553345668	0.22268105752992248	0.15298017298586472	0.19284277134324457	0.17486248546757507	0.08891753863045328	0.1545561404111342	0.021941299864503057	0.14351232344434955	0.07294971769134784	0.14395653321353846	0.02184456470112806	0.15614293798348908	0.12781066399120644	0.15041620334489655	0.1792968053211085	0.1724632147761388	0.01866593036409438	0.022042565026508518	0.008705331718610683	7.0000035002036296e-06	7.0000035002036296e-06	3.00000150008727e-06	6.00000300017454e-06	6.00000300017454e-06	5.00000250014545e-06	4.00000200011636e-06
w24pp	0.0017851615952919804	0.0017851615952919804	7.0000035002036296e-06	7.0000035002036296e-06	4.00000200011636e-06	0.0	3.00000150008727e-06	0.014487678965190922	0.052740029949885615	0.026368244003033666	0.026370244004033722	0.02637224400503378	0.026375244006533866	0.026377244007533922	0.10839957164457338	0.035751048601965846	0.1997634356924239	0.19239320567648321	0.07065195203195897	0.08241893275373136	0.1495294996794811	0.046074385462235114	0.04607338546173509	0.026422669019540403	0.035042941546606796	0.03504594154810688	0.035046941548606915	0.03504794154910695	0.03505294155160709	0.03505394155210712	0.03505494155260715	0.03505994155510729	0.03506094155560732	0.038505212165733854	0.04053086156357305	0.03850721216673391	0.040687880348377205	0.040687880348377205	0.03850421216523382	0.03850321216473379	0.035061941556107354	0.035058941554607266	0.035057941554107235	0.0350569415536072	0.03505594155310718	0.03505194155110706	0.035050941550607034	0.035049941550107	0.03504894154960697	0.03504494154760686	0.06093782456255085	0.041753529290547126	0.09826280357777521	0.050316219150110385	0.04171353924883118	0.03504194154610677	0.03504094154560674	0.035039941545106715	0.026421669019040372	0.026376244007033898	0.026374244006033835	0.02637324400553381	0.026371244004533754	0.02636924400353369	0.026367244002533635	0.19946792720996576	0.0703933035162043	0.12436727779674198	0.08682164830638618	0.014488678965690952	0.014486678964690893	0.01246844489503226	0.026542807552345612	0.22267905752892245	0.15297817298486469	0.19284077134224453	0.17486048546657504	0.08891553862945321	0.15455414041013416	0.021939299863503	0.14351032344334952	0.07294771769034777	0.14395453321253843	0.021842564700128003	0.15614093798248904	0.1278086639902064	0.15041420334389652	0.17929480532010847	0.17246121477513876	0.018663930363094324	0.02204056502550846	0.008703331717610624	5.00000250014545e-06	5.00000250014545e-06	3.00000150008727e-06	8.00000400023272e-06	8.00000400023272e-06	7.0000035002036296e-06	6.00000300017454e-06
f18pp	0.0017861615957920096	0.0017861615957920096	8.00000400023272e-06	8.00000400023272e-06	5.00000250014545e-06	3.00000150008727e-06	0.0	0.014486678964690893	0.052739029949385584	0.026367244002533638	0.026369244003533694	0.02637124400453375	0.026374244006033838	0.026376244007033894	0.10839857164407335	0.035750048601465814	0.1997624356919239	0.1923922056759832	0.07065095203145894	0.08241793275323132	0.14952849967898107	0.04607338546173508	0.04607238546123506	0.026421669019040375	0.035041941546106764	0.03504494154760685	0.03504594154810688	0.035046941548606915	0.03505194155110706	0.03505294155160709	0.035053941552107115	0.03505894155460726	0.03505994155510729	0.03850421216523382	0.04052986156307302	0.03850621216623388	0.04068688034787717	0.04068688034787717	0.03850321216473379	0.03850221216423376	0.03506094155560732	0.035057941554107235	0.0350569415536072	0.03505594155310717	0.03505494155260715	0.03505094155060703	0.035049941550107	0.03504894154960697	0.03504794154910694	0.03504394154710683	0.060936824562050816	0.041752529290047094	0.09826180357727518	0.05031521914961035	0.04171253924833115	0.03504094154560674	0.03503994154510671	0.03503894154460668	0.026420669018540344	0.02637524400653387	0.026373244005533807	0.026372244005033782	0.026370244004033726	0.026368244003033663	0.026366244002033606	0.19946692720946574	0.07039230351570427	0.12436627779624194	0.08682064830588615	0.014487678965190922	0.014485678964190863	0.01246744489453223	0.026541807551845584	0.22267805752842243	0.15297717298436467	0.19283977134174451	0.17485948546607502	0.08891453862895318	0.15455314040963414	0.021938299863002973	0.1435093234428495	0.07294671768984774	0.1439535332120384	0.021841564699627974	0.15613993798198902	0.1278076639897064	0.1504132033433965	0.17929380531960845	0.17246021477463874	0.018662930362594296	0.022039565025008433	0.008702331717110594	4.00000200011636e-06	4.00000200011636e-06	4.00000200011636e-06	9.000004500261809e-06	9.000004500261809e-06	8.00000400023272e-06	7.0000035002036296e-06
f31pp	0.016270840559482847	0.016270840559482847	0.01449267896769107	0.01449267896769107	0.014489678966190982	0.014487678965190922	0.014486678964690893	0.0	0.03825435098569474	0.011882565038842802	0.01188456503984286	0.011886565040842918	0.011889565042343005	0.011891565043343063	0.09391389268038251	0.021265369637774974	0.1852777567282331	0.1779075267122924	0.0561662730677681	0.06793325378954049	0.13504382071529028	0.03158870649804424	0.031587706497544214	0.011936990055349539	0.020557262582415924	0.020560262583916012	0.020561262584416044	0.02056226258491607	0.020567262587416216	0.020568262587916247	0.020569262588416275	0.02057426259091642	0.02057526259141645	0.02401953320154298	0.026045182599382176	0.024021533202543036	0.026202201384186333	0.026202201384186333	0.024018533201042948	0.02401753320054292	0.02057626259191648	0.02057326259041639	0.020572262589916363	0.02057126258941633	0.020570262588916303	0.020566262586916188	0.02056526258641616	0.020564262585916128	0.0205632625854161	0.020559262583415984	0.04645214559835997	0.027267850326356254	0.08377712461358434	0.03583054018591951	0.027227860284640304	0.020556262581915896	0.020555262581415868	0.02055426258091584	0.011935990054849509	0.011890565042843033	0.011888565041842976	0.011887565041342947	0.01188556504034289	0.01188356503934283	0.011881565038342772	0.18498224824577494	0.05590762455201344	0.10988159883255111	0.07233596934219531	3.00000150008727e-06	3.00000150008727e-06	0.008191399824453067	0.02226576248176642	0.21840201245834331	0.14870112791428555	0.1885637262716654	0.1705834403959959	0.08463849355887401	0.15027709533955502	0.03312561941218189	0.15469664299202845	0.08413403723902665	0.15514085276121736	0.03302888424880689	0.16732725753116798	0.13899498353888534	0.16160052289257545	0.1904811248687874	0.1836475343238177	0.029850249911773215	0.03322688457418735	0.01988965126628951	0.01448667896469089	0.01448667896469089	0.014488678965690952	0.0144936789681911	0.0144936789681911	0.01449267896769107	0.014491678967191042
s16pp	0.05452319154417754	0.05452319154417754	0.052745029952385766	0.052745029952385766	0.05274202995088568	0.052740029949885615	0.052739029949385584	0.03825435098569474	0.0	0.03378917100148602	0.03379117100248608	0.03379317100348614	0.03379617100498623	0.03379817100598628	0.11582049864302572	0.043171975600418196	0.20718436269087637	0.19981413267493567	0.07807287903041131	0.0898398597521837	0.15695042667793355	0.053495312460687464	0.05349431246018743	0.03384359601799276	0.04246386854505915	0.04246686854655923	0.042467868547059265	0.042468868547559296	0.04247386855005944	0.04247486855055947	0.0424758685510595	0.04248086855355965	0.04248186855405967	0.045926139164186204	0.0479517885620254	0.04592813916518626	0.048108807346829555	0.048108807346829555	0.04592513916368617	0.04592413916318615	0.042482868554559704	0.042479868553059616	0.042478868552559584	0.04247786855205955	0.04247686855155953	0.04247286854955941	0.042471868549059384	0.04247086854855935	0.04246986854805933	0.04246586854605921	0.06835875156100318	0.04917445628899948	0.10568373057622756	0.05773714614856272	0.04913446624728353	0.04246286854455912	0.04246186854405909	0.042460868543559065	0.03384259601749273	0.03379717100548625	0.033795171004486195	0.03379417100398617	0.03379217100298611	0.03379017100198605	0.033788171000985995	0.22239508174461153	0.09332045805084997	0.14729443233138764	0.10974880284103185	0.03825335098519471	0.03825535098619477	0.04644375080914775	0.060518113466461104	0.256654363443038	0.18695347889898023	0.22681607725636008	0.20883579138069058	0.1228908445435687	0.1885294463242497	0.07137797039687657	0.19294899397672313	0.12238638822372133	0.19339320374591204	0.07128123523350158	0.20557960851586266	0.17724733452358002	0.19985287387727013	0.22873347585348208	0.22189988530851237	0.0681026008964679	0.07147923555888204	0.0581420022509842	0.05273902994938558	0.05273902994938558	0.05274102995038565	0.0527460299528858	0.0527460299528858	0.052745029952385766	0.05274402995188574
w27pp	0.028151405597325586	0.028151405597325586	0.02637324400553381	0.02637324400553381	0.026370244004033722	0.026368244003033666	0.026367244002533638	0.011882565038842802	0.03378917100148602	0.0	4.00000200011636e-06	6.00000300017454e-06	9.000004500261809e-06	1.1000005500319987e-05	0.08203332764253976	0.009384804599932234	0.1733971916903904	0.1660269616744497	0.04428570802992535	0.056052688751697735	0.12316325567744757	0.019708141460201497	0.01970714145970147	5.6425017506794946e-05	0.008676697544573186	0.008679697546073274	0.008680697546573303	0.008681697547073331	0.008686697549573477	0.008687697550073507	0.008688697550573535	0.00869369755307368	0.00869469755357371	0.012138968163700239	0.014164617561539437	0.012140968164700295	0.014321636346343595	0.014321636346343595	0.01213796816320021	0.01213696816270018	0.008695697554073739	0.008692697552573651	0.008691697552073623	0.008690697551573593	0.008689697551073565	0.008685697549073447	0.00868469754857342	0.00868369754807339	0.008682697547573361	0.008678697545573244	0.03457158056051722	0.015387285288513514	0.07189655957574159	0.023949975148076758	0.015347295246797565	0.008675697544073158	0.008674697543573128	0.0086736975430731	5.5425017006765854e-05	1.0000005000290898e-05	8.00000400023272e-06	7.0000035002036296e-06	5.00000250014545e-06	3.00000150008727e-06	3.00000150008727e-06	0.1960232957977596	0.06694867210399805	0.1209226463845357	0.08337701689417992	0.011881565038342772	0.011883565039342832	0.020071964862295812	0.034146327519609165	0.23028257749618605	0.1605816929521283	0.20044429130950814	0.18246400543383864	0.09651905859671676	0.16215766037739776	0.04500618445002463	0.1665772080298712	0.09601460227686939	0.1670214177990601	0.04490944928664964	0.17920782256901072	0.15087554857672808	0.1734810879304182	0.20236168990663014	0.19552809936166043	0.04173081494961596	0.0451074496120301	0.03177021630413226	0.02636724400253364	0.02636724400253364	0.026369244003533694	0.026374244006033838	0.026374244006033838	0.02637324400553381	0.02637224400503378
f7pp	0.028153405598325642	0.028153405598325642	0.026375244006533866	0.026375244006533866	0.02637224400503378	0.026370244004033722	0.026369244003533694	0.01188456503984286	0.03379117100248608	4.00000200011636e-06	0.0	4.00000200011636e-06	7.0000035002036296e-06	9.000004500261809e-06	0.0820313276415397	0.009382804598932174	0.17339519168939035	0.16602496167344966	0.044283708028925284	0.05605068875069767	0.1231612556764475	0.01970614145920144	0.019705141458701413	5.442501650673676e-05	0.008674697543573126	0.008677697545073214	0.008678697545573244	0.008679697546073272	0.008684697548573417	0.008685697549073447	0.008686697549573475	0.008691697552073621	0.008692697552573651	0.01213696816270018	0.014162617560539378	0.012138968163700236	0.014319636345343535	0.014319636345343535	0.01213596816220015	0.01213496816170012	0.008693697553073679	0.008690697551573591	0.008689697551073563	0.008688697550573533	0.008687697550073505	0.008683697548073388	0.00868269754757336	0.00868169754707333	0.008680697546573302	0.008676697544573184	0.03456958055951716	0.015385285287513454	0.07189455957474153	0.0239479751470767	0.015345295245797506	0.008673697543073098	0.008672697542573068	0.00867169754207304	5.342501600670767e-05	8.00000400023272e-06	6.00000300017454e-06	5.00000250014545e-06	3.00000150008727e-06	3.00000150008727e-06	5.00000250014545e-06	0.19602529579875966	0.0669506721049981	0.12092464638553577	0.08337901689517997	0.01188356503934283	0.01188556504034289	0.02007396486329587	0.03414832752060922	0.23028457749718612	0.16058369295312835	0.2004462913105082	0.1824660054348387	0.09652105859771681	0.16215966037839782	0.045008184451024696	0.16657920803087126	0.09601660227786946	0.16702341780006016	0.044911449287649695	0.17920982257001078	0.15087754857772814	0.17348308793141826	0.2023636899076302	0.1955300993626605	0.041732814950616016	0.04510944961303015	0.031772216305132314	0.026369244003533698	0.026369244003533698	0.02637124400453375	0.026376244007033894	0.026376244007033894	0.026375244006533866	0.026374244006033835
f14ppA	0.028155405599325698	0.028155405599325698	0.026377244007533922	0.026377244007533922	0.026374244006033835	0.02637224400503378	0.02637124400453375	0.011886565040842918	0.03379317100348614	6.00000300017454e-06	4.00000200011636e-06	0.0	5.00000250014545e-06	7.0000035002036296e-06	0.08202932764053963	0.009380804597932115	0.17339319168839032	0.16602296167244962	0.04428170802792522	0.05604868874969761	0.12315925567544744	0.019704141458201384	0.019703141457701356	5.2425015506678576e-05	0.008672697542573066	0.008675697544073154	0.008676697544573184	0.008677697545073212	0.008682697547573358	0.008683697548073388	0.008684697548573416	0.008689697551073561	0.008690697551573591	0.01213496816170012	0.014160617559539318	0.012136968162700176	0.014317636344343476	0.014317636344343476	0.01213396816120009	0.01213296816070006	0.00869169755207362	0.008688697550573532	0.008687697550073504	0.008686697549573474	0.008685697549073446	0.008681697547073328	0.0086806975465733	0.00867969754607327	0.008678697545573242	0.008674697543573124	0.034567580558517094	0.015383285286513395	0.07189255957374147	0.023945975146076645	0.015343295244797446	0.008671697542073038	0.008670697541573008	0.00866969754107298	5.1425015006649484e-05	6.00000300017454e-06	4.00000200011636e-06	3.00000150008727e-06	3.00000150008727e-06	5.00000250014545e-06	7.0000035002036296e-06	0.1960272957997597	0.06695267210599816	0.12092664638653583	0.08338101689618004	0.011885565040342888	0.011887565041342947	0.020075964864295925	0.03415032752160928	0.23028657749818615	0.1605856929541284	0.20044829131150826	0.18246800543583874	0.09652305859871688	0.1621616603793979	0.045010184452024746	0.16658120803187132	0.09601860227886952	0.16702541780106023	0.04491344928864975	0.17921182257101084	0.1508795485787282	0.17348508793241832	0.20236568990863027	0.19553209936366056	0.04173481495161607	0.045111449614030213	0.03177421630613237	0.026371244004533754	0.026371244004533754	0.026373244005533807	0.02637824400803395	0.02637824400803395	0.026377244007533922	0.02637624400703389
f9pp	0.028158405600825786	0.028158405600825786	0.02638024400903401	0.02638024400903401	0.026377244007533922	0.026375244006533866	0.026374244006033838	0.011889565042343005	0.03379617100498623	9.000004500261809e-06	7.0000035002036296e-06	5.00000250014545e-06	0.0	4.00000200011636e-06	0.08202632763903954	0.009377804596432025	0.17339019168689027	0.16601996167094957	0.044278708026425126	0.056045688748197514	0.12315625567394735	0.0197011414567013	0.019700141456201272	4.94250140065913e-05	0.008669697541072977	0.008672697542573065	0.008673697543073094	0.008674697543573123	0.008679697546073268	0.008680697546573298	0.008681697547073326	0.008686697549573472	0.008687697550073502	0.01213196816020003	0.014157617558039228	0.012133968161200086	0.014314636342843386	0.014314636342843386	0.0121309681597	0.01212996815919997	0.00868869755057353	0.008685697549073442	0.008684697548573414	0.008683697548073384	0.008682697547573356	0.008678697545573238	0.00867769754507321	0.00867669754457318	0.008675697544073152	0.008671697542073035	0.034564580557017	0.015380285285013305	0.07188955957224137	0.02394297514457656	0.015340295243297357	0.008668697540572949	0.008667697540072919	0.00866669753957289	4.8425013506562206e-05	3.00000150008727e-06	3.00000150008727e-06	4.00000200011636e-06	6.00000300017454e-06	8.00000400023272e-06	1.0000005000290898e-05	0.1960302958012598	0.06695567210749824	0.12092964638803591	0.08338401689768012	0.011888565041842976	0.011890565042843035	0.020078964865796013	0.034153327523109366	0.23028957749968626	0.1605886929556285	0.20045129131300835	0.18247100543733885	0.09652605860021696	0.16216466038089797	0.04501318445352484	0.1665842080333714	0.0960216022803696	0.1670284178025603	0.04491644929014984	0.17921482257251092	0.1508825485802283	0.1734880879339184	0.20236868991013035	0.19553509936516064	0.04173781495311616	0.045114449615530294	0.03177721630763246	0.02637424400603384	0.02637424400603384	0.026376244007033894	0.02638124400953404	0.02638124400953404	0.02638024400903401	0.02637924400853398
w26pp	0.028160405601825842	0.028160405601825842	0.026382244010034066	0.026382244010034066	0.02637924400853398	0.026377244007533922	0.026376244007033894	0.011891565043343063	0.03379817100598628	1.1000005500319987e-05	9.000004500261809e-06	7.0000035002036296e-06	4.00000200011636e-06	0.0	0.08202432763803948	0.009375804595431966	0.17338819168589023	0.16601796166994953	0.04427670802542506	0.05604368874719745	0.12315425567294729	0.019699141455701244	0.019698141455201216	4.7425013006533114e-05	0.008667697540072917	0.008670697541573005	0.008671697542073035	0.008672697542573063	0.008677697545073209	0.008678697545573238	0.008679697546073267	0.008684697548573412	0.008685697549073442	0.01212996815919997	0.014155617557039169	0.012131968160200027	0.014312636341843326	0.014312636341843326	0.01212896815869994	0.012127968158199911	0.00868669754957347	0.008683697548073382	0.008682697547573354	0.008681697547073325	0.008680697546573296	0.008676697544573179	0.00867569754407315	0.00867469754357312	0.008673697543073093	0.008669697541072975	0.034562580556016936	0.015378285284013245	0.07188755957124131	0.023940975143576505	0.015338295242297297	0.008666697539572889	0.00866569753907286	0.008664697538572831	4.642501250650402e-05	3.00000150008727e-06	5.00000250014545e-06	6.00000300017454e-06	8.00000400023272e-06	1.0000005000290898e-05	1.2000006000349076e-05	0.19603229580225984	0.0669576721084983	0.12093164638903597	0.08338601689868018	0.011890565042843033	0.011892565043843093	0.020080964866796072	0.03415532752410942	0.23029157750068632	0.16059069295662856	0.2004532913140084	0.18247300543833891	0.09652805860121702	0.16216666038189803	0.04501518445452489	0.16658620803437146	0.09602360228136966	0.16703041780356037	0.044918449291149895	0.179216822573511	0.15088454858122835	0.17349008793491846	0.2023706899111304	0.1955370993661607	0.04173981495411622	0.04511644961653036	0.031779216308632514	0.026376244007033898	0.026376244007033898	0.02637824400803395	0.026383244010534095	0.026383244010534095	0.026382244010034066	0.026381244009534035
s21pp	0.11018273323886531	0.11018273323886531	0.10840457164707352	0.10840457164707352	0.10840157164557344	0.10839957164457338	0.10839857164407335	0.09391389268038251	0.11582049864302572	0.08203332764253976	0.0820313276415397	0.08202932764053963	0.08202632763903954	0.08202432763803948	0.0	0.07519234048051081	0.2392047275709691	0.2318344975550284	0.1100932439105039	0.1218602246322763	0.18897079155802612	0.0855156773407801	0.08551467734028007	0.08198290262803311	0.0906031751550995	0.09060617515659959	0.09060717515709962	0.09060817515759964	0.09061317516009978	0.09061417516059982	0.09061517516109985	0.09062017516359999	0.09062117516410002	0.09406544577422656	0.09609109517206575	0.0940674457752266	0.09624811395686991	0.09624811395686991	0.09406444577372652	0.09406344577322649	0.09062217516460006	0.09061917516309996	0.09061817516259993	0.09061717516209991	0.09061617516159988	0.09061217515959977	0.09061117515909974	0.0906101751585997	0.09060917515809967	0.09060517515609956	0.11649805817104351	0.09731376289903983	0.15382303718626789	0.10587645275860308	0.09727377285732387	0.09060217515459947	0.09060117515409943	0.09060017515359942	0.08198190262753309	0.08202532763853951	0.08202732763953957	0.0820283276400396	0.08203032764103967	0.08203232764203973	0.08203432764303979	0.2780546234392993	0.14897999974553774	0.2029539740260754	0.16540834453571962	0.09391289267988248	0.09391489268088254	0.10210329250383553	0.11617765516114888	0.3123139051377258	0.24261302059366802	0.28247561895104784	0.26449533307537837	0.17855038623825648	0.24418898801893746	0.12703751209156433	0.2486085356714109	0.17804592991840912	0.2490527454405998	0.12694077692818934	0.26123915021055044	0.23290687621826778	0.2555124155719579	0.28439301754816987	0.27755942700320013	0.12376214259115567	0.1271387772535698	0.11380154394567196	0.10839857164407335	0.10839857164407335	0.10840057164507341	0.10840557164757356	0.10840557164757356	0.10840457164707354	0.10840357164657351
f28pp	0.03753421019625777	0.03753421019625777	0.035756048604466	0.035756048604466	0.03575304860296591	0.035751048601965846	0.035750048601465814	0.021265369637774974	0.043171975600418196	0.009384804599932234	0.009382804598932174	0.009380804597932115	0.009377804596432025	0.009375804595431966	0.07519234048051081	0.0	0.16401438709145835	0.15664415707551765	0.03490290343099316	0.046669884152765545	0.11378045107851537	0.010325336861269336	0.010324336860769306	0.009334379585425608	0.01795465211249199	0.017957652113992077	0.01795865211449211	0.017959652114992137	0.017964652117492284	0.017965652117992312	0.01796665211849234	0.017971652120992485	0.017972652121492516	0.021416922731619045	0.023442572129458245	0.0214189227326191	0.0235995909142624	0.0235995909142624	0.021415922731119016	0.021414922730618985	0.017973652121992544	0.017970652120492456	0.01796965211999243	0.017968652119492397	0.017967652118992372	0.017963652116992253	0.017962652116492225	0.017961652115992197	0.017960652115492165	0.01795665211349205	0.04384953512843601	0.02466523985643232	0.08117451414366038	0.03322792971599558	0.024625249814716373	0.017953652111991965	0.017952652111491933	0.017951652110991905	0.009333379584925578	0.009376804595931995	0.009378804596932055	0.009379804597432085	0.009381804598432145	0.009383804599432204	0.009385804600432264	0.20540610039669177	0.07633147670293022	0.13030545098346788	0.0927598214931121	0.021264369637274946	0.021266369638275003	0.02945476946122798	0.043529132118541335	0.23966538209511823	0.16996449755106047	0.20982709590844031	0.19184681003277082	0.10590186319564893	0.17154046497632994	0.05438898904895681	0.17596001262880337	0.10539740687580157	0.17640422239799228	0.05429225388558181	0.1885906271679429	0.16025835317566026	0.18286389252935037	0.21174449450556232	0.2049109039605926	0.05111361954854813	0.05449025421096226	0.04115302090306443	0.03575004860146581	0.03575004860146581	0.03575204860246588	0.03575704860496603	0.03575704860496603	0.035756048604466	0.03575504860396597
F32H1	0.2015465972867158	0.2015465972867158	0.19976843569492403	0.19976843569492403	0.19976543569342395	0.1997634356924239	0.1997624356919239	0.1852777567282331	0.20718436269087637	0.1733971916903904	0.17339519168939035	0.17339319168839032	0.17339019168689027	0.17338819168589023	0.2392047275709691	0.16401438709145835	0.0	0.24552324811574064	0.16906121428021745	0.18082819500198985	0.2687433974183642	0.1652882832011182	0.16528728320061817	0.1733467666758839	0.1819670392029503	0.18197003920445037	0.1819710392049504	0.18197203920545044	0.18197703920795058	0.1819780392084506	0.18197903920895064	0.1819840392114508	0.1819850392119508	0.18542930982207734	0.18745495921991653	0.1854313098230774	0.18761197800472068	0.18761197800472068	0.1854283098215773	0.18542730982107727	0.18198603921245082	0.18198303921095074	0.18198203921045072	0.18198103920995068	0.18198003920945066	0.18197603920745054	0.18197503920695052	0.18197403920645047	0.18197303920595045	0.18196903920395033	0.2078619222188943	0.1886776269468906	0.24518690123411868	0.19724031680645387	0.18863763690517465	0.18196603920245025	0.18196503920195023	0.18196403920145018	0.17334576667538387	0.17338919168639025	0.17339119168739028	0.1733921916878903	0.17339419168889034	0.17339619168989037	0.1733981916908904	0.3694184874871499	0.24034386379338837	0.29431783807392603	0.25677220858357025	0.18527675672773308	0.18527875672873312	0.19346715655168611	0.20754151920899946	0.40367776918557635	0.3339768846415186	0.37383948299889846	0.35585919712322894	0.26991425028610705	0.3355528520667881	0.21840137613941493	0.3399723997192615	0.2694097939662597	0.34041660948845043	0.21830464097603994	0.352603014258401	0.32427074026611835	0.3468762796198085	0.37575688159602044	0.3689232910510507	0.21512600663900625	0.21850264130142039	0.20516540799352254	0.19976243569192392	0.19976243569192392	0.19976443569292393	0.19976943569542405	0.19976943569542405	0.19976843569492403	0.19976743569442398
F8H1	0.1941763672707751	0.1941763672707751	0.19239820567898333	0.19239820567898333	0.19239520567748325	0.19239320567648321	0.1923922056759832	0.1779075267122924	0.19981413267493567	0.1660269616744497	0.16602496167344966	0.16602296167244962	0.16601996167094957	0.16601796166994953	0.2318344975550284	0.15664415707551765	0.24552324811574064	0.0	0.16169098426427675	0.17345796498604915	0.26137316740242356	0.15791805318517751	0.15791705318467747	0.1659765366599432	0.1745968091870096	0.17459980918850967	0.1746008091890097	0.17460180918950974	0.17460680919200988	0.1746078091925099	0.17460880919300992	0.1746138091955101	0.1746148091960101	0.17805907980613664	0.18008472920397584	0.1780610798071367	0.18024174798877998	0.18024174798877998	0.1780580798056366	0.17805707980513658	0.17461580919651012	0.17461280919501004	0.17461180919451003	0.17461080919400998	0.17460980919350996	0.17460580919150984	0.17460480919100982	0.17460380919050977	0.17460280919000976	0.17459880918800963	0.2004916922029536	0.1813073969309499	0.23781667121817796	0.18987008679051318	0.18126740688923396	0.17459580918650955	0.17459480918600953	0.17459380918550949	0.16597553665944317	0.16601896167044955	0.16602096167144959	0.1660219616719496	0.16602396167294964	0.16602596167394967	0.1660279616749497	0.3620482574712092	0.23297363377744768	0.28694760805798536	0.24940197856762955	0.17790652671179238	0.17790852671279242	0.18609692653574542	0.20017128919305877	0.3963075391696357	0.3266066546255779	0.36646925298295774	0.34848896710728827	0.2625440202701664	0.32818262205084736	0.21103114612347423	0.3326021697033208	0.262039563950319	0.3330463794725097	0.21093441096009924	0.3452327842424603	0.3169005102501777	0.33950604960386777	0.36838665158007977	0.36155306103511003	0.20775577662306555	0.2111324112854797	0.19779517797758184	0.19239220567598322	0.19239220567598322	0.19239420567698323	0.19239920567948335	0.19239920567948335	0.19239820567898333	0.19239720567848329
s29pp	0.0724351136262509	0.0724351136262509	0.07065695203445911	0.07065695203445911	0.07065395203295903	0.07065195203195897	0.07065095203145894	0.0561662730677681	0.07807287903041131	0.04428570802992535	0.044283708028925284	0.04428170802792522	0.044278708026425126	0.04427670802542506	0.1100932439105039	0.03490290343099316	0.16906121428021745	0.16169098426427675	0.0	0.037433847559299745	0.13963191375789902	0.03617679954065298	0.03617579954015295	0.0442352830154187	0.05285555554248508	0.05285855554398517	0.0528595555444852	0.05286055554498523	0.05286555554748538	0.0528665555479854	0.052867555548485434	0.05287255555098558	0.05287355555148561	0.05631782616161214	0.05834347555945134	0.05631982616261219	0.05850049434425549	0.05850049434425549	0.05631682616111211	0.05631582616061208	0.05287455555198564	0.05287155555048555	0.05287055554998552	0.05286955554948549	0.052868555548985466	0.052864555546985346	0.05286355554648532	0.05286255554598529	0.05286155554548526	0.052857555543485146	0.0787504385584291	0.05956614328642541	0.11607541757365347	0.06812883314598867	0.059526153244709466	0.05285455554198506	0.05285355554148503	0.052852555540985	0.04423428301491867	0.044277708025925094	0.04427970802692516	0.04428070802742519	0.04428270802842525	0.044284708029425315	0.04428670803042538	0.24030700382668488	0.11123238013292333	0.165206354413461	0.1276607249231052	0.05616527306726807	0.05616727306826813	0.06435567289122111	0.07843003554853446	0.27456628552511136	0.2048654009810536	0.24472799933843342	0.22674771346276396	0.14080276662564206	0.20644136840632304	0.08928989247894993	0.21086091605879648	0.1402983103057947	0.21130512582798539	0.08919315731557492	0.22349153059793603	0.19515925660565336	0.2177647959593435	0.24664539793555545	0.23981180739058572	0.08601452297854126	0.08939115764095538	0.07605392433305755	0.07065095203145894	0.07065095203145894	0.070652952032459	0.07065795203495914	0.07065795203495914	0.07065695203445913	0.0706559520339591
