	w11pp	s3pp	w3pp	f12ppA	w17pp	f1pp	w31pp	w9pp	f17ppA	f9pp	f20ppB	f17ppB	f19pp	S1Hp	w13pp	f12ppB	f21pp	f20ppA	f22ppB	s22pp	f22ppA	w21pp	f13pp	f14ppA	f14ppB	f23ppB	f28pp	w28pp	w4pp	f4pp	f23ppA	f18pp	f8pp	f2pp	s17pp	w1pp	s16pp	f16ppA	f25pp	f16ppB	w25pp	s25pp	w16pp	f24pp	s29pp	s24pp	w24pp	f26pp	S26Hp	w29pp	w27pp	w10pp	f10pp	w6pp	f6ppA	f6ppB	w15pp	f15pp	f32pp	f30pp	f7pp	w7pp	w23pp	f31pp	s32pp	w32pp	w12pp	S12Hp	s18pp	w18pp	S18H1	f11pp
w11pp	0.0	0.24212182161977502	0.17530379371372456	0.1457848908232141	0.2668969934144656	0.26093528689054785	0.27413845383591195	0.2600229557200332	0.2519363613733423	0.22574748849774257	0.2747574875757723	0.2550660356365899	0.23601524747306857	0.357116014100216	0.24846560362074194	0.21302369221810497	0.19430136978589935	0.36939335910981436	0.38798755385529804	0.2942109356042211	0.32581005508819677	0.21895404455097556	0.22945072138952666	0.20066447629612333	0.19273972399911404	0.239137449803551	0.3276548724148164	0.3060510221654074	0.2979912864208425	0.2320765373019203	0.27248027118279466	0.22612533636886245	0.22326537597767493	0.19240222376570681	0.3924165575461154	0.31539444769045283	0.33186129667102987	0.24608463565279082	0.2678997020393853	0.26584714369488344	0.28383253958295646	0.29451477634935963	0.2514946286667882	0.2501284666724009	0.362326793770011	0.31164236066691886	0.34545368430459145	0.3480535209318975	0.45348010421056345	0.4451193661014024	0.2564036886110865	0.2318647119037816	0.23419870034683382	0.32044173812206	0.32800710093399205	0.33531148781567277	0.2506768587730028	0.22554149773451354	0.27512722295410474	0.29516101022228397	0.4035499437746639	0.35317243716980906	0.3531588496028291	0.224263070463109	0.26535039872952837	0.24953582592724816	0.1770885766721102	0.3199922491708885	0.17422462241612768	0.17570934526762205	0.26458397622716734	0.14742704588137617
s3pp	0.24212182161977502	0.0	0.10182083388466186	0.1907991181323243	0.3119112207235758	0.30594951419965805	0.31915268114502215	0.3050371830291434	0.2969505886824525	0.2707617158068528	0.31977171488488254	0.3000802629457001	0.28102947478217877	0.4021302414093262	0.29347983092985214	0.2580379195272152	0.23931559709500955	0.41440758641892456	0.43300178116440824	0.3392251629133313	0.370824282397307	0.26396827186008576	0.2744649486986369	0.24567870360523356	0.23775395130822424	0.2841516771126612	0.3726690997239266	0.35106524947451767	0.3430055137299527	0.27709076461103055	0.31749449849190486	0.27113956367797265	0.26827960328678513	0.23741645107481704	0.4374307848552256	0.36040867499956303	0.3768755239801401	0.291098862961901	0.3129139293484955	0.31086137100399364	0.32884676689206666	0.33952900365846983	0.2965088559758984	0.2951426939815111	0.4073410210791212	0.35665658797602906	0.39046791161370165	0.3930677482410077	0.49849433151967365	0.4901335934105126	0.3014179159201967	0.2768789392128918	0.2792129276559441	0.3654559654311702	0.37302132824310225	0.38032571512478297	0.295691086082113	0.2705557250436238	0.32014145026321494	0.3401752375313942	0.4485641710837741	0.39818666447891926	0.3981730769119393	0.2692772977722192	0.31036462603863857	0.29455005323635836	0.2221028039812204	0.3650064764799987	0.21923884972523788	0.22072357257673225	0.33926675121106864	0.24718329913898546
w3pp	0.17530379371372456	0.10182083388466186	0.0	0.12398109022627388	0.24509319281752537	0.23913148629360761	0.25233465323897175	0.238219155123093	0.2301325607764021	0.20394368790080236	0.2529536869788321	0.23326223503964968	0.21421144687612834	0.3353122135032758	0.2266618030238017	0.19121989162116476	0.17249756918895912	0.3475895585128741	0.36618375325835784	0.27240713500728087	0.30400625449125657	0.19715024395403533	0.20764692079258645	0.17886067569918312	0.1709359234021738	0.21733364920661077	0.3058510718178762	0.2842472215684672	0.2761874858239023	0.2102727367049801	0.2506764705858544	0.20432153577192225	0.2014615753807347	0.1705984231687666	0.37061275694917517	0.29359064709351257	0.31005749607408967	0.2242808350558506	0.24609590144244506	0.2440433430979432	0.2620287389860162	0.2727109757524194	0.22969082806984795	0.22832466607546067	0.3405229931730708	0.28983856006997866	0.32364988370765124	0.32624972033495725	0.4316763036136232	0.42331556550446214	0.23459988801414625	0.21006091130684137	0.21239489974989362	0.2986379375251198	0.3062033003370518	0.31350768721873257	0.22887305817606254	0.20373769713757334	0.25332342235716454	0.27335720962534377	0.3817461431777237	0.33136863657286886	0.33135504900588886	0.2024592698661688	0.24354659813258817	0.22773202533030792	0.15528477607516997	0.2981884485739482	0.15242082181918745	0.15390554467068182	0.2724487233050182	0.18036527123293503
f12ppA	0.1457848908232141	0.1907991181323243	0.12398109022627388	0.0	0.17055438835996484	0.16459268183604708	0.1777958487814112	0.16368035066553246	0.15559375631884156	0.12940488344324186	0.17841488252127155	0.15872343058208915	0.1396726424185678	0.2607734090457152	0.15212299856624117	0.11668108716360424	0.09795876473139858	0.27305075405531365	0.2916449488007973	0.19786833054972036	0.22946745003369604	0.12261143949647481	0.13310811633502595	0.10432187124162261	0.09639711894461328	0.14279484474905024	0.23131226736031565	0.20970841711090668	0.20164868136634176	0.1357339322474196	0.1761376661282939	0.12978273131436174	0.12692277092317417	0.0960596187112061	0.2960739524916146	0.21905184263595207	0.23551869161652914	0.14974203059829008	0.17155709698488453	0.16950453864038267	0.1874899345284557	0.19817217129485887	0.15515202361228742	0.15378586161790014	0.2659841887155102	0.21529975561241813	0.2491110792500907	0.25171091587739675	0.3571374991560627	0.34877676104690164	0.16006108355658571	0.13552210684928084	0.13785609529233311	0.22409913306755924	0.23166449587949128	0.23896888276117204	0.154334253718502	0.12919889268001283	0.178784617899604	0.19881840516778324	0.30720733872016315	0.2568298321153083	0.2568162445483283	0.1279204654086083	0.16900779367502763	0.1531932208727474	0.08074597161760945	0.2236496441163877	0.09743542811370254	0.0989201509651969	0.24292982041450772	0.15084636834242454
w17pp	0.2668969934144656	0.3119112207235758	0.24509319281752537	0.17055438835996484	0.0	0.15148145439543248	0.1646846213407966	0.18811040964306053	0.18002381529636963	0.1538349424207699	0.24021769629467507	0.2205262443554927	0.20147545619197135	0.32257622281911874	0.21392581233964475	0.17848390093700778	0.1765442458741584	0.3516362351980734	0.37023042994355715	0.2764538116924802	0.3080529311764558	0.20119692063923464	0.21169359747778577	0.18290735238438244	0.1749826000873731	0.2213803258918101	0.3098977485030755	0.28829389825366647	0.2802341625091016	0.2143194133901794	0.2547231472710537	0.20836821245712156	0.205508252065934	0.17464509985396592	0.3746594336343745	0.2976373237787119	0.3141041727592889	0.22832751174104993	0.25014257812764434	0.2480900197831425	0.2660754156712155	0.2767576524376187	0.23373750475504726	0.23237134276065996	0.3445696698582701	0.29388523675517797	0.32769656039285056	0.33029639702015656	0.4357229802988225	0.42736224218966146	0.23864656469934553	0.2141075879920407	0.21644157643509293	0.30268461421031906	0.3102499770222511	0.3175543639039319	0.23291973486126183	0.20778437382277265	0.25737009904236385	0.277403886310543	0.385792819862923	0.33541531325806806	0.33540172569108817	0.2065059465513681	0.26441122622464774	0.24859665342236753	0.1761494041672296	0.31905307666600785	0.21854753070495403	0.2200322535564484	0.3640419230057592	0.27195847093367603
f1pp	0.26093528689054785	0.30594951419965805	0.23913148629360761	0.16459268183604708	0.15148145439543248	0.0	0.14248639282364003	0.18214870311914277	0.1740621087724519	0.14787323589685217	0.23425598977075734	0.21456453783157498	0.19551374966805363	0.316614516295201	0.207964105815727	0.17252219441309005	0.17058253935024065	0.3456745286741557	0.36426872341963934	0.2704921051685624	0.3020912246525381	0.19523521411531689	0.205731890953868	0.17694564586046468	0.16902089356345534	0.21541861936789233	0.3039360419791577	0.28233219172974877	0.2742724559851838	0.20835770686626165	0.24876144074713596	0.2024065059332038	0.19954654554201626	0.16868339333004817	0.3686977271104567	0.29167561725479413	0.3081424662353712	0.22236580521713217	0.2441808716037266	0.24212831325922474	0.26011370914729776	0.27079594591370093	0.2277757982311295	0.2264096362367422	0.3386079633343523	0.28792353023126016	0.32173485386893275	0.3243346904962388	0.4297612737749048	0.42140053566574376	0.23268485817542778	0.20814588146812293	0.21047986991117518	0.2967229076864013	0.30428827049833335	0.31159265738001407	0.22695802833734408	0.2018226672988549	0.25140839251844604	0.2714421797866253	0.3798311133390052	0.32945360673415036	0.32944001916717036	0.20054424002745036	0.25844951970073005	0.24263494689844978	0.17018769764331185	0.3130913701420901	0.21258582418103628	0.21407054703253064	0.35808021648184146	0.2659967644097583
w31pp	0.27413845383591195	0.31915268114502215	0.25233465323897175	0.1777958487814112	0.1646846213407966	0.14248639282364003	0.0	0.19535187006450688	0.187265275717816	0.16107640284221628	0.24745915671612145	0.22776770477693908	0.20871691661341774	0.3298176832405651	0.2211672727610911	0.18572536135845416	0.18378570629560476	0.35887769561951977	0.3774718903650035	0.28369527211392653	0.3152943915979022	0.208438381060681	0.21893505789923212	0.1901488128058288	0.18222406050881945	0.22862178631325644	0.31713920892452185	0.2955353586751128	0.28747562293054796	0.22156087381162576	0.2619646076925001	0.21560967287856792	0.21274971248738037	0.18188656027541228	0.38190089405582084	0.30487878420015824	0.3213456331807353	0.23556897216249628	0.2573840385490907	0.25533148020458885	0.27331687609266186	0.28399911285906504	0.24097896517649361	0.23961280318210632	0.35181113027971644	0.3011266971766243	0.3349380208142969	0.3375378574416029	0.44296444072026886	0.4346037026111078	0.2458880251207919	0.22134904841348704	0.22368303685653929	0.3099260746317654	0.31749143744369746	0.32479582432537824	0.24016119528270818	0.215025834244219	0.2646115594638102	0.2846453467319894	0.3930342802843694	0.3426567736795144	0.3426431861125345	0.21374740697281447	0.2716526866460941	0.2558381138438139	0.18339086458867596	0.3262945370874542	0.22578899112640038	0.22727371397789475	0.37128338342720557	0.2791999313551224
w9pp	0.2600229557200332	0.3050371830291434	0.238219155123093	0.16368035066553246	0.18811040964306053	0.18214870311914277	0.19535187006450688	0.0	0.15133277304156267	0.12514390016596294	0.2333436586002427	0.21365220666106033	0.19460141849753898	0.3157021851246864	0.20705177464521238	0.17160986324257543	0.16967020817972603	0.34476219750364107	0.36335639224912475	0.2695797739980478	0.3011788934820235	0.19432288294480227	0.2048195597833534	0.17603331468995007	0.16810856239294075	0.21450628819737771	0.3030237108086431	0.2814198605592341	0.2733601248146692	0.20744537569574703	0.24784910957662135	0.2014941747626892	0.19863421437150164	0.16777106215953355	0.3677853959399421	0.2907632860842795	0.3072301350648566	0.22145347404661753	0.24326854043321197	0.24121598208871015	0.2592013779767831	0.26988361474318634	0.2268634670606149	0.22549730506622762	0.3376956321638377	0.28701119906074557	0.32082252269841816	0.32342235932572416	0.42884894260439016	0.4204882044952291	0.2317725270049132	0.20723355029760832	0.20956753874066056	0.2958105765158867	0.3033759393278187	0.3106803262094995	0.22604569716682948	0.20091033612834028	0.25049606134793145	0.2705298486161107	0.3789187821684906	0.3285412755636357	0.32852768799665577	0.19963190885693574	0.2575371885302154	0.24172261572793516	0.16927536647279723	0.3121790389715755	0.21167349301052166	0.21315821586201603	0.3571678853113268	0.26508443323924363
f17ppA	0.2519363613733423	0.2969505886824525	0.2301325607764021	0.15559375631884156	0.18002381529636963	0.1740621087724519	0.187265275717816	0.15133277304156267	0.0	0.09574778128017276	0.22525706425355185	0.20556561231436948	0.18651482415084814	0.3076155907779955	0.1989651802985215	0.16352326889588456	0.16158361383303516	0.3366756031569502	0.35526979790243385	0.26149317965135693	0.29309229913533263	0.1862362885981114	0.19673296543666252	0.1679467203432592	0.16002196804624985	0.20641969385068684	0.2949371164619522	0.2733332662125433	0.2652735304679783	0.19935878134905616	0.23976251522993047	0.19340758041599831	0.19054762002481077	0.15968446781284268	0.3596988015932512	0.28267669173758864	0.29914354071816573	0.21336687969992668	0.2351819460865211	0.23312938774201925	0.25111478363009226	0.26179702039649544	0.21877687271392401	0.21741071071953672	0.3296090378171468	0.27892460471405467	0.31273592835172725	0.3153357649790333	0.4207623482576993	0.41240161014853827	0.2236859326582223	0.19914695595091744	0.20148094439396969	0.2877239821691958	0.29528934498112785	0.3025937318628086	0.21795910282013858	0.1928237417816494	0.24240946700124058	0.26244325426941983	0.3708321878217997	0.32045468121694487	0.32044109364996487	0.19154531451024487	0.2494505941835245	0.23363602138124429	0.16118877212610633	0.3040924446248846	0.20358689866383076	0.20507162151532513	0.3490812909646359	0.25699783889255273
f9pp	0.22574748849774257	0.2707617158068528	0.20394368790080236	0.12940488344324186	0.1538349424207699	0.14787323589685217	0.16107640284221628	0.12514390016596294	0.09574778128017276	0.0	0.19906819137795212	0.17937673943876975	0.1603259512752484	0.28142671790239576	0.17277630742292177	0.13733439602028483	0.13539474095743542	0.31048673028135043	0.32908092502683417	0.2353043067757572	0.26690342625973285	0.16004741572251166	0.1705440925610628	0.14175784746765946	0.13383309517065012	0.1802308209750871	0.2687482435863525	0.24714439333694352	0.2390846575923786	0.17316990847345642	0.21357364235433074	0.16721870754039858	0.16435874714921103	0.13349559493724295	0.3335099287176515	0.2564878188619889	0.27295466784256595	0.18717800682432695	0.20899307321092137	0.2069405148664195	0.22492591075449253	0.2356081475208957	0.19258799983832428	0.19122183784393698	0.3034201649415471	0.252735731838455	0.2865470554761276	0.2891468921034336	0.3945734753820995	0.3862127372729385	0.19749705978262255	0.1729580830753177	0.17529207151836995	0.2615351092935961	0.2691004721055281	0.2764048589872089	0.19177022994453885	0.16663486890604967	0.21622059412564085	0.23625438139382007	0.34464331494620004	0.2942658083413451	0.2942522207743652	0.16535644163464513	0.22326172130792477	0.20744714850564455	0.1349998992505066	0.2779035717492849	0.17739802578823102	0.1788827486397254	0.3228924180890362	0.230808966016953
f20ppB	0.2747574875757723	0.31977171488488254	0.2529536869788321	0.17841488252127155	0.24021769629467507	0.23425598977075734	0.24745915671612145	0.2333436586002427	0.22525706425355185	0.19906819137795212	0.0	0.1664786607529387	0.1474278725894174	0.306212975230992	0.19756256475151796	0.162120653348881	0.18440474003546511	0.35949672935938015	0.37809092410486383	0.2843143058537869	0.31591342533776257	0.20905741480054135	0.21955409163909248	0.19076784654568915	0.18284309424867984	0.2292408200531168	0.3177582426643822	0.2961543924149732	0.2880946566704083	0.22217990755148612	0.26258364143236046	0.21622870661842827	0.21336874622724072	0.18250559401527264	0.38251992779568117	0.3054978179400186	0.32196466692059567	0.2361880059023566	0.25800307228895103	0.25595051394444923	0.27393590983252225	0.28461814659892537	0.24159799891635397	0.2402318369219667	0.3524301640195768	0.30174573091648466	0.33555705455415724	0.3381568911814633	0.44358347446012925	0.4352227363509682	0.24650705886065227	0.2219680821533474	0.22430207059639964	0.31054510837162574	0.31811047118355784	0.32541485806523857	0.24078022902256857	0.21564486798407936	0.26523059320367054	0.28526438047184977	0.3936533140242297	0.3432758074193748	0.34326221985239486	0.21436644071267483	0.2722717203859545	0.2564571475836742	0.18400989832853631	0.32691357082731454	0.22640802486626074	0.2278927477177551	0.3719024171670659	0.2798189650949827
f17ppB	0.2550660356365899	0.3000802629457001	0.23326223503964968	0.15872343058208915	0.2205262443554927	0.21456453783157498	0.22776770477693908	0.21365220666106033	0.20556561231436948	0.17937673943876975	0.1664786607529387	0.0	0.11041434048392336	0.2865215232918096	0.17787111281233559	0.14242920140969864	0.16471328809628275	0.3398052774201978	0.35839947216568147	0.2646228539146045	0.2962219733985802	0.18936596286135898	0.1998626396999101	0.17107639460650678	0.16315164230949747	0.20954936811393443	0.2980667907251998	0.27646294047579084	0.2684032047312259	0.20248845561230375	0.24289218949317806	0.1965372546792459	0.19367729428805835	0.16281414207609027	0.3628284758564988	0.2858063660008362	0.3022732149814133	0.21649655396317424	0.2383116203497687	0.23625906200526686	0.2542444578933398	0.26492669465974306	0.2219065469771716	0.22054038498278433	0.3327387120803944	0.2820542789773023	0.31586560261497487	0.3184654392422809	0.4238920225209469	0.41553128441178583	0.2268156069214699	0.20227663021416503	0.20461061865721727	0.29085365643244343	0.2984190192443754	0.3057234061260562	0.2210887770833862	0.195953416044897	0.24553914126448817	0.2655729285326674	0.37396186208504734	0.32358435548019243	0.3235707679132125	0.19467498877349246	0.2525802684467721	0.23676569564449185	0.16431844638935392	0.30722211888813217	0.20671657292707835	0.20820129577857271	0.35221096522788353	0.26012751315580035
f19pp	0.23601524747306857	0.28102947478217877	0.21421144687612834	0.1396726424185678	0.20147545619197135	0.19551374966805363	0.20871691661341774	0.19460141849753898	0.18651482415084814	0.1603259512752484	0.1474278725894174	0.11041434048392336	0.0	0.26747073512828823	0.15882032464881424	0.1233784132461773	0.1456624999327614	0.32075448925667643	0.3393486840021601	0.24557206575108317	0.27717118523505885	0.17031517469783763	0.18081185153638876	0.15202560644298543	0.14410085414597612	0.19049857995041308	0.27901600256167847	0.2574121523122695	0.24935241656770457	0.1834376674487824	0.22384140132965671	0.17748646651572456	0.174626506124537	0.14376335391256892	0.34377768769297745	0.26675557783731485	0.28322242681789195	0.1974457657996529	0.21926083218624734	0.21720827384174551	0.2351936697298185	0.24587590649622168	0.20285575881365026	0.20148959681926298	0.31368792391687306	0.26300349081378094	0.2968148144514535	0.29941465107875953	0.40484123435742553	0.3964804962482645	0.20776481875794856	0.18322584205064368	0.18555983049369593	0.2718028682689221	0.27936823108085407	0.28667261796253485	0.20203798891986485	0.17690262788137565	0.22648835310096682	0.24652214036914605	0.354911073921526	0.3045335673166711	0.30451997974969114	0.1756242006099711	0.23352948028325077	0.2177149074809705	0.14526765822583257	0.2881713307246108	0.187665784763557	0.18915050761505137	0.3331601770643622	0.241076724992279
S1Hp	0.357116014100216	0.4021302414093262	0.3353122135032758	0.2607734090457152	0.32257622281911874	0.316614516295201	0.3298176832405651	0.3157021851246864	0.3076155907779955	0.28142671790239576	0.306212975230992	0.2865215232918096	0.26747073512828823	0.0	0.20363813880584414	0.23028280228548859	0.2667632665599088	0.4418552558838238	0.46044945062930753	0.36667283237823056	0.3982719518622062	0.29141594132498505	0.30191261816353615	0.2731263730701328	0.2652016207731235	0.3115993465775605	0.4001167691888259	0.37851291893941685	0.370453183194852	0.3045384340759298	0.3449421679568041	0.29858723314287194	0.2957272727516844	0.2648641205397163	0.46487845432012487	0.38785634446446227	0.4043231934450393	0.3185465324268003	0.34036159881339473	0.3383090404688929	0.3562944363569659	0.36697667312336907	0.32395652544079767	0.32259036344641034	0.4347886905440205	0.38410425744092835	0.41791558107860094	0.42051541770590695	0.5259420009845729	0.5175812628754118	0.3288655853850959	0.30432660867779104	0.3066605971208433	0.39290363489606944	0.4004689977080015	0.40777338458968226	0.3231387555470122	0.29800339450852303	0.34758911972811424	0.3676229069962934	0.4760118405486734	0.42563433394381844	0.42562074637683855	0.2967249672371185	0.35463024691039813	0.3388156741081179	0.26636842485297996	0.40927209735175824	0.3087665513907044	0.3102512742421988	0.4542609436915096	0.3621774916194264
w13pp	0.24846560362074194	0.29347983092985214	0.2266618030238017	0.15212299856624117	0.21392581233964475	0.207964105815727	0.2211672727610911	0.20705177464521238	0.1989651802985215	0.17277630742292177	0.19756256475151796	0.17787111281233559	0.15882032464881424	0.20363813880584414	0.0	0.12163239180601461	0.15811285608043477	0.3332048454043498	0.3517990401498335	0.25802242189875657	0.2896215413827322	0.182765530845511	0.19326220768406213	0.1644759625906588	0.1565512102936495	0.20294893609808645	0.29146635870935184	0.26986250845994286	0.26180277271537794	0.19588802359645577	0.23629175747733008	0.18993682266339793	0.18707686227221038	0.1562137100602423	0.3562280438406508	0.2792059339849883	0.2956727829655653	0.20989612194732626	0.2317111883339207	0.22965862998941888	0.24764402587749187	0.258326262643895	0.21530611496132362	0.21393995296693635	0.3261382800645464	0.2754538469614543	0.3092651705991269	0.31186500722643296	0.4172915905050989	0.40893085239593785	0.22021517490562192	0.19567619819831705	0.1980101866413693	0.2842532244165954	0.2918185872285275	0.2991229741102082	0.21448834506753822	0.18935298402904902	0.2389387092486402	0.2589724965168194	0.36736143006919936	0.31698392346434445	0.3169703358973645	0.18807455675764448	0.24597983643092414	0.23016526362864387	0.15771801437350594	0.3006216868722842	0.20011614091123037	0.20160086376272474	0.34561053321203555	0.25352708113995237
f12ppB	0.21302369221810497	0.2580379195272152	0.19121989162116476	0.11668108716360424	0.17848390093700778	0.17252219441309005	0.18572536135845416	0.17160986324257543	0.16352326889588456	0.13733439602028483	0.162120653348881	0.14242920140969864	0.1233784132461773	0.23028280228548859	0.12163239180601461	0.0	0.12267094467779782	0.29776293400171283	0.31635712874719657	0.2225805104961196	0.25417962998009525	0.14732361944287406	0.1578202962814252	0.12903405118802186	0.12110929889101253	0.1675070246954495	0.2560244473067149	0.23442059705730592	0.226360861312741	0.16044611219381882	0.20084984607469314	0.15449491126076098	0.15163495086957343	0.12077179865760534	0.3207861324380139	0.2437640225823513	0.26023087156292835	0.17445421054468935	0.19626927693128376	0.1942167185867819	0.21220211447485493	0.2228843512412581	0.17986420355868668	0.17849804156429938	0.2906963686619095	0.24001193555881736	0.27382325919649	0.276423095823796	0.3818496791024619	0.3734889409933009	0.18477326350298495	0.1602342867956801	0.16256827523873235	0.24881131301395848	0.2563766758258905	0.2636810627075713	0.17904643366490125	0.15391107262641207	0.20349679784600325	0.22353058511418247	0.33191951866656244	0.2815420120617075	0.2815284244947276	0.15263264535500753	0.21053792502828717	0.19472335222600695	0.122276102970869	0.26517977546964727	0.16467422950859342	0.1661589523600878	0.3101686218093986	0.2180851697373154
f21pp	0.19430136978589935	0.23931559709500955	0.17249756918895912	0.09795876473139858	0.1765442458741584	0.17058253935024065	0.18378570629560476	0.16967020817972603	0.16158361383303516	0.13539474095743542	0.18440474003546511	0.16471328809628275	0.1456624999327614	0.2667632665599088	0.15811285608043477	0.12267094467779782	0.0	0.21916201164967666	0.23775620639516035	0.14397958814408338	0.17557870762805908	0.06872269709083785	0.07921937392938898	0.07195235938416016	0.06402760708715083	0.11042533289158782	0.21164274161108967	0.1900388913616807	0.18197915561711578	0.1160644064981936	0.15646814037906795	0.11011320556513576	0.10725324517394821	0.07639009296198013	0.2764044267423887	0.19938231688672609	0.21584916586730316	0.13007250484906413	0.15188757123565857	0.14983501289115672	0.1678204087792297	0.1785026455456329	0.13548249786306146	0.1341163358686742	0.24631466296628426	0.19563022986319215	0.22944155350086473	0.23204139012817077	0.33746797340683676	0.3291072352976757	0.14039155780735976	0.11585258110005489	0.11818656954310713	0.20442960731833326	0.2119949701302653	0.21929935701194606	0.13466472796927606	0.10952936693078685	0.15911509215037803	0.17914887941855726	0.2982106535405463	0.24783314693569142	0.24781955936871147	0.11892378022899143	0.19181560259608152	0.17600102979380128	0.10355378053866335	0.2464574530374416	0.14595190707638778	0.14743662992788215	0.29144629937719296	0.19936284730510978
f20ppA	0.36939335910981436	0.41440758641892456	0.3475895585128741	0.27305075405531365	0.3516362351980734	0.3456745286741557	0.35887769561951977	0.34476219750364107	0.3366756031569502	0.31048673028135043	0.35949672935938015	0.3398052774201978	0.32075448925667643	0.4418552558838238	0.3332048454043498	0.29776293400171283	0.21916201164967666	0.0	0.3547903185008914	0.2610137002498144	0.2926128197337901	0.20515189623797836	0.24060633382118576	0.24704434870807518	0.23911959641106587	0.28551732221550286	0.3867347309350047	0.36513088068559574	0.3570711449410308	0.2911563958221086	0.331560129702983	0.28520519488905083	0.28234523449786325	0.2514820822858952	0.45149641606630375	0.37447430621064115	0.3909411551912182	0.30516449417297914	0.3269795605595736	0.32492700221507176	0.3429123981031448	0.3535946348695479	0.3105744871869765	0.30920832519258923	0.4214066522901993	0.3707222191871072	0.40453354282477977	0.40713337945208583	0.5125599627307518	0.5041992246215907	0.3154835471312748	0.29094457042396993	0.29327855886702214	0.37952159664224827	0.38708695945418037	0.3943913463358611	0.3097567172931911	0.28462135625470186	0.33420708147429307	0.3542408687424723	0.47330264286446133	0.4229251362596064	0.4229115486926265	0.2940157695529064	0.36690759191999656	0.3510930191177163	0.2786457698625784	0.4215494423613566	0.3210438964003028	0.32252861925179716	0.466538288701108	0.3744548366290248
f22ppB	0.38798755385529804	0.43300178116440824	0.36618375325835784	0.2916449488007973	0.37023042994355715	0.36426872341963934	0.3774718903650035	0.36335639224912475	0.35526979790243385	0.32908092502683417	0.37809092410486383	0.35839947216568147	0.3393486840021601	0.46044945062930753	0.3517990401498335	0.31635712874719657	0.23775620639516035	0.3547903185008914	0.0	0.20861583914093676	0.24021495862491243	0.22374609098346204	0.2592005285666695	0.26563854345355886	0.2577137911565496	0.30411151696098654	0.4053289256804884	0.3837250754310794	0.3756653396865145	0.30975059056759235	0.35015432444846667	0.30379938963453446	0.30093942924334693	0.2700762770313788	0.4700906108117874	0.3930685009561248	0.4095353499367019	0.3237586889184628	0.3455737553050573	0.34352119696055544	0.3615065928486284	0.37218882961503164	0.3291686819324602	0.3278025199380729	0.440000847035683	0.38931641393259087	0.42312773757026345	0.42572757419756946	0.5311541574762355	0.5227934193670745	0.3340777418767585	0.3095387651694536	0.3118727536125059	0.398115791387732	0.405681154199664	0.4129855410813448	0.3283509120386748	0.3032155510001856	0.35280127621977675	0.372835063487956	0.49189683760994507	0.4415193310050901	0.44150574343811017	0.31260996429839016	0.3855017866654802	0.36968721386319997	0.297239964608062	0.4401436371068403	0.33963809114578647	0.34112281399728084	0.48513248344659166	0.3930490313745085
s22pp	0.2942109356042211	0.3392251629133313	0.27240713500728087	0.19786833054972036	0.2764538116924802	0.2704921051685624	0.28369527211392653	0.2695797739980478	0.26149317965135693	0.2353043067757572	0.2843143058537869	0.2646228539146045	0.24557206575108317	0.36667283237823056	0.25802242189875657	0.2225805104961196	0.14397958814408338	0.2610137002498144	0.20861583914093676	0.0	0.1371277586779684	0.1299694727323851	0.1654239103155925	0.17186192520248195	0.1639371729054726	0.2103348987099096	0.3115523074294114	0.2899484571800025	0.28188872143543753	0.21597397231651538	0.2563777061973897	0.21002277138345754	0.20716281099227	0.1762996587803019	0.37631399256071046	0.29929188270504786	0.31575873168562496	0.2299820706673859	0.2517971370539803	0.24974457870947847	0.2677299745975515	0.27841221136395466	0.23539206368138324	0.23402590168699594	0.346224228784606	0.2955397956815139	0.3293511193191865	0.33195095594649254	0.43737753922515854	0.4290168011159975	0.2403011236256815	0.21576214691837667	0.2180961353614289	0.30433917313665504	0.3119045359485871	0.3192089228302678	0.2345742937875978	0.20943893274910863	0.2590246579686998	0.27905844523687906	0.3981202193588681	0.34774271275401314	0.34772912518703325	0.2188333460473132	0.2917251684144033	0.27591059561212306	0.20346334635698513	0.3463670188557634	0.24586147289470955	0.24734619574620392	0.39135586519551474	0.29927241312343156
f22ppA	0.32581005508819677	0.370824282397307	0.30400625449125657	0.22946745003369604	0.3080529311764558	0.3020912246525381	0.3152943915979022	0.3011788934820235	0.29309229913533263	0.26690342625973285	0.31591342533776257	0.2962219733985802	0.27717118523505885	0.3982719518622062	0.2896215413827322	0.25417962998009525	0.17557870762805908	0.2926128197337901	0.24021495862491243	0.1371277586779684	0.0	0.16156859221636077	0.19702302979956818	0.2034610446864576	0.19553629238944828	0.24193401819388527	0.3431514269133871	0.32154757666397815	0.31348784091941323	0.24757309180049106	0.2879768256813654	0.24162189086743321	0.23876193047624567	0.20789877826427758	0.40791311204468617	0.33089100218902356	0.3473578511696006	0.26158119015136155	0.283396256537956	0.2813436981934542	0.2993290940815272	0.3100113308479303	0.2669911831653589	0.26562502117097164	0.3778233482685817	0.3271389151654896	0.3609502388031622	0.36355007543046824	0.4689766587091342	0.46061592059997314	0.2719002431096572	0.24736126640235234	0.24969525484540459	0.3359382926206307	0.3435036554325628	0.3508080423142435	0.2661734132715735	0.2410380522330843	0.2906237774526755	0.3106575647208547	0.42971933884284375	0.37934183223798884	0.3793282446710089	0.25043246553128884	0.32332428789837897	0.3075097150960987	0.2350624658409608	0.377966138339739	0.27746059237868526	0.2789453152301796	0.4229549846794904	0.3308715326074072
w21pp	0.21895404455097556	0.26396827186008576	0.19715024395403533	0.12261143949647481	0.20119692063923464	0.19523521411531689	0.208438381060681	0.19432288294480227	0.1862362885981114	0.16004741572251166	0.20905741480054135	0.18936596286135898	0.17031517469783763	0.29141594132498505	0.182765530845511	0.14732361944287406	0.06872269709083785	0.20515189623797836	0.22374609098346204	0.1299694727323851	0.16156859221636077	0.0	0.09016701926234698	0.0966050341492364	0.08868028185222707	0.13507800765666406	0.2362954163761659	0.21469156612675694	0.20663183038219202	0.14071708126326984	0.1811208151441442	0.134765880330212	0.13190591993902445	0.10104276772705637	0.3010571015074649	0.22403499165180232	0.2405018406323794	0.15472517961414034	0.1765402460007348	0.17448768765623296	0.19247308354430595	0.20315532031070913	0.1601351726281377	0.15876901063375043	0.2709673377313605	0.22028290462826838	0.25409422826594097	0.256694064893247	0.362120648171913	0.3537599100627519	0.165044232572436	0.14050525586513113	0.14283924430818337	0.2290822820834095	0.23664764489534154	0.2439520317770223	0.1593174027343523	0.1341820416958631	0.18376776691545427	0.2038015541836335	0.3228633283056226	0.2724858217007676	0.2724722341337877	0.14357645499406765	0.21646827736115776	0.2006537045588775	0.12820645530373956	0.2711101278025178	0.170604581841464	0.17208930469295836	0.3160989741422692	0.224015522070186
f13pp	0.22945072138952666	0.2744649486986369	0.20764692079258645	0.13310811633502595	0.21169359747778577	0.205731890953868	0.21893505789923212	0.2048195597833534	0.19673296543666252	0.1705440925610628	0.21955409163909248	0.1998626396999101	0.18081185153638876	0.30191261816353615	0.19326220768406213	0.1578202962814252	0.07921937392938898	0.24060633382118576	0.2592005285666695	0.1654239103155925	0.19702302979956818	0.09016701926234698	0.0	0.10710171098778752	0.0991769586907782	0.14557468449521518	0.24679209321471704	0.22518824296530807	0.21712850722074314	0.15121375810182097	0.1916174919826953	0.14526255716876313	0.14240259677757558	0.11153944456560749	0.31155377834601605	0.23453166849035345	0.2509985174709305	0.1652218564526915	0.1870369228392859	0.18498436449478406	0.20296976038285708	0.21365199714926025	0.17063184946668883	0.16926568747230153	0.28146401456991166	0.2307795814668195	0.2645909051044921	0.26719074173179813	0.3726173250104641	0.364256586901303	0.1755409094109871	0.15100193270368226	0.1533359211467345	0.23957895892196063	0.24714432173389267	0.25444870861557345	0.1698140795729034	0.14467871853441422	0.19426444375400537	0.21429823102218462	0.3333600051441737	0.2829824985393188	0.2829689109723388	0.15407313183261878	0.22696495419970886	0.21115038139742864	0.13870313214229069	0.28160680464106896	0.18110125868001511	0.18258598153150948	0.3265956509808203	0.2345121989087371
f14ppA	0.20066447629612333	0.24567870360523356	0.17886067569918312	0.10432187124162261	0.18290735238438244	0.17694564586046468	0.1901488128058288	0.17603331468995007	0.1679467203432592	0.14175784746765946	0.19076784654568915	0.17107639460650678	0.15202560644298543	0.2731263730701328	0.1644759625906588	0.12903405118802186	0.07195235938416016	0.24704434870807518	0.26563854345355886	0.17186192520248195	0.2034610446864576	0.0966050341492364	0.10710171098778752	0.0	0.028118583483862966	0.07451630928829994	0.2180058481213137	0.19640199787190474	0.18834226212733982	0.12242751300841764	0.16283124688929196	0.1164763120753598	0.11361635168417225	0.08275319947220416	0.2827675332526127	0.20574542339695012	0.2222122723775272	0.13643561135928814	0.15825067774588258	0.15619811940138073	0.17418351528945375	0.18486575205585692	0.1418456043732855	0.1404794423788982	0.2526777694765083	0.20199333637341618	0.23580466001108877	0.2384044966383948	0.34383107991706074	0.3354703418078997	0.14675466431758377	0.12221568761027893	0.12454967605333117	0.2107927138285573	0.21835807664048934	0.2256624635221701	0.14102783447950007	0.11589247344101089	0.16547819866060204	0.1855119859287813	0.30457376005077036	0.25419625344591545	0.25418266587893545	0.12528688673921545	0.19817870910630553	0.18236413630402531	0.10991688704888736	0.25282055954766564	0.15231501358661179	0.15379973643810615	0.29780940588741694	0.2057259538153338
f14ppB	0.19273972399911404	0.23775395130822424	0.1709359234021738	0.09639711894461328	0.1749826000873731	0.16902089356345534	0.18222406050881945	0.16810856239294075	0.16002196804624985	0.13383309517065012	0.18284309424867984	0.16315164230949747	0.14410085414597612	0.2652016207731235	0.1565512102936495	0.12110929889101253	0.06402760708715083	0.23911959641106587	0.2577137911565496	0.1639371729054726	0.19553629238944828	0.08868028185222707	0.0991769586907782	0.028118583483862966	0.0	0.0539265199822218	0.2100810958243044	0.18847724557489542	0.1804175098303305	0.11450276071140832	0.15490649459228265	0.10855155977835047	0.10569159938716292	0.07482844717519484	0.2748427809556034	0.19782067109994078	0.21428752008051788	0.12851085906227883	0.15032592544887327	0.14827336710437142	0.1662587629924444	0.17694099975884758	0.1339208520762762	0.1325546900818889	0.244753017179499	0.19406858407640687	0.22787990771407945	0.23047974434138546	0.33590632762005146	0.3275455895108904	0.13882991202057446	0.1142909353132696	0.11662492375632184	0.20286796153154796	0.21043332434348	0.21773771122516078	0.13310308218249076	0.10796772114400156	0.15755344636359273	0.17758723363177198	0.296649007753761	0.2462715011489061	0.24625791358192617	0.11736213444220614	0.19025395680929622	0.17443938400701597	0.10199213475187804	0.2448958072506563	0.14439026128960247	0.14587498414109684	0.28988465359040766	0.19780120151832448
f23ppB	0.239137449803551	0.2841516771126612	0.21733364920661077	0.14279484474905024	0.2213803258918101	0.21541861936789233	0.22862178631325644	0.21450628819737771	0.20641969385068684	0.1802308209750871	0.2292408200531168	0.20954936811393443	0.19049857995041308	0.3115993465775605	0.20294893609808645	0.1675070246954495	0.11042533289158782	0.28551732221550286	0.30411151696098654	0.2103348987099096	0.24193401819388527	0.13507800765666406	0.14557468449521518	0.07451630928829994	0.0539265199822218	0.0	0.25647882162874136	0.2348749713793324	0.22681523563476746	0.1609004865158453	0.20130422039671964	0.15494928558278745	0.1520893251915999	0.12122617297963181	0.32124050676004035	0.24421839690437777	0.26068524588495484	0.1749085848667158	0.19672365125331026	0.1946710929088084	0.2126564887968814	0.22333872556328457	0.18031857788071315	0.17895241588632588	0.29115074298393595	0.24046630988084383	0.2742776335185164	0.2768774701458224	0.3823040534244884	0.3739433153153274	0.18522763782501145	0.16068866111770658	0.16302264956075882	0.24926568733598495	0.25683105014791696	0.26413543702959774	0.17950080798692775	0.15436544694843854	0.20395117216802972	0.22398495943620894	0.34304673355819804	0.2926692269533431	0.29265563938636313	0.1637598602466431	0.2366516826137332	0.22083710981145294	0.148389860556315	0.29129353305509326	0.19078798709403944	0.1922727099455338	0.3362823793948446	0.24419892732276144
f28pp	0.3276548724148164	0.3726690997239266	0.3058510718178762	0.23131226736031565	0.3098977485030755	0.3039360419791577	0.31713920892452185	0.3030237108086431	0.2949371164619522	0.2687482435863525	0.3177582426643822	0.2980667907251998	0.27901600256167847	0.4001167691888259	0.29146635870935184	0.2560244473067149	0.21164274161108967	0.3867347309350047	0.4053289256804884	0.3115523074294114	0.3431514269133871	0.2362954163761659	0.24679209321471704	0.2180058481213137	0.2100810958243044	0.25647882162874136	0.0	0.16032945776062998	0.28460844760118376	0.21869369848226158	0.2590974323631359	0.21274249754920374	0.2098825371580162	0.19967282992338062	0.3996871637037892	0.3226650538481266	0.33913190282870365	0.25335524181046465	0.27517030819705907	0.2731177498525572	0.29110314574063023	0.30178538250703335	0.25876523482446195	0.2573990728300747	0.36959739992768476	0.31891296682459264	0.3527242904622652	0.3553241270895713	0.4607507103682372	0.4523899722590762	0.26367429476876025	0.23913531806145538	0.24146930650450765	0.3277123442797337	0.3352777070916658	0.34258209397334655	0.25794746493067655	0.23281210389218737	0.2823978291117785	0.30243161637995775	0.4315641561694634	0.38118664956460846	0.3811730619976285	0.2522772828579085	0.3251691052249986	0.3093545324227184	0.23690728316758042	0.3798109556663587	0.2793054097053048	0.2807901325567992	0.42479980200611	0.3327163499340268
w28pp	0.3060510221654074	0.35106524947451767	0.2842472215684672	0.20970841711090668	0.28829389825366647	0.28233219172974877	0.2955353586751128	0.2814198605592341	0.2733332662125433	0.24714439333694352	0.2961543924149732	0.27646294047579084	0.2574121523122695	0.37851291893941685	0.26986250845994286	0.23442059705730592	0.1900388913616807	0.36513088068559574	0.3837250754310794	0.2899484571800025	0.32154757666397815	0.21469156612675694	0.22518824296530807	0.19640199787190474	0.18847724557489542	0.2348749713793324	0.16032945776062998	0.0	0.2630045973517748	0.1970898482328526	0.23749358211372695	0.19113864729979477	0.18827868690860722	0.17806897967397164	0.3780833134543802	0.3010612035987176	0.3175280525792947	0.23175139156105565	0.2535664579476501	0.25151389960314824	0.26949929549122126	0.28018153225762443	0.23716138457505298	0.2357952225806657	0.3479935496782758	0.29730911657518366	0.33112044021285625	0.33372027684016226	0.4391468601188283	0.43078612200966726	0.24207044451935128	0.2175314678120464	0.21986545625509868	0.3061084940303248	0.3136738568422568	0.3209782437239376	0.23634361468126758	0.2112082536427784	0.26079397886236955	0.2808277661305488	0.4099603059200544	0.3595827993151995	0.35956921174821954	0.2306734326084995	0.3035652549755896	0.28775068217330935	0.21530343291817144	0.35820710541694967	0.2577015594558959	0.25918628230739027	0.40319595175670103	0.31111249968461785
