	f14ppB	w9pp	w31pp	w20pp	f19pp	w15pp	w17pp	f7pp	w24pp	f24pp	f23ppA	w23pp	w3pp	w6pp	f17ppA	f22ppA	w22pp	f12ppB	w26pp	w13pp	f9pp	f16ppA	f31pp	F32H1	S6Hp	S18H1	S19H1	S2Hp	S29H1	S23Hp	S28Hp	F16H1	S20H1	S16H2	S13Hp	S21H1	S1Hp	F22HpB	S9H1	S22Hp	S14Hp	S4Hp	S25Hp	F23HpA	F3H1	S3Hp	S31Hp	S11Hp	F8H1	s24H1	S8Hp	530444	530315	F14H1A	F14H1B	F6H1	F7H1	S15Hp	S26Hp	S10H1	S17H1	F29H1	w32pp	w7pp	w4pp	f18pp	w14pp	w16pp	w19pp	f11pp	f6ppA	w28pp	f22ppB	f23ppB	w10pp	w27pp	f16ppB	f13pp	f8pp	w11pp	f30pp	f1pp	f28pp	S12Hp	f3pp	f12ppA	w2pp	w1pp	f29pp	w21pp	f21pp	f20ppB	w25pp	f20ppA	w29pp	w12pp	f2pp	f15pp	w8pp	f32pp	f4pp	f17ppB	w18pp	f26pp	f10pp	f14ppA	f6ppB	f25pp
f14ppB	0.0	0.003950038545444315	0.004340146965418384	0.005088257479873843	0.005228132683408818	0.0035489475016005695	0.00354794750110054	0.004761628229522377	0.001904869589322517	0.002785478863628973	0.005059108667952178	0.006680229452539819	0.012894964505106615	0.012843140438131749	0.016195437273598658	0.010188315319746056	0.008875376306194095	0.00505904879112067	0.005078041956701653	0.014522241743909946	0.015373473159395377	0.01572425518250931	0.020889648906893567	0.13461996403821824	0.13024358318042983	0.12299204956373887	0.12029777856218243	0.1280586764098707	0.12559207378585885	0.09231818545721839	0.1678143048918761	0.21347881837704008	0.261108156751109	0.3275557037351349	0.23258388438134445	0.2606483492629466	0.3266865139969731	0.3359621908780784	0.31122501775853506	0.2265257154365424	0.3290532117752573	0.3256780545652235	0.36856368599431916	0.31031840644257963	0.361460824167501	0.3618385510112134	0.3453844751242585	0.35368525400832856	0.417804964062758	0.443153706156738	0.3433188208713134	0.3798821940348566	0.3844990300326722	0.35885761833981494	0.38857240917728836	0.35933716531959853	0.2928382117413861	0.36955629834120474	0.22964888186867516	0.07686191513430307	0.12930081352145253	0.13739187612710346	0.03502773345789033	0.03527026153483455	0.015163792890828292	0.015163792890828292	0.015172170022659946	0.012040737182087147	0.013420753632808806	0.01518499969852324	0.020593692817769366	0.014345256238750156	0.02303708533972529	0.015668863581233476	0.014443660295171981	0.015067354486386159	0.015327022054933859	0.013675423167741056	0.010231293342801411	0.010231293342801411	0.009548176829006941	0.011289908713653905	0.015490201754160219	0.042625124392377874	0.04882886746915105	0.019774108736183155	0.021687706987972198	0.01832302321249329	0.029486153040838497	0.02000041316318239	0.016155366711623896	0.02276568998522299	0.015305118577507822	0.010867720144380179	0.007889110524895012	0.007741142291727721	0.008040166844404973	0.008565084322225434	0.009356441512642515	0.007415197442696841	0.007415197442696841	0.006855057211766183	0.006854057211266154	0.00571366685948091	0.005289960000077698	0.005061048792120728	0.0049038096636513555	0.001131661775858408
w9pp	0.003950038545444315	0.0	0.0011922905076615596	0.0019404010221170192	0.0020802762256519943	0.0004030910448438037	0.0004040910453438328	0.002461403320466444	0.002047168957121856	0.00292977823242837	0.0052034080367515745	0.006824528821339216	0.013039263873906012	0.012987439806931147	0.016339736642398055	0.010332614688545454	0.009019675674993493	0.005203348159920067	0.00522234132550105	0.014666541112709344	0.015517772528194775	0.015868554551308707	0.021033948275692965	0.13476426340701764	0.13038788254922923	0.12313634893253826	0.12044207793098183	0.12820297577867013	0.12573637315465824	0.09246248482601778	0.1679586042606755	0.21362311774583947	0.26125245611990844	0.3277000031039343	0.23272818375014387	0.26079264863174606	0.3268308133657726	0.33610649024687783	0.3113693171273345	0.22667001480534182	0.32919751114405676	0.3258223539340229	0.3687079853631186	0.3104627058113791	0.3616051235363005	0.3619828503800129	0.34552877449305797	0.353829553377128	0.41794926343155747	0.44329800552553744	0.34346312024011283	0.3800264934036561	0.38464332940147167	0.3590019177086144	0.3887167085460878	0.359481464688398	0.29298251111018553	0.3697005977100042	0.22979318123747455	0.07700621450310247	0.12944511289025196	0.13753617549590286	0.03517203282668972	0.03541456090363394	0.01530809225962769	0.01530809225962769	0.015316469391459343	0.012185036550886544	0.013565053001608204	0.015329299067322638	0.020737992186568764	0.014489555607549554	0.023181384708524686	0.015813162950032874	0.014587959663971379	0.015211653855185556	0.015471321423733257	0.013819722536540454	0.010375592711600807	0.010375592711600807	0.00969247619780634	0.011434208082453302	0.015634501122959617	0.04276942376117727	0.048973166837950444	0.019918408104982552	0.021832006356771596	0.01846732258129269	0.029630452409637895	0.020144712531981787	0.016299666080423294	0.022909989354022386	0.01544941794630722	0.011012019513179577	0.008033409893694408	0.007885441660527119	0.008184466213204369	0.00870938369102483	0.009500740881441913	0.007559496811496238	0.007559496811496238	0.00699935658056558	0.006998356580065551	0.005857966228280307	0.005434259368877095	0.005205348160920125	0.005048109032450752	0.002820376770585965
w31pp	0.004340146965418384	0.0011922905076615596	0.0	0.0007501105154555176	0.0008899857189904929	0.0007931994648178723	0.0007941994653179014	0.002851511740440513	0.0024372773770959246	0.0033198866524024387	0.005593516456725643	0.007214637241313285	0.013429372293880082	0.013377548226905216	0.016729845062372125	0.010722723108519523	0.009409784094967562	0.0055934565798941354	0.005612449745475119	0.015056649532683413	0.015907880948168845	0.016258662971282777	0.021424056695667035	0.13515437182699172	0.1307779909692033	0.12352645735251233	0.1208321863509559	0.12859308419864418	0.12612648157463233	0.09285259324599185	0.16834871268064958	0.21401322616581356	0.2616425645398825	0.3280901115239084	0.23311829217011792	0.2611827570517201	0.32722092178574663	0.3364965986668519	0.31175942554730857	0.22706012322531588	0.3295876195640308	0.326212462353997	0.36909809378309266	0.31085281423135314	0.36199523195627453	0.36237295879998693	0.345918882913032	0.35421966179710207	0.4183393718515315	0.4436881139455115	0.3438532286600869	0.38041660182363013	0.3850334378214457	0.35939202612858845	0.38910681696606186	0.35987157310837203	0.2933726195301596	0.37009070612997824	0.23018328965744864	0.07739632292307654	0.129835221310226	0.13792628391587694	0.03556214124666379	0.03580466932360801	0.01569820067960176	0.01569820067960176	0.015706577811433413	0.012575144970860614	0.013955161421582273	0.015719407487296708	0.021128100606542834	0.014879664027523623	0.023571493128498756	0.016203271370006943	0.014978068083945448	0.015601762275159626	0.015861429843707326	0.014209830956514524	0.010765701131574875	0.010765701131574875	0.010082584617780407	0.011824316502427372	0.016024609542933686	0.04315953218115134	0.04936327525792451	0.020308516524956622	0.022222114776745665	0.01885743100126676	0.030020560829611964	0.020534820951955857	0.016689774500397363	0.023300097773996456	0.01583952636628129	0.011402127933153646	0.008423518313668478	0.008275550080501187	0.008574574633178438	0.009099492110998898	0.009890849301415983	0.007949605231470307	0.007949605231470307	0.007389465000539649	0.00738846500003962	0.0062480746482543766	0.005824367788851164	0.005595456580894194	0.005438217452424821	0.003210485190560034
w20pp	0.005088257479873843	0.0019404010221170192	0.0007501105154555176	0.0	0.0006464541537688869	0.001541309979273332	0.0015423099797733611	0.0035996222548959726	0.0031853878915513835	0.004067997166857898	0.006341626971181102	0.007962747755768744	0.014177482808335539	0.014125658741360674	0.017477955576827582	0.01147083362297498	0.01015789460942302	0.006341567094349594	0.006360560259930578	0.01580476004713887	0.016655991462624302	0.017006773485738234	0.022172167210122492	0.13590248234144717	0.13152610148365876	0.12427456786696779	0.12158029686541136	0.12934119471309963	0.12687459208908777	0.09360070376044731	0.16909682319510502	0.214761336680269	0.26239067505433794	0.3288382220383638	0.23386640268457337	0.26193086756617556	0.3279690323002021	0.33724470918130733	0.312507536061764	0.22780823373977133	0.33033573007848627	0.3269605728684524	0.3698462042975481	0.3116009247458086	0.36274334247073	0.3631210693144424	0.34666699342748747	0.3549677723115575	0.419087482365987	0.44443622445996694	0.34460133917454233	0.3811647123380856	0.38578154833590117	0.3601401366430439	0.3898549274805173	0.3606196836228275	0.29412073004461503	0.3708388166444337	0.23093140017190408	0.078144433437532	0.13058333182468146	0.1386743944303324	0.03631025176111925	0.03655277983806347	0.016446311194057216	0.016446311194057216	0.01645468832588887	0.013323255485316071	0.01470327193603773	0.016467518001752165	0.02187621112099829	0.01562777454197908	0.024319603642954213	0.0169513818844624	0.015726178598400906	0.016349872789615083	0.016609540358162783	0.01495794147096998	0.011513811646030336	0.011513811646030336	0.010830695132235866	0.012572427016882829	0.016772720057389143	0.0439076426956068	0.050111385772379974	0.02105662703941208	0.022970225291201123	0.019605541515722216	0.03076867134406742	0.021282931466411314	0.01743788501485282	0.024048208288451913	0.016587636880736747	0.012150238447609103	0.009171628828123937	0.009023660594956646	0.009322685147633897	0.009847602625454359	0.010638959815871442	0.008697715745925766	0.008697715745925766	0.008137575514995107	0.008136575514495079	0.0069961851627098354	0.0065724783033066225	0.006343567095349653	0.00618632796688028	0.003958595705015493
f19pp	0.005228132683408818	0.0020802762256519943	0.0008899857189904929	0.0006464541537688869	0.0	0.0016811851828083073	0.0016821851833083365	0.003739497458430948	0.003325263095086359	0.004207872370392873	0.006481502174716078	0.00810262295930372	0.014317358011870516	0.01426553394489565	0.01761783078036256	0.011610708826509957	0.010297769812957996	0.00648144229788457	0.006500435463465553	0.01594463525067385	0.01679586666615928	0.01714664868927321	0.022312042413657467	0.13604235754498215	0.13166597668719374	0.12441444307050277	0.12172017206894634	0.1294810699166346	0.12701446729262275	0.09374057896398229	0.16923669839864	0.21490121188380398	0.2625305502578729	0.3289780972418988	0.23400627788810835	0.26207074276971054	0.32810890750373706	0.3373845843848423	0.312647411265299	0.2279481089433063	0.33047560528202125	0.3271004480719874	0.3699860795010831	0.31174079994934356	0.36288321767426496	0.36326094451797736	0.34680686863102245	0.3551076475150925	0.41922735756952195	0.4445760996635019	0.3447412143780773	0.38130458754162055	0.38592142353943615	0.3602800118465789	0.3899948026840523	0.36075955882636246	0.29426060524815	0.37097869184796867	0.23107127537543906	0.07828430864106697	0.13072320702821644	0.13881426963386737	0.036450126964654224	0.036692655041598445	0.01658618639759219	0.01658618639759219	0.016594563529423845	0.013463130688851048	0.014843147139572707	0.01660739320528714	0.022016086324533266	0.015767649745514055	0.02445947884648919	0.01709125708799738	0.015866053801935884	0.01648974799315006	0.01674941556169776	0.015097816674504957	0.01165368684956531	0.01165368684956531	0.01097057033577084	0.012712302220417806	0.016912595260924118	0.04404751789914177	0.050251260975914945	0.021196502242947057	0.0231101004947361	0.01974541671925719	0.030908546547602396	0.02142280666994629	0.0175777602183878	0.024188083491986888	0.01672751208427172	0.01229011365114408	0.009311504031658913	0.00916353579849162	0.009462560351168874	0.009987477828989334	0.010778835019406418	0.008837590949460742	0.008837590949460742	0.008277450718530083	0.008276450718030053	0.00713606036624481	0.006712353506841598	0.006483442298884628	0.0063262031704152556	0.004098470908550468
w15pp	0.0035489475016005695	0.0004030910448438037	0.0007931994648178723	0.001541309979273332	0.0016811851828083073	0.0	3.00000150008727e-06	0.0020603122766226986	0.0016460779132781104	0.0025286871885846244	0.004802316992907829	0.0064234377774954705	0.012638172830062267	0.012586348763087401	0.01593864559855431	0.009931523644701708	0.008618584631149747	0.004802257116076321	0.004821250281657304	0.014265450068865598	0.01511668148435103	0.015467463507464961	0.020632857231849218	0.1343631723631739	0.1299867915053855	0.12273525788869452	0.12004098688713809	0.12780188473482637	0.12533528211081452	0.09206139378217404	0.16755751321683177	0.21322202670199575	0.26085136507606466	0.32729891206009054	0.23232709270630011	0.2603915575879023	0.3264297223219288	0.33570539920303405	0.31096822608349073	0.22626892376149807	0.328796420100213	0.32542126289017914	0.3683068943192748	0.3100616147675353	0.3612040324924567	0.3615817593361691	0.3451276834492142	0.35342846233328423	0.4175481723877137	0.44289691448169366	0.34306202919626905	0.3796254023598123	0.3842422383576279	0.3586008266647706	0.388315617502244	0.3590803736445542	0.29258142006634175	0.3692995066661604	0.22939209019363083	0.07660512345925873	0.1290440218464082	0.13713508445205913	0.034770941782845975	0.035013469859790196	0.014907001215783944	0.014907001215783944	0.014915378347615598	0.011783945507042799	0.013163961957764458	0.014928208023478893	0.020336901142725017	0.014088464563705808	0.022780293664680942	0.015412071906189128	0.014186868620127633	0.01481056281134181	0.015070230379889511	0.013418631492696708	0.009974501667757062	0.009974501667757062	0.009291385153962592	0.011033117038609557	0.015233410079115871	0.04236833271733352	0.048572075794106696	0.01951731706113881	0.021430915312927852	0.01806623153744894	0.029229361365794147	0.01974362148813804	0.01589857503657955	0.02250889831017864	0.015048326902463474	0.010610928469335831	0.007632318849850664	0.007484350616683373	0.007783375169360624	0.008308292647181085	0.00909964983759817	0.007158405767652492	0.007158405767652492	0.006598265536721834	0.006597265536221805	0.005456875184436561	0.005033168325033349	0.004804257117076379	0.004647017988607007	0.0024192857267422195
w17pp	0.00354794750110054	0.0004040910453438328	0.0007941994653179014	0.0015423099797733611	0.0016821851833083365	3.00000150008727e-06	0.0	0.0020593122761226696	0.0016450779127780812	0.0025276871880845955	0.0048013169924078	0.0064224377769954415	0.012637172829562237	0.012585348762587371	0.01593764559805428	0.009930523644201678	0.008617584630649718	0.004801257115576292	0.004820250281157275	0.014264450068365568	0.015115681483851	0.015466463506964932	0.02063185723134919	0.13436217236267387	0.12998579150488546	0.12273425788819449	0.12003998688663806	0.12780088473432633	0.12533428211031447	0.09206039378167401	0.16755651321633172	0.2132210267014957	0.26085036507556464	0.3272979120595905	0.23232609270580007	0.26039055758740226	0.3264287223214288	0.33570439920253403	0.3109672260829907	0.22626792376099802	0.32879542009971297	0.3254202628896791	0.3683058943187748	0.3100606147670353	0.3612030324919567	0.3615807593356691	0.34512668344871417	0.3534274623327842	0.41754717238721367	0.44289591448119364	0.34306102919576903	0.3796244023593123	0.38424123835712787	0.3585998266642706	0.388314617501744	0.3590793736440542	0.29258042006584173	0.3692985066656604	0.22939109019313078	0.0766041234587587	0.12904302184590816	0.13713408445155909	0.03476994178234595	0.03501246985929017	0.014906001215283914	0.014906001215283914	0.014914378347115568	0.011782945506542769	0.013162961957264428	0.014927208022978863	0.02033590114222499	0.014087464563205778	0.02277929366418091	0.015411071905689099	0.014185868619627603	0.014809562810841781	0.015069230379389481	0.013417631492196679	0.009973501667257032	0.009973501667257032	0.009290385153462564	0.011032117038109527	0.015232410078615841	0.042367332716833496	0.04857107579360667	0.019516317060638777	0.02142991531242782	0.018065231536948913	0.02922836136529412	0.01974262148763801	0.01589757503607952	0.02250789830967861	0.015047326901963445	0.010609928468835801	0.007631318849350635	0.007483350616183344	0.007782375168860595	0.008307292646681055	0.00909864983709814	0.0071574057671524634	0.0071574057671524634	0.006597265536221805	0.006596265535721776	0.0054558751839365325	0.00503216832453332	0.00480325711657635	0.004646017988106978	0.00241828572624219
f7pp	0.004761628229522377	0.002461403320466444	0.002851511740440513	0.0035996222548959726	0.003739497458430948	0.0020603122766226986	0.0020593122761226696	0.0	0.002858758641199918	0.003741367916506432	0.006014997720829637	0.007636118505417278	0.013850853557984075	0.01379902949100921	0.01715132632647612	0.011144204372623517	0.009831265359071556	0.006014937843998129	0.006033931009579113	0.015478130796787407	0.016329362212272838	0.01668014423538677	0.021845537959771028	0.1355758530910957	0.1311994722333073	0.12394793861661632	0.12125366761505989	0.12901456546274817	0.12654796283873632	0.09327407451009584	0.16877019394475357	0.21443470742991755	0.2620640458039865	0.3285115927880124	0.23353977343422191	0.26160423831582413	0.32764240304985065	0.3369180799309559	0.3121809068114126	0.22748160448941987	0.33000910082813484	0.326633943618101	0.3695195750471967	0.31127429549545715	0.36241671322037855	0.36279444006409095	0.34634036417713604	0.3546411430612061	0.41876085311563555	0.4441095952096155	0.3442747099241909	0.38083808308773415	0.38545491908554974	0.35981350739269247	0.3895282982301659	0.36029305437247605	0.2937941007942636	0.37051218739408226	0.23060477092155263	0.07781780418718053	0.13025670257433	0.13834776517998093	0.03598362251076778	0.036226150587712	0.016119681943705753	0.016119681943705753	0.016128059075537406	0.012996626234964608	0.014376642685686267	0.0161408887514007	0.021549581870646827	0.015301145291627617	0.02399297439260275	0.016624752634110937	0.015399549348049442	0.01602324353926362	0.01628291110781132	0.014631312220618517	0.011187182395678869	0.011187182395678869	0.0105040658818844	0.012245797766531365	0.01644609080703768	0.04358101344525533	0.0497847565220285	0.020729997789060615	0.02264359604084966	0.019278912265370752	0.030442042093715958	0.02095630221605985	0.017111255764501357	0.02372157903810045	0.016261007630385283	0.01182360919725764	0.008844999577772471	0.00869703134460518	0.008996055897282432	0.009520973375102892	0.010312330565519976	0.0083710864955743	0.0083710864955743	0.007810946264643642	0.007809946264143613	0.00666955591235837	0.006245849052955157	0.006016937844998188	0.005859698716528815	0.0036319664546640273
w24pp	0.001904869589322517	0.002047168957121856	0.0024372773770959246	0.0031853878915513835	0.003325263095086359	0.0016460779132781104	0.0016450779127780812	0.002858758641199918	0.0	0.0008846092763065722	0.003158239080629777	0.004779359865217418	0.010994094917784214	0.010942270850809349	0.014294567686276257	0.008287445732423656	0.006974506718871695	0.003158179203798269	0.0031771723693792527	0.012621372156587546	0.013472603572072977	0.013823385595186909	0.01898877931957117	0.13271909445089586	0.12834271359310745	0.12109117997641647	0.11839690897486004	0.12615780682254832	0.12369120419853646	0.09041731586989599	0.1659134353045537	0.2115779487897177	0.2592072871637866	0.3256548341478125	0.23068301479402206	0.2587474796756242	0.32478564440965074	0.334061321290756	0.3093241481712127	0.22462484584922002	0.32715234218793493	0.3237771849779011	0.36666281640699677	0.30841753685525725	0.35955995458017864	0.35993768142389104	0.34348360553693613	0.3517843844210062	0.41590409447543564	0.4412528365694156	0.341417951283991	0.37798132444753424	0.38259816044534983	0.35695674875249256	0.386671539589966	0.35743629573227614	0.2909373421540637	0.36765542875388235	0.22774801228135277	0.07496104554698067	0.12739994393413015	0.13549100653978108	0.03312686387056792	0.03336939194751214	0.013262923303505892	0.013262923303505892	0.013271300435337545	0.010139867594764746	0.011519884045486406	0.01328413011120084	0.018692823230446968	0.012444386651427755	0.02113621575240289	0.013767993993911076	0.012542790707849581	0.013166484899063758	0.013426152467611458	0.011774553580418656	0.00833042375547901	0.00833042375547901	0.00764730724168454	0.009389039126331504	0.013589332166837819	0.04072425480505547	0.046927997881828644	0.017873239148860756	0.0197868374006498	0.016422153625170893	0.0275852834535161	0.01809954357585999	0.014254497124301496	0.02086482039790059	0.013404248990185422	0.008966850557057779	0.005988240937572611	0.00584027270440532	0.0061392972570825715	0.006664214734903032	0.007455571925320116	0.00551432785537444	0.00551432785537444	0.004954187624443782	0.004953187623943753	0.00381279727215851	0.0033890904127552974	0.0031601792047983275	0.003002940076328955	0.0007752078144641673
f24pp	0.002785478863628973	0.00292977823242837	0.0033198866524024387	0.004067997166857898	0.004207872370392873	0.0025286871885846244	0.0025276871880845955	0.003741367916506432	0.0008846092763065722	0.0	0.0022756298053232624	0.003896750589910904	0.010111485642477701	0.010059661575502836	0.013411958410969744	0.007404836457117142	0.006091897443565181	0.0022755699284917547	0.002294563094072738	0.011738762881281032	0.012589994296766464	0.012940776319880396	0.018106170044264652	0.13183648517558932	0.12746010431780092	0.12020857070110995	0.11751429969955351	0.12527519754724178	0.12280859492322994	0.08953470659458947	0.16503082602924718	0.21069533951441116	0.2583246778884801	0.324772224872506	0.22980040551871553	0.25786487040031775	0.32390303513434426	0.3331787120154495	0.3084415388959062	0.22374223657391348	0.32626973291262845	0.3228945757025946	0.3657802071316903	0.30753492757995077	0.35867734530487216	0.35905507214858456	0.34260099626162965	0.3509017751456997	0.41502148520012916	0.44037022729410913	0.3405353420086845	0.37709871517222776	0.38171555117004335	0.3560741394771861	0.3857889303146595	0.35655368645696967	0.2900547328787572	0.3667728194785759	0.22686540300604624	0.07407843627167415	0.12651733465882362	0.13460839726447454	0.032244254595261417	0.03248678267220564	0.012380314028199378	0.012380314028199378	0.012388691160031032	0.009257258319458233	0.010637274770179892	0.012401520835894327	0.01781021395514045	0.011561777376121242	0.020253606477096373	0.012885384718604563	0.011660181432543068	0.012283875623757245	0.012543543192304945	0.010891944305112143	0.007447814480172496	0.007447814480172496	0.006764697966378026	0.008506429851024991	0.012706722891531306	0.03984164552974896	0.04604538860652214	0.01699062987355424	0.018904228125343283	0.015539544349864378	0.02670267417820958	0.017216934300553474	0.013371887848994983	0.019982211122594074	0.012521639714878909	0.008084241281751265	0.005105631662266097	0.004957663429098806	0.0052566879817760575	0.005781605459596518	0.006572962650013602	0.004631718580067926	0.004631718580067926	0.004071578349137268	0.004070578348637239	0.0029301879968519954	0.002506481137448783	0.002277569929491813	0.0021203308010224403	0.0016558170887706234
f23ppA	0.005059108667952178	0.0052034080367515745	0.005593516456725643	0.006341626971181102	0.006481502174716078	0.004802316992907829	0.0048013169924078	0.006014997720829637	0.003158239080629777	0.0022756298053232624	0.0	0.0016231207855877002	0.007837855838154497	0.007786031771179629	0.01113832860664654	0.006572976780575731	0.00526003776702377	0.002839117569805787	0.0028581107353867707	0.012302310522595063	0.013153541938080495	0.013504323961194427	0.018669717685578686	0.13240003281690338	0.12802365195911497	0.12077211834242399	0.11807784734086754	0.12583874518855584	0.12337214256454399	0.09009825423590351	0.16559437367056123	0.21125888715572522	0.2588882255297942	0.32533577251382007	0.23036395316002958	0.2584284180416318	0.3244665827756583	0.3337422596567636	0.30900508653722025	0.22430578421522754	0.3268332805539425	0.32345812334390867	0.36634375477300435	0.3080984752212648	0.3592408929461862	0.3596186197898986	0.3431645439029437	0.35146532278701376	0.4155850328414432	0.4409337749354232	0.34109888964999857	0.3776622628135418	0.3822790988113574	0.35663768711850014	0.38635247795597355	0.3571172340982837	0.29061828052007127	0.36733636711988993	0.2274289506473603	0.07464198391298818	0.12708088230013767	0.1351719449057886	0.032807802236575444	0.033050330313519664	0.01294386166951341	0.01294386166951341	0.012952238801345063	0.009820805960772264	0.011200822411493923	0.012965068477208358	0.018373761596454485	0.012125325017435273	0.020817154118410407	0.013448932359918593	0.012223729073857098	0.012847423265071276	0.013107090833618976	0.011455491946426173	0.008011362121486528	0.008011362121486528	0.007328245607692059	0.009069977492339022	0.013270270532845336	0.04040519317106299	0.046608936247836165	0.017554177514868274	0.019467775766657317	0.01610309199117841	0.027266221819523616	0.01778048194186751	0.013935435490309013	0.020545758763908108	0.01308518735619294	0.008647788923065298	0.00566917930358013	0.005521211070412839	0.00582023562309009	0.006345153100910551	0.007136510291327634	0.005195266221381958	0.005195266221381958	0.0046351259904513	0.004634125989951271	0.003493735638166028	0.0030700287787628153	0.0028411175708058455	0.002683878442336473	0.003929446893093828
w23pp	0.006680229452539819	0.006824528821339216	0.007214637241313285	0.007962747755768744	0.00810262295930372	0.0064234377774954705	0.0064224377769954415	0.007636118505417278	0.004779359865217418	0.003896750589910904	0.0016231207855877002	0.0	0.006573385003544826	0.006521560936569959	0.009873857772036867	0.008194097565163372	0.006881158551611412	0.004460238354393429	0.004479231519974413	0.013923431307182705	0.014774662722668136	0.015125444745782068	0.020290838470166328	0.13402115360149103	0.12964477274370262	0.12239323912701162	0.11969896812545519	0.12745986597314346	0.12499326334913162	0.09171937502049114	0.16721549445514888	0.21288000794031287	0.26050934631438183	0.3269568932984077	0.2319850739446172	0.26004953882621945	0.32608770356024597	0.3353633804413512	0.3106262073218079	0.22592690499981516	0.32845440133853016	0.3250792441284963	0.367964875557592	0.30971959600585247	0.36086201373077387	0.36123974057448627	0.34478566468753136	0.3530864435716014	0.41720615362603086	0.44255489572001083	0.3427200104345862	0.37928338359812946	0.38390021959594506	0.3582588079030878	0.3879735987405612	0.35873835488287137	0.2922394013046589	0.3689574879044776	0.22905007143194794	0.07626310469757583	0.1287020030847253	0.13679306569037625	0.034428923021163085	0.034671451098107306	0.01456498245410105	0.01456498245410105	0.014573359585932704	0.011441926745359906	0.012821943196081565	0.014586189261796	0.019994882381042127	0.013746445802022915	0.02243827490299805	0.015070053144506235	0.01384484985844474	0.014468544049658917	0.014728211618206618	0.013076612731013815	0.00963248290607417	0.00963248290607417	0.0089493663922797	0.010691098276926663	0.014891391317432978	0.04202631395565063	0.048230057032423806	0.019175298299455915	0.02108889655124496	0.01772421277576605	0.028887342604111257	0.01940160272645515	0.015556556274896655	0.02216687954849575	0.014706308140780581	0.01026890970765294	0.007290300088167771	0.00714233185500048	0.0074413564076777315	0.007966273885498192	0.008757631075915276	0.0068163870059696	0.0068163870059696	0.006256246775038942	0.006255246774538913	0.00511485642275367	0.004691149563350457	0.0044622383553934875	0.004304999226924114	0.005550567677681469
w3pp	0.012894964505106615	0.013039263873906012	0.013429372293880082	0.014177482808335539	0.014317358011870516	0.012638172830062267	0.012637172829562237	0.013850853557984075	0.010994094917784214	0.010111485642477701	0.007837855838154497	0.006573385003544826	0.0	0.010115811410379196	0.013468108245846105	0.014408832617730169	0.013095893604178208	0.010674973406960227	0.01069396657254121	0.0201381663597495	0.02098939777523493	0.021340179798348867	0.026505573522733125	0.1402358886540578	0.1358595077962694	0.12860797417957842	0.12591370317802197	0.13367460102571027	0.13120799840169842	0.09793411007305794	0.17343022950771567	0.21909474299287965	0.2667240813669486	0.33317162835097447	0.23819980899718401	0.26626427387878626	0.3323024386128127	0.34157811549391803	0.31684094237437466	0.23214164005238197	0.33466913639109697	0.33129397918106307	0.3741796106101588	0.3159343310584193	0.3670767487833406	0.367454475627053	0.3510003997400981	0.3593011786241682	0.4234208886785976	0.4487696307725776	0.348934745487153	0.3854981186506963	0.39011495464851187	0.3644735429556546	0.394188333793128	0.3649530899354382	0.29845413635722573	0.37517222295704433	0.23526480648451473	0.08247783975014263	0.1349167381372921	0.14300780074294303	0.04064365807372988	0.0408861861506741	0.02077971750666785	0.02077971750666785	0.020788094638499503	0.0176566617979267	0.01903667824864836	0.020800924314362798	0.026209617433608924	0.019961180854589713	0.028653009955564846	0.02128478819707303	0.020059584911011535	0.020683279102225713	0.020942946670773413	0.01929134778358061	0.01584721795864097	0.01584721795864097	0.015164101444846497	0.016905833329493462	0.021106126369999777	0.04824104900821743	0.054444792084990604	0.025390033352022712	0.027303631603811756	0.02393894782833285	0.035102077656678055	0.025616337779021947	0.02177129132746345	0.028381614601062546	0.02092104319334738	0.016483644760219737	0.013505035140734568	0.013357066907567277	0.013656091460244529	0.014181008938064989	0.014972366128482073	0.013031122058536397	0.013031122058536397	0.01247098182760574	0.01246998182710571	0.011329591475320467	0.010905884615917254	0.010676973407960285	0.01051973427949091	0.011765302730248266
w6pp	0.012843140438131749	0.012987439806931147	0.013377548226905216	0.014125658741360674	0.01426553394489565	0.012586348763087401	0.012585348762587371	0.01379902949100921	0.010942270850809349	0.010059661575502836	0.007786031771179629	0.006521560936569959	0.010115811410379196	0.0	0.007574407047052446	0.014357008550755302	0.013044069537203341	0.01062314933998536	0.010642142505566343	0.020086342292774634	0.020937573708260066	0.021288355731373998	0.026453749455758256	0.14018406458708293	0.13580768372929453	0.12855615011260355	0.12586187911104713	0.1336227769587354	0.13115617433472354	0.09788228600608308	0.1733784054407408	0.21904291892590477	0.26667225729997374	0.3331198042839996	0.23814798493020914	0.26621244981181136	0.3322506145458379	0.34152629142694313	0.3167891183073998	0.2320898159854071	0.33461731232412206	0.3312421551140882	0.3741277865431839	0.3158825069914444	0.3670249247163658	0.3674026515600782	0.35094857567312326	0.3592493545571933	0.42336906461162277	0.44871780670560274	0.3488829214201781	0.38544629458372137	0.39006313058153697	0.3644217188886797	0.3941365097261531	0.3649012658684633	0.2984023122902508	0.3751203988900695	0.23521298241753985	0.08242601568316776	0.13486491407031723	0.14295597667596815	0.04059183400675501	0.040834362083699234	0.02072789343969298	0.02072789343969298	0.020736270571524634	0.017604837730951835	0.018984854181673495	0.02074910024738793	0.026157793366634055	0.019909356787614844	0.02860118588858998	0.021232964130098165	0.02000776084403667	0.020631455035250847	0.020891122603798547	0.019239523716605745	0.0157953938916661	0.0157953938916661	0.01511227737787163	0.016854009262518593	0.021054302303024908	0.04818922494124256	0.054392968018015735	0.025338209285047847	0.02725180753683689	0.02388712376135798	0.035050253589703186	0.025564513712047078	0.021719467260488585	0.028329790534087677	0.02086921912637251	0.01643182069324487	0.013453211073759701	0.01330524284059241	0.013604267393269661	0.014129184871090123	0.014920542061507206	0.01297929799156153	0.01297929799156153	0.012419157760630871	0.012418157760130843	0.0112777674083456	0.010854060548942387	0.010625149340985417	0.010467910212516043	0.011713478663273401
f17ppA	0.016195437273598658	0.016339736642398055	0.016729845062372125	0.017477955576827582	0.01761783078036256	0.01593864559855431	0.01593764559805428	0.01715132632647612	0.014294567686276257	0.013411958410969744	0.01113832860664654	0.009873857772036867	0.013468108245846105	0.007574407047052446	0.0	0.017709305386222212	0.01639636637267025	0.01397544617545227	0.013994439341033253	0.023438639128241547	0.024289870543726978	0.024640652566840907	0.029806046291225168	0.14353636142254986	0.13915998056476145	0.13190844694807047	0.12921417594651402	0.13697507379420232	0.13450847117019046	0.10123458284154999	0.1767307022762077	0.2223952157613717	0.27002455413544063	0.3364721011194665	0.24150028176567606	0.26956474664727825	0.33560291138130477	0.34487858826241	0.3201414151428667	0.23544211282087402	0.33796960915958896	0.3345944519495551	0.3774800833786508	0.3192348038269113	0.37037722155183267	0.37075494839554507	0.35430087250859016	0.3626016513926602	0.42672136144708966	0.45207010354106963	0.352235218255645	0.38879859141918827	0.39341542741700386	0.3677740157241466	0.39748880656162	0.36825356270393017	0.3017546091257177	0.3784726957255364	0.23856527925300677	0.08577831251863467	0.13821721090578415	0.14630827351143508	0.04394413084222193	0.04418665891916615	0.02408019027515989	0.02408019027515989	0.024088567406991543	0.020957134566418748	0.022337151017140407	0.024101397082854838	0.029510090202100967	0.023261653623081753	0.03195348272405689	0.024585260965565077	0.023360057679503582	0.02398375187071776	0.02424341943926546	0.022591820552072657	0.01914769072713301	0.01914769072713301	0.01846457421333854	0.020206306097985502	0.024406599138491816	0.05154152177670947	0.05774526485348265	0.028690506120514755	0.0306041043723038	0.02723942059682489	0.0384025504251701	0.02891681054751399	0.025071764095955497	0.03168208736955459	0.02422151596183942	0.01978411752871178	0.01680550790922661	0.01665753967605932	0.01695656422873657	0.017481481706557032	0.018272838896974116	0.01633159482702844	0.01633159482702844	0.015771454596097783	0.015770454595597755	0.01463006424381251	0.014206357384409297	0.013977446176452328	0.013820207047982954	0.01506577549874031
f22ppA	0.010188315319746056	0.010332614688545454	0.010722723108519523	0.01147083362297498	0.011610708826509957	0.009931523644701708	0.009930523644201678	0.011144204372623517	0.008287445732423656	0.007404836457117142	0.006572976780575731	0.008194097565163372	0.014408832617730169	0.014357008550755302	0.017709305386222212	0.0	0.0030667028320020815	0.007968324221599666	0.00798731738718065	0.01743151717438894	0.018282748589874373	0.018633530612988305	0.023798924337372566	0.13752923946869725	0.13315285861090884	0.12590132499421786	0.12320705399266142	0.1309679518403497	0.12850134921633785	0.09522746088769737	0.1707235803223551	0.21638809380751908	0.2640174321815881	0.33046497916561396	0.23549315981182345	0.2635576246934257	0.3295957894274522	0.33887146630855747	0.31413429318901415	0.2294349908670214	0.3319624872057364	0.32858732999570256	0.37147296142479824	0.3132276818730587	0.3643700995979801	0.3647478264416925	0.3482937505547376	0.35659452943880765	0.4207142394932371	0.4460629815872171	0.34622809630179247	0.3827914694653357	0.3874083054631513	0.36176689377029403	0.39148168460776744	0.3622464407500776	0.29574748717186516	0.3724655737716838	0.23255815729915416	0.07977119056478206	0.13221008895193154	0.14030115155758247	0.037937008888369324	0.038179536965313544	0.018073068321307287	0.018073068321307287	0.01808144545313894	0.014950012612566142	0.0163300290632878	0.018094275129002236	0.023502968248248365	0.01725453166922915	0.025946360770204287	0.01857813901171247	0.017352935725650977	0.017976629916865154	0.018236297485412854	0.016584698598220052	0.013140568773280407	0.013140568773280407	0.012457452259485937	0.0141991841441329	0.018399477184639215	0.04553439982285687	0.051738142899630045	0.022683384166662154	0.024596982418451197	0.021232298642972287	0.032395428471317496	0.02290968859366139	0.01906464214210289	0.025674965415701988	0.018214394007986818	0.013776995574859178	0.01079838595537401	0.010650417722206717	0.01094944227488397	0.01147435975270443	0.012265716943121514	0.010324472873175838	0.010324472873175838	0.00976433264224518	0.00976333264174515	0.008622942289959907	0.008199235430556694	0.007970324222599724	0.007813085094130352	0.009058653544887708
w22pp	0.008875376306194095	0.009019675674993493	0.009409784094967562	0.01015789460942302	0.010297769812957996	0.008618584631149747	0.008617584630649718	0.009831265359071556	0.006974506718871695	0.006091897443565181	0.00526003776702377	0.006881158551611412	0.013095893604178208	0.013044069537203341	0.01639636637267025	0.0030667028320020815	0.0	0.006655385208047706	0.006674378373628689	0.01611857816083698	0.016969809576322412	0.017320591599436344	0.022485985323820606	0.1362163004551453	0.13183991959735689	0.1245883859806659	0.12189411497910947	0.12965501282679776	0.1271884102027859	0.09391452187414542	0.16941064130880315	0.21507515479396713	0.26270449316803607	0.32915204015206195	0.2341802207982715	0.2622446856798737	0.3282828504139002	0.33755852729500546	0.31282135417546214	0.22812205185346945	0.3306495481921844	0.32727439098215055	0.37016002241124624	0.3119147428595067	0.3630571605844281	0.3634348874281405	0.3469808115411856	0.35528159042525564	0.4194013004796851	0.44475004257366507	0.34491515728824046	0.3814785304517837	0.3860953664495993	0.360453954756742	0.39016874559421544	0.3609335017365256	0.29443454815831316	0.3711526347581318	0.2312452182856022	0.07845825155123011	0.1308971499383796	0.13898821254403051	0.03662406987481736	0.03686659795176158	0.016760129307755327	0.016760129307755327	0.01676850643958698	0.013637073599014182	0.01501709004973584	0.016781336115450275	0.022190029234696405	0.01594159265567719	0.024633421756652327	0.01726519999816051	0.016039996712099016	0.016663690903313193	0.016923358471860894	0.015271759584668091	0.011827629759728446	0.011827629759728446	0.011144513245933976	0.01288624513058094	0.017086538171087254	0.044221460809304905	0.05042520388607808	0.021370445153110193	0.023284043404899236	0.019919359629420326	0.031082489457765535	0.021596749580109428	0.01775170312855093	0.024362026402150027	0.016901454994434857	0.012464056561307217	0.009485446941822049	0.009337478708654756	0.00963650326133201	0.01016142073915247	0.010952777929569554	0.009011533859623878	0.009011533859623878	0.008451393628693219	0.008450393628193189	0.007310003276407946	0.006886296417004734	0.0066573852090477635	0.006500146080578391	0.007745714531335746
