	31379	31637	31750	31700	31343	530258	31452	530364	F7H1	31557	31714	530227	530055	S10H1	31021	31219	530050	531414	S31Hp	31300	31267	530444	F14H1B	31071	31749	31416	31360	S7Hp	31723	530315	530163	F29H1	31512	530052	31333	530075	530215	31519	31328	31009	31232	S25Hp	31600	530368	31537	530177	31129	31236	530074	530167	S30H1	530119
31379	0.0	0.2837894238744197	0.24182854562421863	0.1884714361920981	0.3257523947204965	0.2830734971508726	0.2653702742506466	0.31375159568598454	0.42910914383371473	0.3090652727982446	0.30757277215788	0.3701343510590086	0.3249514042517546	0.3347189320947337	0.3396222148352618	0.3885831791546798	0.42308512289339906	0.33340178992520175	0.2969270256155904	0.37104371015128707	0.30258848970404	0.3596913165819187	0.277007665856852	0.2539388480222127	0.40360429342014015	0.35718436014728255	0.2804169704898836	0.296350563215172	0.33294252137216174	0.2760061957113319	0.287272455415901	0.5325591140369798	0.3980564189251285	0.3363349476507701	0.2971702402902254	0.3069965446732383	0.33524565757400837	0.2900813646459472	0.31952664329709274	0.2993999546593578	0.32801905744411425	0.3326126595730437	0.20691195330907425	0.24752169685533715	0.2106389157903601	0.31068241289866844	0.31398622101061874	0.2857744648051266	0.21267879638870507	0.3787546275189802	0.27229711235760073	0.2229233013272761
31637	0.2837894238744197	0.0	0.24295162560672706	0.22760418352064718	0.36488514204904565	0.3222062444794217	0.30450302157919573	0.35288434301453364	0.4682418911622638	0.3481980201267937	0.34670551948642914	0.4092670983875577	0.3640841515803037	0.3738516794232828	0.3787549621638109	0.42771592648322887	0.46221787022194816	0.37253453725375085	0.3360597729441396	0.4101764574798361	0.34172123703258916	0.39882406391046776	0.3161404131854011	0.2930715953507619	0.44273704074868925	0.3963171074758317	0.3195497178184328	0.33548331054372116	0.37207526870071084	0.315138943039881	0.3264052027444502	0.5716918613655289	0.43718916625367754	0.3754676949793192	0.33630298761877453	0.34612929200178744	0.37437840490255747	0.32921411197449635	0.3586593906256419	0.33853270198790697	0.3671518047726634	0.37174540690159286	0.24604470063762335	0.2866544441838863	0.24977166311890917	0.3498151602272176	0.3531189683391679	0.3249072121336757	0.2518115437172541	0.41788737484752925	0.322933614227105	0.28980758033292964
31750	0.24182854562421863	0.24295162560672706	0.0	0.18564330527044612	0.32292426379884454	0.2802453662292207	0.2625421433289946	0.31092346476433264	0.4262810129120628	0.3062371418765927	0.304744641236228	0.3673062201373566	0.3221232733301027	0.3318908011730818	0.3367940839136099	0.38575504823302786	0.42025699197174704	0.33057365900354985	0.29409889469393846	0.3682155792296351	0.29976035878238805	0.35686318566026676	0.2741795349352001	0.25111071710056077	0.40077616249848813	0.3543562292256306	0.27758883956823166	0.29352243229352004	0.33011439045050983	0.27317806478968	0.28444432449424906	0.5297309831153278	0.39522828800347654	0.3335068167291182	0.2943421093685734	0.3041684137515863	0.33241752665235647	0.28725323372429523	0.3166985123754408	0.29657182373770585	0.3251909265224623	0.32978452865139174	0.2040838223874223	0.24469356593368521	0.2078107848687081	0.3078542819770165	0.3111580900889668	0.2829463338834747	0.20985066546705308	0.37592649659732824	0.28097273597690386	0.24784670208272855
31700	0.1884714361920981	0.22760418352064718	0.18564330527044612	0.0	0.25691064494852867	0.21423174737890482	0.1965285244786788	0.2449098459140167	0.3602673940617469	0.2402235230262768	0.2387310223859122	0.3012926012870408	0.25610965447978684	0.2658771823227659	0.270780465063294	0.319741429382712	0.3542433731214312	0.2645600401532339	0.22808527584362265	0.30220196037931923	0.23374673993207223	0.29084956680995083	0.20816591608488422	0.1850970982502449	0.3347625436481723	0.2883426103753147	0.21157522071791585	0.22750881344320417	0.26410077160019396	0.20716444593936412	0.2184307056439332	0.463717364265012	0.32921466915316067	0.26749319787880227	0.2283284905182576	0.23815479490127045	0.26640390780204054	0.22123961487397942	0.2506848935251249	0.23055820488739004	0.2591773076721464	0.2637709098010759	0.13807020353710642	0.17867994708336932	0.14179716601839223	0.2418406631267006	0.24514447123865096	0.2169327150331588	0.1438370466167372	0.30991287774701237	0.22761562654478334	0.194489592650608
31343	0.3257523947204965	0.36488514204904565	0.32292426379884454	0.25691064494852867	0.0	0.2433948230426131	0.27820164208295267	0.3265829635182906	0.4419405116660208	0.3218966406305507	0.320404139990186	0.4067153092794574	0.36153236247220344	0.3712998903151825	0.3762031730557106	0.42516413737512865	0.4596660811138479	0.3699827481456506	0.3335079838360393	0.40762466837173583	0.3391694479244889	0.3962722748023675	0.3135886240773008	0.29051980624266155	0.44018525164058897	0.3937653183677314	0.3169979287103325	0.3329315214356208	0.36952347959261056	0.3125871539317807	0.32385341363634984	0.5691400722574286	0.43463737714557726	0.3729159058712189	0.33375119851067425	0.3435775028936871	0.3718266157944572	0.32666232286639607	0.35610760151754156	0.3359809128798067	0.36460001566456307	0.3691936177934926	0.24349291152952307	0.28410265507578597	0.24721987401080886	0.34726337111911726	0.3505671792310676	0.3262337897878794	0.25313812137145786	0.419213952501733	0.3648965850731818	0.33177055117900645
530258	0.2830734971508726	0.3222062444794217	0.2802453662292207	0.21423174737890482	0.2433948230426131	0.0	0.23552274451332877	0.2839040659486667	0.39926161409639693	0.2792177430609268	0.2777252424205622	0.36403641170983353	0.3188534649025796	0.32862099274555867	0.33352427548608676	0.38248523980550475	0.416987183544224	0.32730385057602673	0.2908290862664154	0.364945770802112	0.296490550354865	0.35359337723274364	0.270909726507677	0.24784090867303765	0.3975063540709651	0.3510864207981075	0.2743190311407086	0.29025262386599693	0.3268445820229867	0.2699082563621569	0.28117451606672594	0.5264611746878047	0.3919584795759534	0.3302370083015951	0.29107230094105035	0.3008986053240632	0.32914771822483335	0.2839834252967722	0.31342870394791766	0.2933020153101828	0.3219211180949392	0.3265147202238687	0.2008140139598992	0.2414237575061621	0.20454097644118502	0.30458447354949336	0.3078882816614437	0.2835548922182555	0.21045922380183396	0.37653505493210915	0.32221768750355784	0.2890916536093825
31452	0.2653702742506466	0.30450302157919573	0.2625421433289946	0.1965285244786788	0.27820164208295267	0.23552274451332877	0.0	0.24655591877337238	0.36191346692110254	0.24186959588563245	0.24037709524526785	0.3463331888096075	0.3011502420023536	0.31091776984533265	0.31582105258586074	0.3647820169052788	0.39928396064399796	0.30960062767580065	0.2731258633661894	0.34724254790188597	0.27878732745463897	0.33589015433251757	0.25320650360745095	0.23013768577281163	0.37980313117073905	0.3333831978978815	0.2566158082404826	0.27254940096577096	0.3091413591227607	0.25220503346193085	0.2634712931665	0.5087579517875787	0.3742552566757274	0.312533785401369	0.27336907804082433	0.28319538242383724	0.3114444953246073	0.26628020239654615	0.2957254810476917	0.27559879240995677	0.3042178951947132	0.30881149732364266	0.18311079105967318	0.22372053460593608	0.186837753540959	0.2868812506492674	0.2901850587612177	0.2658516693180295	0.19275600090160794	0.3588318320318831	0.30451446460333187	0.2713884307091565
530364	0.31375159568598454	0.35288434301453364	0.31092346476433264	0.2449098459140167	0.3265829635182906	0.2839040659486667	0.24655591877337238	0.0	0.3928145642743521	0.2727706932388819	0.2712781925985174	0.3947145102449454	0.34953156343769154	0.3592990912806706	0.3642023740211987	0.4131633383406167	0.44766528207933587	0.3579819491111386	0.3215071848015273	0.39562386933722393	0.3271686488899769	0.38427147576785553	0.3015878250427889	0.2785190072081496	0.42818445260607696	0.3817645193332194	0.3049971296758205	0.32093072240110887	0.35752268055809866	0.3005863548972688	0.3118526146018379	0.5571392732229167	0.42263657811106536	0.36091510683670697	0.32175039947616224	0.33157670385917515	0.35982581675994524	0.31466152383188406	0.3441068024830296	0.3239801138452947	0.3525992166300511	0.35719281875898057	0.23149211249501112	0.272101856041274	0.2352190749762969	0.3352625720846053	0.3385663801965556	0.3142329907533674	0.24113732233694588	0.40721315346722103	0.3528957860386698	0.31976975214449443
F7H1	0.42910914383371473	0.4682418911622638	0.4262810129120628	0.3602673940617469	0.4419405116660208	0.39926161409639693	0.36191346692110254	0.3928145642743521	0.0	0.27389586076114536	0.3445052825015321	0.5100720583926757	0.4648891115854217	0.47465663942840075	0.47955992216892884	0.5285208864883468	0.5630228302270661	0.4733394972588688	0.4368647329492575	0.5109814174849541	0.44252619703770707	0.4996290239155857	0.41694537319051905	0.39387655535587973	0.5435420007538072	0.49712206748094956	0.4203546778235507	0.436288270548839	0.4728802287058288	0.41594390304499895	0.427210162749568	0.6724968213706468	0.5379941262587955	0.47627265498443716	0.43710794762389243	0.4469342520069053	0.47518336490767543	0.43001907197961425	0.45946435063075974	0.4393376619930249	0.46795676477778125	0.47255036690671076	0.34684966064274125	0.38745940418900415	0.3505766231240271	0.45062012023233544	0.4539239283442858	0.42959053890109766	0.3564948704846761	0.5225707016149512	0.4682533341863999	0.43512730029222463
31557	0.3090652727982446	0.3481980201267937	0.3062371418765927	0.2402235230262768	0.3218966406305507	0.2792177430609268	0.24186959588563245	0.2727706932388819	0.27389586076114536	0.0	0.22446141146606202	0.3900281873572055	0.3448452405499516	0.35461276839293066	0.35951605113345875	0.40847701545287673	0.44297895919159597	0.3532956262233987	0.3168208619137874	0.390937546449484	0.322482326002237	0.37958515288011563	0.29690150215504896	0.27383268432040964	0.42349812971833706	0.37707819644547946	0.3003108067880806	0.3162443995133689	0.3528363576703587	0.29590003200952886	0.3071662917140979	0.5524529503351767	0.4179502552233254	0.35622878394896706	0.31706407658842234	0.3268903809714352	0.35513949387220534	0.30997520094414416	0.33942047959528965	0.3192937909575548	0.34791289374231116	0.35250649587124067	0.22680578960727119	0.26741553315353406	0.230532752088557	0.33057624919686535	0.3338800573088157	0.3095466678656275	0.23645099944920595	0.40252683057948113	0.3482094631509298	0.3150834292567545
31714	0.30757277215788	0.34670551948642914	0.304744641236228	0.2387310223859122	0.320404139990186	0.2777252424205622	0.24037709524526785	0.2712781925985174	0.3445052825015321	0.22446141146606202	0.0	0.3885356867168409	0.343352739909587	0.35312026775256605	0.35802355049309414	0.4069845148125122	0.44148645855123136	0.35180312558303406	0.3153283612734228	0.3894450458091194	0.32098982536187237	0.37809265223975097	0.29540900151468436	0.27234018368004503	0.42200562907797246	0.3755856958051149	0.298818306147716	0.31475189887300437	0.3513438570299941	0.29440753136916425	0.3056737910737334	0.5509604496948122	0.4164577545829608	0.3547362833086024	0.31557157594805774	0.32539788033107064	0.3536469932318407	0.30848270030377956	0.3379279789549251	0.3178012903171902	0.3464203931019466	0.35101399523087606	0.22531328896690658	0.2659230325131695	0.2290402514481924	0.3290837485565008	0.3323875566684511	0.3080541672252629	0.23495849880884134	0.4010343299391165	0.3467169625105653	0.31359092861638993
530227	0.3701343510590086	0.4092670983875577	0.3673062201373566	0.3012926012870408	0.4067153092794574	0.36403641170983353	0.3463331888096075	0.3947145102449454	0.5100720583926757	0.3900281873572055	0.3885356867168409	0.0	0.33292348784402753	0.37329223988341614	0.37819552262394424	0.4271564869433623	0.46165843068208146	0.37197509771388415	0.3355003334042729	0.40961701793996946	0.34116179749272246	0.39826462437060106	0.31558097364553445	0.2925121558108952	0.44217760120882255	0.395757667935965	0.3189902782785661	0.33492387100385446	0.3715158291608442	0.31457950350001435	0.32584576320458347	0.5711324218256622	0.43662972671381084	0.3749082554394525	0.3357435480789078	0.34556985246192073	0.37381896536269077	0.32865467243462965	0.3580999510857752	0.33797326244804027	0.37192997402807926	0.39068043874670344	0.26497973248273393	0.3055894760289969	0.2687066949640198	0.3687501920723282	0.3720540001842785	0.3706157461263915	0.2975200777099699	0.46359590884024504	0.40927854141169384	0.3761525075175185
530055	0.3249514042517546	0.3640841515803037	0.3221232733301027	0.25610965447978684	0.36153236247220344	0.3188534649025796	0.3011502420023536	0.34953156343769154	0.4648891115854217	0.3448452405499516	0.343352739909587	0.33292348784402753	0.0	0.3281092930761622	0.3330125758166903	0.3819735401361083	0.4164754838748275	0.3267921509066303	0.29031738659701894	0.36443407113271553	0.29597885068546853	0.3530816775633472	0.2703980268382805	0.24732920900364122	0.39699465440156856	0.350574721128711	0.27380733147131214	0.28974092419660047	0.32633288235359026	0.2693965566927604	0.28066281639732954	0.5259494750184083	0.39144677990655696	0.3297253086321986	0.2905606012716539	0.30038690565466675	0.3286360185554369	0.2834717256273757	0.3129170042785212	0.29279031564078634	0.32674702722082527	0.3454974919394495	0.21979678567548003	0.2604065292217429	0.22352374815676582	0.3235672452650742	0.32687105337702455	0.32543279931913754	0.252337130902716	0.41841296203299116	0.36409559460443985	0.3309695607102645
S10H1	0.3347189320947337	0.3738516794232828	0.3318908011730818	0.2658771823227659	0.3712998903151825	0.32862099274555867	0.31091776984533265	0.3592990912806706	0.47465663942840075	0.35461276839293066	0.35312026775256605	0.37329223988341614	0.3281092930761622	0.0	0.26721187354360604	0.38767946638802364	0.4221814101267429	0.3324980771585456	0.2960233128489343	0.3701399973846309	0.3016847769373839	0.35878760381526253	0.27610395309019586	0.25303513525555654	0.4027005806534839	0.35628064738062637	0.2795132577232275	0.2954468504485158	0.3320388086055056	0.27510248294467576	0.28636874264924483	0.5316554012703236	0.3971527061584723	0.33543123488411397	0.29626652752356925	0.3060928319065821	0.33434194480735224	0.28917765187929106	0.31862293053043655	0.2984962418927017	0.33651455506380434	0.3552650197824286	0.2295643135184591	0.270174057064722	0.2332912759997449	0.33333477310805326	0.3366385812200036	0.3352003271621166	0.26210465874569505	0.42818048987597024	0.3738631224474189	0.3407370885532436
31021	0.3396222148352618	0.3787549621638109	0.3367940839136099	0.270780465063294	0.3762031730557106	0.33352427548608676	0.31582105258586074	0.3642023740211987	0.47955992216892884	0.35951605113345875	0.35802355049309414	0.37819552262394424	0.3330125758166903	0.26721187354360604	0.0	0.39258274912855173	0.42708469286727097	0.3374013598990737	0.3009265955894624	0.375043280125159	0.306588059677912	0.3636908865557906	0.28100723583072396	0.25793841799608463	0.407603863394012	0.36118393012115446	0.2844165404637556	0.3003501331890439	0.3369420913460337	0.28000576568520386	0.2912720253897729	0.5365586840108517	0.4020559888990004	0.34033451762464206	0.30116981026409734	0.3109961146471102	0.33924522754788033	0.29408093461981916	0.32352621327096465	0.3033995246332298	0.34141783780433244	0.3601683025229567	0.2344675962589872	0.27507733980525007	0.23819455874027298	0.33823805584858135	0.3415418639605317	0.3401036099026447	0.26700794148622314	0.43308377261649833	0.378766405187947	0.3456403712937717
31219	0.3885831791546798	0.42771592648322887	0.38575504823302786	0.319741429382712	0.42516413737512865	0.38248523980550475	0.3647820169052788	0.4131633383406167	0.5285208864883468	0.40847701545287673	0.4069845148125122	0.4271564869433623	0.3819735401361083	0.38767946638802364	0.39258274912855173	0.0	0.32611689447658054	0.23643356150838327	0.31068021212885283	0.3847968966645494	0.31634167621730236	0.373444503095181	0.31672198236357596	0.29365316452893664	0.443318609926864	0.39689867665400647	0.32013128699660753	0.3360648797218959	0.3726568378788857	0.31572051221805586	0.32698677192262493	0.5722734305437037	0.43777073543185235	0.376049264157494	0.3368845567969493	0.3467108611799622	0.3749599740807323	0.3297956811526711	0.35924095980381665	0.3391142711660818	0.3903788021237505	0.4091292668423747	0.2834285605784052	0.3240383041246681	0.287155523059691	0.3871990201679994	0.39050282827994975	0.38906457422206275	0.3159689058056412	0.4820447369359163	0.427727369507365	0.3946013356131897
530050	0.42308512289339906	0.46221787022194816	0.42025699197174704	0.3542433731214312	0.4596660811138479	0.416987183544224	0.39928396064399796	0.44766528207933587	0.5630228302270661	0.44297895919159597	0.44148645855123136	0.46165843068208146	0.4164754838748275	0.4221814101267429	0.42708469286727097	0.32611689447658054	0.0	0.23545931268612053	0.34518215586757206	0.4192988404032686	0.35084361995602165	0.40794644683390024	0.35122392610229514	0.32815510826765587	0.47782055366558324	0.4314006203927257	0.35463323073532677	0.37056682346061515	0.4071587816176049	0.35022245595677504	0.36148871566134416	0.6067753742824229	0.4722726791705716	0.41055120789621324	0.3713865005356686	0.3812128049186814	0.4094619178194515	0.3642976248913904	0.3937429035425359	0.373616214904801	0.4248807458624697	0.4436312105810939	0.3179305043171244	0.35854024786338734	0.32165746679841023	0.42170096390671863	0.42500477201866893	0.42356651796078193	0.35047084954436036	0.5165466806746355	0.4622293132460843	0.42910327935190895
531414	0.33340178992520175	0.37253453725375085	0.33057365900354985	0.2645600401532339	0.3699827481456506	0.32730385057602673	0.30960062767580065	0.3579819491111386	0.4733394972588688	0.3532956262233987	0.35180312558303406	0.37197509771388415	0.3267921509066303	0.3324980771585456	0.3374013598990737	0.23643356150838327	0.23545931268612053	0.0	0.25549882289937476	0.3296155074350713	0.26116028698782434	0.31826311386570294	0.26154059313409783	0.23847177529945857	0.38813722069738593	0.3417172874245284	0.26494989776712946	0.28088349049241784	0.3174754486494076	0.26053912298857773	0.27180538269314686	0.5170920413142257	0.3825893462023743	0.32086787492801594	0.28170316756747127	0.2915294719504841	0.3197785848512542	0.2746142919231931	0.3040595705743386	0.2839328819366037	0.3351974128942724	0.3539478776128966	0.22824717134892714	0.26885691489519004	0.23197413383021293	0.3320176309385213	0.3353214390504716	0.3338831849925846	0.26078751657616306	0.42686334770643825	0.372545980277887	0.33941994638371165
S31Hp	0.2969270256155904	0.3360597729441396	0.29409889469393846	0.22808527584362265	0.3335079838360393	0.2908290862664154	0.2731258633661894	0.3215071848015273	0.4368647329492575	0.3168208619137874	0.3153283612734228	0.3355003334042729	0.29031738659701894	0.2960233128489343	0.3009265955894624	0.31068021212885283	0.34518215586757206	0.25549882289937476	0.0	0.2729951997064505	0.20453997925920347	0.26164280613708213	0.22506582882448656	0.20199701098984724	0.3516624563877746	0.30524252311491706	0.2284751334575182	0.24440872618280654	0.2810006843397963	0.22406435867896646	0.23533061838353556	0.4806172770046143	0.346114581892763	0.28439311061840467	0.24522840325785994	0.2550547076408728	0.28330382054164294	0.23813952761358176	0.26758480626472725	0.24745811762699238	0.29872264858466113	0.3174731133032853	0.19177240703931583	0.23238215058557873	0.19549936952060162	0.29554286662891005	0.29884667474086035	0.29740842068297335	0.22431275226655178	0.3903885833968269	0.3360712159682757	0.30294518207410037
31300	0.37104371015128707	0.4101764574798361	0.3682155792296351	0.30220196037931923	0.40762466837173583	0.364945770802112	0.34724254790188597	0.39562386933722393	0.5109814174849541	0.390937546449484	0.3894450458091194	0.40961701793996946	0.36443407113271553	0.3701399973846309	0.375043280125159	0.3847968966645494	0.4192988404032686	0.3296155074350713	0.2729951997064505	0.0	0.2675375130269749	0.3246403399048535	0.29918251336018314	0.2761136955255438	0.42577914092347124	0.3793592076506137	0.3025918179932148	0.31852541071850315	0.3551173688754929	0.29818104321466304	0.30944730291923217	0.554733961540311	0.42023126642845954	0.3585097951541012	0.3193450877935565	0.32917139217656943	0.35742050507733947	0.31225621214927834	0.3417014908004239	0.32157480216268897	0.37283933312035766	0.3915897978389819	0.2658890915750124	0.3064988351212753	0.26961605405629824	0.3696595511646066	0.37296335927655694	0.37152510521866994	0.29842943680224837	0.46450526793252356	0.41018790050397225	0.37706186660979696
31267	0.30258848970404	0.34172123703258916	0.29976035878238805	0.23374673993207223	0.3391694479244889	0.296490550354865	0.27878732745463897	0.3271686488899769	0.44252619703770707	0.322482326002237	0.32098982536187237	0.34116179749272246	0.29597885068546853	0.3016847769373839	0.306588059677912	0.31634167621730236	0.35084361995602165	0.26116028698782434	0.20453997925920347	0.2675375130269749	0.0	0.24052143803189963	0.23072729291293614	0.20765847507829682	0.3573239204762242	0.31090398720336665	0.23413659754596777	0.2500701902712561	0.2866621484282459	0.22972582276741604	0.24099208247198514	0.4862787410930639	0.3517760459812126	0.29005457470685425	0.2508898673463095	0.2607161717293224	0.2889652846300925	0.24380099170203134	0.27324627035317683	0.25311958171544197	0.3043841126731107	0.3231345773917349	0.19743387112776542	0.23804361467402832	0.2011608336090512	0.30120433071735964	0.30450813882930994	0.30306988477142294	0.22997421635500137	0.3960500474852765	0.3417326800567253	0.30860664616254996
530444	0.3596913165819187	0.39882406391046776	0.35686318566026676	0.29084956680995083	0.3962722748023675	0.35359337723274364	0.33589015433251757	0.38427147576785553	0.4996290239155857	0.37958515288011563	0.37809265223975097	0.39826462437060106	0.3530816775633472	0.35878760381526253	0.3636908865557906	0.373444503095181	0.40794644683390024	0.31826311386570294	0.26164280613708213	0.3246403399048535	0.24052143803189963	0.0	0.28783011979081474	0.2647613019561755	0.41442674735410284	0.3680068140812453	0.29123942442384637	0.30717301714913475	0.3437649753061245	0.28682864964529464	0.29809490934986377	0.5433815679709426	0.4088788728590912	0.34715740158473285	0.3079926942241882	0.31781899860720103	0.3460681115079711	0.30090381857991	0.3303490972310555	0.3102224085933206	0.3614869395509893	0.3802374042696135	0.25453669800564405	0.29514644155190695	0.25826366048692984	0.35830715759523823	0.36161096570718854	0.36017271164930154	0.28707704323287997	0.45315287436315516	0.3988355069346039	0.3657094730404286
F14H1B	0.277007665856852	0.3161404131854011	0.2741795349352001	0.20816591608488422	0.3135886240773008	0.270909726507677	0.25320650360745095	0.3015878250427889	0.41694537319051905	0.29690150215504896	0.29540900151468436	0.31558097364553445	0.2703980268382805	0.27610395309019586	0.28100723583072396	0.31672198236357596	0.35122392610229514	0.26154059313409783	0.22506582882448656	0.29918251336018314	0.23072729291293614	0.28783011979081474	0.0	0.13189012403620248	0.30326025385144995	0.2568403205785924	0.18007293092119347	0.19600652364648186	0.2545910197119567	0.19765469405112684	0.20892095375569594	0.45420761237677476	0.31970491726492334	0.257983445990565	0.21881873863002033	0.2286450430130332	0.25689415591380327	0.21172986298574215	0.24117514163688766	0.22104845299915277	0.2788032888259227	0.2975537535445469	0.1718530472805774	0.2124627908268403	0.1755800097618632	0.27562350687017156	0.2789273149821219	0.2774890609242349	0.20439339250781335	0.37046922363808854	0.31615185620953723	0.2830258223153619
31071	0.2539388480222127	0.2930715953507619	0.25111071710056077	0.1850970982502449	0.29051980624266155	0.24784090867303765	0.23013768577281163	0.2785190072081496	0.39387655535587973	0.27383268432040964	0.27234018368004503	0.2925121558108952	0.24732920900364122	0.25303513525555654	0.25793841799608463	0.29365316452893664	0.32815510826765587	0.23847177529945857	0.20199701098984724	0.2761136955255438	0.20765847507829682	0.2647613019561755	0.13189012403620248	0.0	0.2801914360168106	0.23377150274395309	0.15700411308655418	0.17293770581184253	0.23152220187731737	0.17458587621648752	0.18585213592105665	0.43113879454213544	0.2966360994302841	0.23491462815592573	0.195749920795381	0.2055762251783939	0.233825338079164	0.18866104515110282	0.21810632380224837	0.19797963516451347	0.2557344709912834	0.27448493570990756	0.14878422944593808	0.189393972992201	0.1525111919272239	0.2525546890355323	0.2558584971474826	0.25442024308959565	0.18132457467317406	0.3474004058034492	0.293083038374898	0.2599570044807227
31749	0.40360429342014015	0.44273704074868925	0.40077616249848813	0.3347625436481723	0.44018525164058897	0.3975063540709651	0.37980313117073905	0.42818445260607696	0.5435420007538072	0.42349812971833706	0.42200562907797246	0.44217760120882255	0.39699465440156856	0.4027005806534839	0.407603863394012	0.443318609926864	0.47782055366558324	0.38813722069738593	0.3516624563877746	0.42577914092347124	0.3573239204762242	0.41442674735410284	0.30326025385144995	0.2801914360168106	0.0	0.338874984327701	0.2621075946703021	0.30804093387522863	0.3811876472752448	0.32425132161441494	0.335517581318984	0.5808042399400628	0.44630154482821144	0.3845800735538531	0.34541536619330837	0.3552416705763213	0.38349078347709137	0.3383264905490302	0.36777176920017574	0.34764508056244087	0.40539991638921075	0.424150381107835	0.2984496748438655	0.3390594183901284	0.30217663732515126	0.40222013443345966	0.40552394254541	0.404085688487523	0.33099002007110145	0.49706585120137664	0.4427484837728254	0.40962244987865004
31416	0.35718436014728255	0.3963171074758317	0.3543562292256306	0.2883426103753147	0.3937653183677314	0.3510864207981075	0.3333831978978815	0.3817645193332194	0.49712206748094956	0.37707819644547946	0.3755856958051149	0.395757667935965	0.350574721128711	0.35628064738062637	0.36118393012115446	0.39689867665400647	0.4314006203927257	0.3417172874245284	0.30524252311491706	0.3793592076506137	0.31090398720336665	0.3680068140812453	0.2568403205785924	0.23377150274395309	0.338874984327701	0.0	0.20565995481229823	0.2616210006023711	0.33476771400238725	0.2778313883415574	0.2890976480461265	0.5343843066672053	0.3998816115553539	0.33816014028099556	0.29899543292045083	0.30882173730346374	0.33707085020423383	0.29190655727617265	0.3213518359273182	0.30122514728958333	0.3589799831163532	0.37773044783497745	0.25202974157100794	0.29263948511727084	0.2557567040522937	0.3558002011606021	0.3591040092725525	0.3576657552146655	0.2845700867982439	0.45064591792851905	0.39632855049996785	0.3632025166057925
31360	0.2804169704898836	0.3195497178184328	0.27758883956823166	0.21157522071791585	0.3169979287103325	0.2743190311407086	0.2566158082404826	0.3049971296758205	0.4203546778235507	0.3003108067880806	0.298818306147716	0.3189902782785661	0.27380733147131214	0.2795132577232275	0.2844165404637556	0.32013128699660753	0.35463323073532677	0.26494989776712946	0.2284751334575182	0.3025918179932148	0.23413659754596777	0.29123942442384637	0.18007293092119347	0.15700411308655418	0.2621075946703021	0.20565995481229823	0.0	0.1848536109449722	0.2580003243449883	0.20106399868415847	0.21233025838872754	0.45761691700980633	0.32311422189795497	0.2613927506235966	0.22222804326305196	0.2320543476460648	0.2603034605468349	0.21513916761877377	0.24458444626991926	0.2244577576321844	0.28221259345895433	0.3009630581775785	0.175262351913609	0.2158720954598719	0.17898931439489482	0.2790328115032032	0.28233661961515355	0.28089836555726655	0.20780269714084498	0.3738785282711201	0.3195611608425689	0.28643512694839357
S7Hp	0.296350563215172	0.33548331054372116	0.29352243229352004	0.22750881344320417	0.3329315214356208	0.29025262386599693	0.27254940096577096	0.32093072240110887	0.436288270548839	0.3162443995133689	0.31475189887300437	0.33492387100385446	0.28974092419660047	0.2954468504485158	0.3003501331890439	0.3360648797218959	0.37056682346061515	0.28088349049241784	0.24440872618280654	0.31852541071850315	0.2500701902712561	0.30717301714913475	0.19600652364648186	0.17293770581184253	0.30804093387522863	0.2616210006023711	0.1848536109449722	0.0	0.2739339170702767	0.21699759140944683	0.22826385111401593	0.4735505097350947	0.33904781462324335	0.277326343348885	0.2381616359883403	0.2479879403713532	0.2762370532721233	0.23107276034406213	0.26051803899520765	0.24039135035747278	0.29814618618424266	0.3168966509028669	0.19119594463889739	0.23180568818516029	0.19492290712018318	0.2949664042284916	0.29827021234044193	0.29683195828255493	0.22373628986613334	0.3898121209964085	0.3354947535678573	0.30236871967368195
31723	0.33294252137216174	0.37207526870071084	0.33011439045050983	0.26410077160019396	0.36952347959261056	0.3268445820229867	0.3091413591227607	0.35752268055809866	0.4728802287058288	0.3528363576703587	0.3513438570299941	0.3715158291608442	0.32633288235359026	0.3320388086055056	0.3369420913460337	0.3726568378788857	0.4071587816176049	0.3174754486494076	0.2810006843397963	0.3551173688754929	0.2866621484282459	0.3437649753061245	0.2545910197119567	0.23152220187731737	0.3811876472752448	0.33476771400238725	0.2580003243449883	0.2739339170702767	0.0	0.19721391545182593	0.20848017515639503	0.45376683377747384	0.3192641386656224	0.2575426673912641	0.2183779600307194	0.22820426441373232	0.25645337731450235	0.2231541714469742	0.2793684981016853	0.25924180946395037	0.3347381443412324	0.35348860905985663	0.22778790279588715	0.26839764634215	0.23151486527717294	0.3315583623854813	0.33486217049743167	0.33342391643954467	0.2603282480231231	0.4264040791533983	0.372086711724847	0.33896067783067163
530315	0.2760061957113319	0.315138943039881	0.27317806478968	0.20716444593936412	0.3125871539317807	0.2699082563621569	0.25220503346193085	0.3005863548972688	0.41594390304499895	0.29590003200952886	0.29440753136916425	0.31457950350001435	0.2693965566927604	0.27510248294467576	0.28000576568520386	0.31572051221805586	0.35022245595677504	0.26053912298857773	0.22406435867896646	0.29818104321466304	0.22972582276741604	0.28682864964529464	0.19765469405112684	0.17458587621648752	0.32425132161441494	0.2778313883415574	0.20106399868415847	0.21699759140944683	0.19721391545182593	0.0	0.10454380584642001	0.34983046446749877	0.21532776935564743	0.17736402363640805	0.13819931627586335	0.16283229198349153	0.1910814048842616	0.16621784578614432	0.22243217244085542	0.20230548380312052	0.2778018186804026	0.2965522833990268	0.1708515771350573	0.2114613206813202	0.1745785396163431	0.27462203672465146	0.2779258448366018	0.2764875907787148	0.20339192236229325	0.36946775349256844	0.31515038606401713	0.2820243521698418
530163	0.287272455415901	0.3264052027444502	0.28444432449424906	0.2184307056439332	0.32385341363634984	0.28117451606672594	0.2634712931665	0.3118526146018379	0.427210162749568	0.3071662917140979	0.3056737910737334	0.32584576320458347	0.28066281639732954	0.28636874264924483	0.2912720253897729	0.32698677192262493	0.36148871566134416	0.27180538269314686	0.23533061838353556	0.30944730291923217	0.24099208247198514	0.29809490934986377	0.20892095375569594	0.18585213592105665	0.335517581318984	0.2890976480461265	0.21233025838872754	0.22826385111401593	0.20848017515639503	0.10454380584642001	0.0	0.3406000000388033	0.20609730492695194	0.18863028334097715	0.14946557598043247	0.1740985516880606	0.2023476645888307	0.17748410549071342	0.23369843214542452	0.21357174350768965	0.28906807838497167	0.3078185431035959	0.1821178368396264	0.2227275803858893	0.1858447993209122	0.2858882964292206	0.28919210454117095	0.28775385048328395	0.21465818206686235	0.3807340131971375	0.3264166457685863	0.29329061187441097
F29H1	0.5325591140369798	0.5716918613655289	0.5297309831153278	0.463717364265012	0.5691400722574286	0.5264611746878047	0.5087579517875787	0.5571392732229167	0.6724968213706468	0.5524529503351767	0.5509604496948122	0.5711324218256622	0.5259494750184083	0.5316554012703236	0.5365586840108517	0.5722734305437037	0.6067753742824229	0.5170920413142257	0.4806172770046143	0.554733961540311	0.4862787410930639	0.5433815679709426	0.45420761237677476	0.43113879454213544	0.5808042399400628	0.5343843066672053	0.45761691700980633	0.4735505097350947	0.45376683377747384	0.34983046446749877	0.3406000000388033	0.0	0.37406314602795715	0.43391694196205594	0.39475223460151126	0.4193852103091394	0.4476343232099095	0.4227707641117922	0.4789850907665033	0.45885840212876844	0.5343547370060504	0.5531052017246747	0.42740449546070514	0.46801423900696804	0.431131457941991	0.5311749550502993	0.5344787631622496	0.5330405091043627	0.45994484068794117	0.6260206718182163	0.571703304389665	0.5385772704954896
31512	0.3980564189251285	0.43718916625367754	0.39522828800347654	0.32921466915316067	0.43463737714557726	0.3919584795759534	0.3742552566757274	0.42263657811106536	0.5379941262587955	0.4179502552233254	0.4164577545829608	0.43662972671381084	0.39144677990655696	0.3971527061584723	0.4020559888990004	0.43777073543185235	0.4722726791705716	0.3825893462023743	0.346114581892763	0.42023126642845954	0.3517760459812126	0.4088788728590912	0.31970491726492334	0.2966360994302841	0.44630154482821144	0.3998816115553539	0.32311422189795497	0.33904781462324335	0.3192641386656224	0.21532776935564743	0.20609730492695194	0.37406314602795715	0.0	0.29941424685020457	0.2602495394896599	0.284882515197288	0.3131316280980581	0.28826806899994084	0.34448239565465194	0.32435570701691707	0.3998520418941991	0.4186025066128233	0.2929018003488538	0.3335115438951167	0.2966287628301396	0.396672259938448	0.3999760680503983	0.3985378139925114	0.32544214557608986	0.491517976706365	0.4372006092778137	0.4040745753836384
530052	0.3363349476507701	0.3754676949793192	0.3335068167291182	0.26749319787880227	0.3729159058712189	0.3302370083015951	0.312533785401369	0.36091510683670697	0.47627265498443716	0.35622878394896706	0.3547362833086024	0.3749082554394525	0.3297253086321986	0.33543123488411397	0.34033451762464206	0.376049264157494	0.41055120789621324	0.32086787492801594	0.28439311061840467	0.3585097951541012	0.29005457470685425	0.34715740158473285	0.257983445990565	0.23491462815592573	0.3845800735538531	0.33816014028099556	0.2613927506235966	0.277326343348885	0.2575426673912641	0.17736402363640805	0.18863028334097715	0.43391694196205594	0.29941424685020457	0.0	0.18429798165504307	0.22316104392292968	0.25141015682369977	0.2265465977255825	0.2827609243802936	0.26263423574255873	0.33813057061984075	0.35688103533846494	0.23118032907449548	0.2717900726207584	0.23490729155578127	0.33495078866408967	0.33825459677604	0.336816342718153	0.2637206743017314	0.4297965054320066	0.37547913800345534	0.34235310410928
31333	0.2971702402902254	0.33630298761877453	0.2943421093685734	0.2283284905182576	0.33375119851067425	0.29107230094105035	0.27336907804082433	0.32175039947616224	0.43710794762389243	0.31706407658842234	0.31557157594805774	0.3357435480789078	0.2905606012716539	0.29626652752356925	0.30116981026409734	0.3368845567969493	0.3713865005356686	0.28170316756747127	0.24522840325785994	0.3193450877935565	0.2508898673463095	0.3079926942241882	0.21881873863002033	0.195749920795381	0.34541536619330837	0.29899543292045083	0.22222804326305196	0.2381616359883403	0.2183779600307194	0.13819931627586335	0.14946557598043247	0.39475223460151126	0.2602495394896599	0.18429798165504307	0.0	0.183996336562385	0.2122454494631551	0.18738189036503783	0.2435962170197489	0.223469528382014	0.2989658632592961	0.31771632797792027	0.19201562171395078	0.23262536526021368	0.19574258419523657	0.295786081303545	0.2990898894154953	0.2976516353576083	0.22455596694118674	0.39063179807146187	0.33631443064291067	0.3031883967487353
530075	0.3069965446732383	0.34612929200178744	0.3041684137515863	0.23815479490127045	0.3435775028936871	0.3008986053240632	0.28319538242383724	0.33157670385917515	0.4469342520069053	0.3268903809714352	0.32539788033107064	0.34556985246192073	0.30038690565466675	0.3060928319065821	0.3109961146471102	0.3467108611799622	0.3812128049186814	0.2915294719504841	0.2550547076408728	0.32917139217656943	0.2607161717293224	0.31781899860720103	0.2286450430130332	0.2055762251783939	0.3552416705763213	0.30882173730346374	0.2320543476460648	0.2479879403713532	0.22820426441373232	0.16283229198349153	0.1740985516880606	0.4193852103091394	0.284882515197288	0.22316104392292968	0.183996336562385	0.0	0.17391441694121013	0.19720819474805068	0.2534225214027618	0.2332958327650269	0.30879216764230893	0.3275426323609332	0.20184192609696366	0.24245166964322656	0.20556888857824945	0.30561238568655785	0.3089161937985082	0.3074779397406212	0.23438227132419961	0.4004581024544748	0.3461407350259236	0.31301470113174823
530215	0.33524565757400837	0.37437840490255747	0.33241752665235647	0.26640390780204054	0.3718266157944572	0.32914771822483335	0.3114444953246073	0.35982581675994524	0.47518336490767543	0.35513949387220534	0.3536469932318407	0.37381896536269077	0.3286360185554369	0.33434194480735224	0.33924522754788033	0.3749599740807323	0.4094619178194515	0.3197785848512542	0.28330382054164294	0.35742050507733947	0.2889652846300925	0.3460681115079711	0.25689415591380327	0.233825338079164	0.38349078347709137	0.33707085020423383	0.2603034605468349	0.2762370532721233	0.25645337731450235	0.1910814048842616	0.2023476645888307	0.4476343232099095	0.3131316280980581	0.25141015682369977	0.2122454494631551	0.17391441694121013	0.0	0.22545730764882077	0.28167163430353187	0.261544945665797	0.337041280543079	0.3557917452617032	0.23009103899773375	0.27070078254399665	0.23381800147901954	0.33386149858732794	0.33716530669927824	0.33572705264139124	0.2626313842249697	0.42870721535524486	0.3743898479266936	0.34126381403251826
31519	0.2900813646459472	0.32921411197449635	0.28725323372429523	0.22123961487397942	0.32666232286639607	0.2839834252967722	0.26628020239654615	0.31466152383188406	0.43001907197961425	0.30997520094414416	0.30848270030377956	0.32865467243462965	0.2834717256273757	0.28917765187929106	0.29408093461981916	0.3297956811526711	0.3642976248913904	0.2746142919231931	0.23813952761358176	0.31225621214927834	0.24380099170203134	0.30090381857991	0.21172986298574215	0.18866104515110282	0.3383264905490302	0.29190655727617265	0.21513916761877377	0.23107276034406213	0.2231541714469742	0.16621784578614432	0.17748410549071342	0.4227707641117922	0.28826806899994084	0.2265465977255825	0.18738189036503783	0.19720819474805068	0.22545730764882077	0.0	0.23650734137547072	0.21638065273773582	0.2918769876150179	0.3106274523336421	0.1849267460696726	0.2255364896159355	0.1886537085509584	0.2886972056592668	0.2920010137712171	0.2905627597133301	0.21746709129690855	0.3835429224271837	0.3292255549986325	0.29609952110445714
31328	0.31952664329709274	0.3586593906256419	0.3166985123754408	0.2506848935251249	0.35610760151754156	0.31342870394791766	0.2957254810476917	0.3441068024830296	0.45946435063075974	0.33942047959528965	0.3379279789549251	0.3580999510857752	0.3129170042785212	0.31862293053043655	0.32352621327096465	0.35924095980381665	0.3937429035425359	0.3040595705743386	0.26758480626472725	0.3417014908004239	0.27324627035317683	0.3303490972310555	0.24117514163688766	0.21810632380224837	0.36777176920017574	0.3213518359273182	0.24458444626991926	0.26051803899520765	0.2793684981016853	0.22243217244085542	0.23369843214542452	0.4789850907665033	0.34448239565465194	0.2827609243802936	0.2435962170197489	0.2534225214027618	0.28167163430353187	0.23650734137547072	0.0	0.20882575043577933	0.3213222662661634	0.34007273098478763	0.21437202472081812	0.254981768267081	0.2180989872021039	0.3181424843104123	0.32144629242236267	0.32000803836447567	0.24691236994805407	0.41298820107832923	0.35867083364977803	0.3255447997556027
