	f26pp	w2pp	f2pp	S26Hp	w27pp	S3Hp	w3pp	S15Hp	f20ppA	S16H2	w25pp	F32H1	w31pp	f23ppB	f1pp	w14pp	f17ppB	f13pp	f14ppA	f6ppB	S13Hp	F23HpA	S9H1	w11pp	S23Hp	f11pp	F7H1	S2Hp	F3H1	w8pp	w9pp	f7pp	w19pp	w17pp	w28pp	w22pp	f16ppB	w16pp	f14ppB	f16ppA	w10pp	w20pp	w13pp	f6ppA	f22ppA	F14H1A	f19pp	f4pp	w26pp	f10pp	f30pp	w23pp	f12ppA	f12ppB	530451	w4pp	w1pp	f23ppA	f21pp	w15pp	w29pp	f32pp	S12Hp	w12pp	w18pp	f25pp	f24pp	f8pp	w24pp
f26pp	0.0	0.1776255436283861	0.13968910871602208	0.30828278777395857	0.25293023912025747	0.17964984652762445	0.15746209140954787	0.3171702225349738	0.14332652491311604	0.34844038536448474	0.28645916727409154	0.3393925831593798	0.17953346575475165	0.24581596748237886	0.1832786302663404	0.23765100468927505	0.17086993164371686	0.17956199643375492	0.19081185140307902	0.15792998878741232	1.0226717215856642	0.34278633071148035	0.3367922187688579	0.19288053155753504	0.32327188654022465	0.2482874331389165	0.3454425367944553	0.32464964021468123	0.3452068461659267	0.2858280399365838	0.16594354151402135	0.16756506339996527	0.17779923430978029	0.17602010481561775	0.17568650105450295	0.2163173082003636	0.2655428313555307	0.17868650817064974	0.26262674202679936	0.2014184079451046	0.15635701899613166	0.1526575664400614	0.26236279764087916	0.23164785621010006	0.2559380247464905	0.3503928021822689	0.26516593831131363	0.21005102034742254	0.15086641334009995	0.15588101399702003	0.19739827979416433	0.17661707452837333	0.237205569687162	0.12761218859807838	0.3667362778790165	0.21325192079742095	0.13355513372129346	0.19627294253805988	0.20955288494444252	0.2762826164248656	0.17339910170735423	0.2038680245747929	0.27664732153536664	0.20914855656662207	0.13372786069946146	0.19782547777651596	0.11588478215992003	0.14543653267702916	0.10150821398246114
w2pp	0.1776255436283861	0.0	0.07731037972878646	0.28629506975793045	0.23094252110422936	0.15766212851159633	0.13547437339351975	0.2951825045189457	0.13018647351206142	0.33530033396343006	0.2733191158730369	0.32625253175832525	0.16639341435369703	0.23267591608132424	0.17013857886528577	0.22451095328822043	0.15772988024266224	0.1664219450327003	0.1776718000020244	0.1447899373863577	1.0095316701846095	0.3296462793104258	0.3236521673678033	0.17974048015648042	0.31013183513917003	0.23514738173786187	0.3323024853934007	0.31150958881362667	0.3320667947648721	0.2726879885355291	0.15280349011296673	0.15442501199891065	0.16465918290872567	0.16288005341456313	0.16254644965344833	0.20317725679930898	0.2524027799544761	0.16554645676959512	0.24948669062574474	0.18827835654404998	0.14321696759507704	0.13951751503900678	0.24922274623982454	0.21850780480904544	0.2427979733454359	0.3372527507812143	0.252025886910259	0.19691096894636792	0.13772636193904533	0.14274096259596541	0.1842582283931097	0.1634770231273187	0.22406551828610738	0.11447213719702376	0.3535962264779619	0.20011186939636633	0.12041508232023884	0.18313289113700526	0.1964128335433879	0.263142565023811	0.1602590503062996	0.19072797317373827	0.2635072701343121	0.19600850516556745	0.12058780929840686	0.18468542637546134	0.10274473075886541	0.13229648127597454	0.08836816258140652
f2pp	0.13968910871602208	0.07731037972878646	0.0	0.24835863484556647	0.19300608619186532	0.11972569359923231	0.09753793848115573	0.2572460696065817	0.09225003859969741	0.2973638990510661	0.2353826809606729	0.2883160968459612	0.128456979441333	0.19473948116896023	0.1322021439529218	0.18657451837585642	0.11979344533029823	0.12848551012033627	0.1397353650896604	0.1068535024739937	0.9715952352722457	0.29170984439806175	0.28571573245543924	0.1418040452441164	0.272195400226806	0.19721094682549786	0.2943660504810367	0.27357315390126263	0.29413035985250807	0.23475155362316513	0.11486705520060271	0.11648857708654664	0.12672274799636163	0.12494361850219911	0.12461001474108431	0.16524082188694497	0.21446634504211207	0.12761002185723108	0.21155025571338074	0.15034192163168597	0.10528053268271303	0.10158108012664277	0.21128631132746054	0.18057136989668143	0.2048615384330719	0.2993163158688503	0.214089451997895	0.1589745340340039	0.09978992702668132	0.10480452768360142	0.1463217934807457	0.12554058821495467	0.18612908337374337	0.07653570228465975	0.31565979156559787	0.16217543448400232	0.08247864740787483	0.14519645622464122	0.15847639863102392	0.225206130111447	0.12232261539393562	0.15279153826137426	0.22557083522194804	0.15807207025320347	0.08265137438604285	0.14674899146309733	0.0648082958465014	0.09436004636361053	0.05043172766904251
S26Hp	0.30828278777395857	0.28629506975793045	0.24835863484556647	0.0	0.275298619146658	0.20201822655402493	0.2212258924528	0.380934023578226	0.2608437176576339	0.46595757810900257	0.40397636001860937	0.4569097759038977	0.2970506584992695	0.3633331602268967	0.3007958230108583	0.3551681974337929	0.2883871243882347	0.29707918917827275	0.3083290441475969	0.27544718153193015	1.1401889143301822	0.46030352345599823	0.4543094115133758	0.3103977243020529	0.44078907928474254	0.3658046258834343	0.46295972953897313	0.4421668329591991	0.46272403891044456	0.4033452326811016	0.2834607342585392	0.2850822561444831	0.2953164270542981	0.2935372975601356	0.2932036937990208	0.33383450094488143	0.3830600241000486	0.29620370091516757	0.38014393477131725	0.31893560068962246	0.2738742117406495	0.2701747591845792	0.379879990385397	0.3491650489546179	0.3734552174910084	0.46790999492678675	0.3826831310558315	0.3275682130919404	0.2683836060846178	0.2733982067415379	0.3149154725386822	0.29413426727289116	0.3547227624316799	0.24512938134259624	0.4842534706235344	0.33076911354193883	0.25107232646581135	0.3137901352825777	0.3270700776889604	0.3937998091693835	0.2909162944518721	0.32138521731931075	0.3941645142798845	0.32666574931113995	0.25124505344397935	0.3153426705210338	0.23340197490443787	0.262953725421547	0.21902540672697898
w27pp	0.25293023912025747	0.23094252110422936	0.19300608619186532	0.275298619146658	0.0	0.142321718457681	0.1658733437990989	0.3255814749245248	0.20549116900393277	0.4106050294553014	0.3486238113649083	0.4015572272501966	0.2416981098455684	0.30798061157319556	0.24544327435715713	0.2998156487800918	0.2330345757345336	0.24172664052457166	0.2529764954938958	0.22009463287822906	1.084836365676481	0.40495097480229714	0.39895686285967463	0.2550451756483518	0.3854365306310414	0.3104520772297332	0.40760718088527204	0.386814284305498	0.40737149025674346	0.34799268402740047	0.2281081856048381	0.229729707490782	0.23996387840059702	0.23818474890643448	0.2378511451453197	0.27848195229118033	0.32770747544634743	0.24085115226146647	0.3247913861176161	0.26358305203592136	0.2185216630869484	0.21482221053087813	0.3245274417316959	0.29381250030091677	0.31810266883730726	0.41255744627308566	0.32733058240213037	0.2722156644382393	0.2130310574309167	0.21804565808783677	0.25956292388498103	0.23878171861919006	0.29937021377797873	0.18977683268889511	0.42890092196983326	0.2754165648882377	0.1957197778121102	0.2584375866288766	0.27171752903525925	0.33844726051568236	0.23556374579817096	0.2660326686656096	0.33881196562618343	0.2713132006574388	0.1958925047902782	0.2599901218673327	0.17804942625073675	0.2076011767678459	0.16367285807327786
S3Hp	0.17964984652762445	0.15766212851159633	0.11972569359923231	0.20201822655402493	0.142321718457681	0.0	0.09259295120646585	0.2523010823318918	0.13221077641129975	0.33732463686266845	0.27534341877227525	0.3282768346575636	0.16841771725293536	0.2347002189805626	0.17216288176452413	0.2265352561874588	0.1597541831419006	0.16844624793193863	0.17969610290126276	0.14681424028559603	1.011555973083848	0.3316705822096641	0.3256764702670416	0.18176478305571875	0.31215613803840836	0.2371716846371002	0.334326788292639	0.313533891712865	0.33409109766411044	0.2747122914347675	0.15482779301220506	0.156449314898149	0.166683485807964	0.16490435631380146	0.16457075255268666	0.2052015596985473	0.2544270828537144	0.16757075966883345	0.2515109935249831	0.19030265944328834	0.1452412704943154	0.1415418179382451	0.2512470491390629	0.2205321077082838	0.24482227624467423	0.33927705368045263	0.25405018980949734	0.19893527184560628	0.1397506648382837	0.14476526549520377	0.18628253129234806	0.16550132602655704	0.2260898211853457	0.1164964400962621	0.35562052937720023	0.20213617229560465	0.12243938521947718	0.1851571940362436	0.19843713644262626	0.26516686792304933	0.16228335320553797	0.19275227607297662	0.2655315730335504	0.1980328080648058	0.1226121121976452	0.1867097292746997	0.10476903365810375	0.13432078417521287	0.09039246548064486
w3pp	0.15746209140954787	0.13547437339351975	0.09753793848115573	0.2212258924528	0.1658733437990989	0.09259295120646585	0.0	0.20742071158319975	0.11002302129322318	0.31513688174459187	0.25315566365419867	0.306089079539487	0.14622996213485878	0.212512463862486	0.14997512664644755	0.2043475010693822	0.13756642802382402	0.14625849281386205	0.15750834778318618	0.12462648516751947	0.9893682179657715	0.30948282709158753	0.303488715148965	0.15957702793764217	0.2899683829203318	0.21498392951902362	0.31213903317456243	0.2913461365947884	0.31190334254603386	0.2525245363166909	0.13264003789412848	0.13426155978007243	0.1444957306898874	0.14271660119572488	0.14238299743461008	0.18301380458047073	0.23223932773563782	0.14538300455075687	0.2293232384069065	0.16811490432521176	0.12305351537623882	0.11935406282016854	0.2290592940209863	0.19834435259020722	0.22263452112659765	0.31708929856237605	0.23186243469142076	0.1767475167275297	0.1175629097202071	0.12257751037712719	0.16409477617427148	0.14331357090848046	0.20390206606726913	0.09430868497818552	0.33343277425912365	0.17994841717752807	0.1002516301014006	0.162969438918167	0.17624938132454968	0.24297911280497275	0.1400955980874614	0.17056452095490005	0.24334381791547383	0.17584505294672922	0.10042435707956862	0.16452197415662312	0.08258127854002717	0.11213302905713629	0.06820471036256828
S15Hp	0.3171702225349738	0.2951825045189457	0.2572460696065817	0.380934023578226	0.3255814749245248	0.2523010823318918	0.20742071158319975	0.0	0.2697311524186491	0.4748450128700178	0.41286379477962465	0.4657972106649129	0.3059380932602847	0.37222059498791193	0.3096832577718735	0.36405563219480813	0.29727455914924994	0.305966623939288	0.3172164789086121	0.28433461629294543	1.1490763490911973	0.46919095821701345	0.46319684627439095	0.3192851590630681	0.4496765140457577	0.3746920606444496	0.4718471642999884	0.45105426772021434	0.4716114736714598	0.41223266744211684	0.2923481690195544	0.29396969090549835	0.30420386181531334	0.3024247323211508	0.302091128560036	0.3427219357058967	0.39194745886106375	0.3050911356761828	0.3890313695323324	0.3278230354506377	0.28276164650166474	0.2790621939455945	0.38876742514641227	0.35805248371563314	0.3823426522520236	0.47679742968780203	0.3915705658168467	0.3364556478529556	0.27727104084563303	0.28228564150255314	0.3238029072996974	0.3030217020339064	0.36361019719269505	0.2540168161036115	0.4931409053845496	0.339656548302954	0.2599597612268265	0.32267757004359293	0.3359575124499756	0.4026872439303987	0.29980372921288734	0.33027265208032597	0.40305194904089975	0.3355531840721552	0.26013248820499457	0.32423010528204904	0.2422894096654531	0.2718411601825622	0.2279128414879942
f20ppA	0.14332652491311604	0.13018647351206142	0.09225003859969741	0.2608437176576339	0.20549116900393277	0.13221077641129975	0.11002302129322318	0.2697311524186491	0.0	0.20728627218301768	0.1453050540926245	0.1982384699779128	0.03837935257328462	0.10466185430091184	0.05165383800320872	0.1060262124261434	0.03924513938058517	0.06365971533403525	0.07490957030335936	0.042027707687692664	0.9067694404859447	0.2268840496117607	0.22088993766913823	0.07697825045781538	0.20736960544050498	0.13238515203919682	0.22954025569473563	0.2087473591149616	0.22930456506620703	0.1699257588368641	0.05004126041430169	0.05166278230024562	0.07753956795045035	0.0757604384562878	0.07542683469517301	0.11605764184103368	0.16528316499620077	0.0784268418113198	0.16236707566746944	0.10115874158577468	0.056097352636801746	0.052397900080731474	0.16210313128154924	0.13138818985077014	0.1556783583871606	0.250133135822939	0.1649062719519837	0.10979135398809262	0.05060674698077003	0.055621347637690124	0.0971386134348344	0.07635740816904338	0.13694590332783207	0.0338640434677762	0.28963080102405714	0.1361464439424616	0.0564496568663341	0.1191674656831005	0.1324474080894832	0.1991771395699063	0.09629362485239489	0.12676254771983353	0.1995418446804073	0.13204307971166274	0.05662238384450212	0.1288210258516791	0.04688033023508316	0.0764320807521923	0.04182031093165496
S16H2	0.34844038536448474	0.33530033396343006	0.2973638990510661	0.46595757810900257	0.4106050294553014	0.33732463686266845	0.31513688174459187	0.4748450128700178	0.20728627218301768	0.0	0.28120825216350187	0.33414166804879014	0.2093175469566481	0.29601978465152007	0.2567676984545774	0.3111400728775121	0.24435899983195386	0.2687735757854039	0.280023430754728	0.24714156813906132	1.1118833009373132	0.4319979100631294	0.4260037981205069	0.28209211090918407	0.4124834658918737	0.33749901249056546	0.4346541161461043	0.41386121956633026	0.4344184255175757	0.37503961928823276	0.2551551208656704	0.25677664275161427	0.282653428401819	0.28087429890765647	0.2805406951465417	0.3211715022924023	0.3703970254475695	0.28354070226268846	0.36748093611883814	0.30627260203714335	0.2612112130881704	0.2575117605321002	0.3672169917329179	0.3365020503021388	0.3607922188385293	0.45524699627430765	0.3700201324033524	0.3149052144394613	0.2557206074321387	0.2607352080890588	0.3022524738862031	0.28147126862041205	0.3420597637792008	0.2389779039191449	0.49474466147542584	0.34126030439383026	0.2615635173177028	0.3242813261344692	0.3375612685408519	0.40429100002127494	0.3014074853037636	0.33187640817120223	0.404655705131776	0.33715694016303144	0.26173624429587083	0.3339348863030478	0.25199419068645185	0.28154594120356097	0.24693417138302362
w25pp	0.28645916727409154	0.2733191158730369	0.2353826809606729	0.40397636001860937	0.3486238113649083	0.27534341877227525	0.25315566365419867	0.41286379477962465	0.1453050540926245	0.28120825216350187	0.0	0.2098622203663869	0.14733632886625492	0.23403856656112687	0.19478648036418422	0.2491588547871189	0.1823777817415607	0.20679235769501075	0.21804221266433485	0.18516035004866815	1.04990208284692	0.37001669197273623	0.36402258003011373	0.22011089281879087	0.3505022478014805	0.2755177944001723	0.37267289805571113	0.3518800014759371	0.37243720742718256	0.31305840119783956	0.19317390277527718	0.19479542466122113	0.22067221031142586	0.2188930808172633	0.21855947705614853	0.2591902842020092	0.3084158073571763	0.22155948417229532	0.30549971802844494	0.24429138394675018	0.19922999499777724	0.19553054244170698	0.30523577364252474	0.2745208322117456	0.2988110007481361	0.3932657781839145	0.3080389143129592	0.25292399634906815	0.19373938934174553	0.19875398999866561	0.2402712557958099	0.21949005053001888	0.2800785456888076	0.17699668582875172	0.4327634433850327	0.2792790863034371	0.19958229922730963	0.262300108044076	0.2755800504504587	0.3423097819308818	0.2394262672133704	0.26989519008080903	0.3426744870413828	0.27517572207263824	0.19975502620547764	0.2719536682126546	0.19001297259605868	0.2195647231131678	0.18495295329263045
F32H1	0.3393925831593798	0.32625253175832525	0.2883160968459612	0.4569097759038977	0.4015572272501966	0.3282768346575636	0.306089079539487	0.4657972106649129	0.1982384699779128	0.33414166804879014	0.2098622203663869	0.0	0.20026974475154322	0.2869719824464152	0.24771989624947252	0.3020922706724072	0.235311197626849	0.259725773580299	0.27097562854962315	0.23809376593395645	1.1028354987322084	0.4229501078580245	0.416955995915402	0.27304430870407914	0.40343566368676875	0.32845121028546065	0.42560631394099946	0.4048134173612254	0.42537062331247083	0.3659918170831279	0.24610731866056548	0.2477288405465094	0.27360562619671414	0.2718264967025516	0.2714928929414368	0.3121237000872975	0.36134922324246455	0.2744929000575836	0.3584331339137332	0.2972247998320385	0.25216341088306554	0.24846395832699528	0.35816918952781307	0.32745424809703394	0.3517444166334244	0.44619919406920283	0.3609723301982475	0.3058574122343564	0.24667280522703383	0.25168740588395394	0.2932046716810982	0.2724234664153072	0.3330119615740959	0.22993010171404002	0.48569685927032097	0.3322125021887254	0.2525157151125979	0.3152335239293643	0.32851346633574696	0.3952431978161701	0.2923596830986587	0.32282860596609736	0.39560790292667114	0.3281091379579265	0.2526884420907659	0.3248870840979429	0.24294638848134698	0.2724981389984561	0.23788636917791875
w31pp	0.17953346575475165	0.16639341435369703	0.128456979441333	0.2970506584992695	0.2416981098455684	0.16841771725293536	0.14622996213485878	0.3059380932602847	0.03837935257328462	0.2093175469566481	0.14733632886625492	0.20026974475154322	0.0	0.12711286504178698	0.08786077884484432	0.142233153267779	0.07545208022222077	0.09986665617567084	0.11111651114499496	0.07823464852932827	0.9429763813275802	0.2630909904533963	0.25709687851077384	0.11318519129945098	0.2435765462821406	0.16859209288083243	0.26574719653637124	0.2449542999565972	0.2655115059078426	0.2061326996784997	0.0862482012559373	0.08786972314188121	0.11374650879208595	0.11196737929792341	0.11163377553680862	0.1522645826826693	0.2014901058378364	0.1146337826529554	0.19857401650910506	0.13736568242741026	0.09230429347843735	0.08860484092236708	0.19831007212318486	0.16759513069240572	0.1918852992287962	0.2863400766645746	0.20111321279361932	0.1459982948297282	0.08681368782240563	0.09182828847932573	0.13334555427647	0.112564349010679	0.1731528441694677	0.0700709843094118	0.32583774186569275	0.17235338478409717	0.0926565977079697	0.1553744065247361	0.16865434893111877	0.23538408041154188	0.1325005656940305	0.16296948856146914	0.23574878552204293	0.16825002055329832	0.09282932468613772	0.1650279666933147	0.08308727107671876	0.11263902159382788	0.07802725177329056
f23ppB	0.24581596748237886	0.23267591608132424	0.19473948116896023	0.3633331602268967	0.30798061157319556	0.2347002189805626	0.212512463862486	0.37222059498791193	0.10466185430091184	0.29601978465152007	0.23403856656112687	0.2869719824464152	0.12711286504178698	0.0	0.15414328057247154	0.2085156549954062	0.14173458194984798	0.16614915790329804	0.17739901287262216	0.14451715025695547	1.0092588830552074	0.3293734921810235	0.32337938023840107	0.17946769302707818	0.3098590480097678	0.23487459460845964	0.3320296982639984	0.3112368016842244	0.33179400763546985	0.2724152014061269	0.1525307029835645	0.15415222486950841	0.18002901051971315	0.17824988102555062	0.17791627726443582	0.2185470844102965	0.2677726075654636	0.1809162843805826	0.2648565182367323	0.2036481841550375	0.15858679520606456	0.1548873426499943	0.26459257385081203	0.23387763242003295	0.25816780095642344	0.3526225783922018	0.26739571452124655	0.21228079655735543	0.15309618955003285	0.15811079020695296	0.19962805600409722	0.1788468507383062	0.23943534589709492	0.13635348603703903	0.39212024359332	0.2386358865117244	0.15893909943559692	0.22165690825236334	0.234936850658746	0.3016665821391691	0.19878306742165772	0.22925199028909637	0.30203128724967016	0.23453252228092555	0.15911182641376495	0.23131046842094194	0.149369772804346	0.1789215233214551	0.14430975350091776
f1pp	0.1832786302663404	0.17013857886528577	0.1322021439529218	0.3007958230108583	0.24544327435715713	0.17216288176452413	0.14997512664644755	0.3096832577718735	0.05165383800320872	0.2567676984545774	0.19478648036418422	0.24771989624947252	0.08786077884484432	0.15414328057247154	0.0	0.13658034902423766	0.06979927597867945	0.1036118206872596	0.11486167565658373	0.08197981304091703	0.946721545839169	0.2668361549649851	0.2608420430223626	0.11693035581103975	0.24732171079372936	0.1723372573924212	0.26949236104796	0.24869946446818597	0.2692566704194314	0.20987786419008847	0.08999336576752606	0.09161488765346998	0.11749167330367472	0.11571254380951218	0.11537894004839738	0.15600974719425803	0.20523527034942513	0.11837894716454417	0.2023191810206938	0.14111084693899906	0.09604945799002612	0.09235000543395584	0.2020552366347736	0.17134029520399452	0.19563046374038495	0.29008524117616336	0.20485837730520806	0.149743459341317	0.0905588523339944	0.09557345299091449	0.13709071878805879	0.11630951352226776	0.17689800868105646	0.07381614882100057	0.3295829063772815	0.17609854929568597	0.09640176221955847	0.15911957103632487	0.17239951344270754	0.23912924492313065	0.13624573020561925	0.16671465307305788	0.2394939500336317	0.1719951850648871	0.09657448919772649	0.16877313120490345	0.08683243558830753	0.11638418610541665	0.08177241628487933
w14pp	0.23765100468927505	0.22451095328822043	0.18657451837585642	0.3551681974337929	0.2998156487800918	0.2265352561874588	0.2043475010693822	0.36405563219480813	0.1060262124261434	0.3111400728775121	0.2491588547871189	0.3020922706724072	0.142233153267779	0.2085156549954062	0.13658034902423766	0.0	0.1050134589630616	0.1579841951101943	0.16923405007951842	0.13635218746385172	1.0010939202621036	0.3212085293879198	0.31521441744529727	0.1713027302339744	0.301694085216664	0.22670963181535586	0.32386473547089467	0.30307183889112066	0.3236290448423661	0.26425023861302316	0.14436574019046072	0.14598726207640467	0.1718640477266094	0.17008491823244684	0.16975131447133207	0.21038212161719272	0.2596076447723598	0.17275132158747886	0.2566915554436285	0.19548322136193372	0.15042183241296078	0.14672237985689052	0.2564276110577083	0.22571266962692918	0.25000283816331964	0.34445761559909804	0.25923075172814275	0.20411583376425166	0.14493122675692907	0.14994582741384915	0.19146309321099345	0.17068188794520242	0.23127038310399112	0.12818852324393523	0.3839552808002162	0.2304709237186206	0.15077413664249312	0.21349194545925954	0.2267718878656422	0.29350161934606533	0.1906181046285539	0.22108702749599257	0.29386632445656635	0.22636755948782175	0.15094686362066115	0.22314550562783814	0.1412048100112422	0.1707565605283513	0.13614479070781396
f17ppB	0.17086993164371686	0.15772988024266224	0.11979344533029823	0.2883871243882347	0.2330345757345336	0.1597541831419006	0.13756642802382402	0.29727455914924994	0.03924513938058517	0.24435899983195386	0.1823777817415607	0.235311197626849	0.07545208022222077	0.14173458194984798	0.06979927597867945	0.1050134589630616	0.0	0.09120312206463607	0.10245297703396018	0.06957111441829349	0.9343128472165454	0.2544274563423615	0.24843334439973905	0.10452165718841619	0.2349130121711058	0.15992855876979764	0.2570836624253365	0.2362907658455624	0.25684797179680785	0.1974691655674649	0.0775846671449025	0.07920618903084645	0.10508297468105117	0.10330384518688862	0.10297024142577384	0.1436010485716345	0.1928265717268016	0.10597024854192062	0.18991048239807026	0.1287021483163755	0.08364075936740256	0.0799413068113323	0.18964653801215006	0.15893159658137096	0.18322176511776142	0.2776765425535398	0.19244967868258453	0.13733476071869344	0.07815015371137085	0.08316475436829095	0.12468202016543523	0.1039008148996442	0.16448931005843292	0.061407450198377025	0.317174207754658	0.1636898506730624	0.08399306359693492	0.14671087241370134	0.15999081482008398	0.2267205463005071	0.12383703158299571	0.15430595445043435	0.22708525141100816	0.15958648644226353	0.08416579057510294	0.15636443258227992	0.07442373696568398	0.10397548748279312	0.06936371766225578
f13pp	0.17956199643375492	0.1664219450327003	0.12848551012033627	0.29707918917827275	0.24172664052457166	0.16844624793193863	0.14625849281386205	0.305966623939288	0.06365971533403525	0.2687735757854039	0.20679235769501075	0.259725773580299	0.09986665617567084	0.16614915790329804	0.1036118206872596	0.1579841951101943	0.09120312206463607	0.0	0.07926074071938544	0.05582639544764781	0.9205681282458997	0.24068273737171586	0.23468862542909338	0.09077693821777051	0.22116829320046014	0.14618383979915195	0.2433389434546908	0.23673980478194645	0.2572970107331919	0.19791820450384895	0.07803370608128653	0.07965522796723046	0.11377503947108922	0.11199590997692667	0.11166230621581189	0.15229311336167253	0.20151863651683963	0.11466231333195867	0.1986025471881083	0.13739421310641353	0.09233282415744061	0.08863337160137034	0.1983386028021881	0.167623661371409	0.19191382990779945	0.2863686073435779	0.20114174347262256	0.14602682550873147	0.0868422185014089	0.091856819158329	0.13337408495547326	0.11259287968968225	0.17318137484847096	0.07009951498841507	0.325866272544696	0.17238191546310044	0.09268512838697297	0.15540293720373938	0.16868287961012204	0.23541261109054515	0.13252909637303376	0.1629980192404724	0.2357773162010462	0.1682785512323016	0.09285785536514099	0.16505649737231798	0.08311580175572203	0.11266755227283115	0.07805578245229383
f14ppA	0.19081185140307902	0.1776718000020244	0.1397353650896604	0.3083290441475969	0.2529764954938958	0.17969610290126276	0.15750834778318618	0.3172164789086121	0.07490957030335936	0.280023430754728	0.21804221266433485	0.27097562854962315	0.11111651114499496	0.17739901287262216	0.11486167565658373	0.16923405007951842	0.10245297703396018	0.07926074071938544	0.0	0.06707625041697192	0.9318179832152238	0.25193259234104	0.2459384803984175	0.10202679318709462	0.23241814816978426	0.15743369476847607	0.2545887984240149	0.24798965975127057	0.268546865702516	0.20916805947317307	0.08928356105061064	0.09090508293655458	0.12502489444041331	0.12324576494625078	0.122912161185136	0.16354296833099666	0.21276849148616375	0.12591216830128277	0.20985240215743242	0.14864406807573766	0.10358267912676472	0.09988322657069446	0.20958845777151222	0.17887351634073312	0.20316368487712358	0.297618462312902	0.2123915984419467	0.1572766804780556	0.09809207347073301	0.1031066741276531	0.14462393992479738	0.12384273465900636	0.18443122981779508	0.08134936995773918	0.33711612751402015	0.18363177043242457	0.10393498335629708	0.1666527921730635	0.17993273457944614	0.24666246605986925	0.14377895134235785	0.1742478742097965	0.24702717117037032	0.1795284062016257	0.1041077103344651	0.17630635234164208	0.09436565672504614	0.12391740724215528	0.08930563742161794
f6ppB	0.15792998878741232	0.1447899373863577	0.1068535024739937	0.27544718153193015	0.22009463287822906	0.14681424028559603	0.12462648516751947	0.28433461629294543	0.042027707687692664	0.24714156813906132	0.18516035004866815	0.23809376593395645	0.07823464852932827	0.14451715025695547	0.08197981304091703	0.13635218746385172	0.06957111441829349	0.05582639544764781	0.06707625041697192	0.0	0.8847826376015177	0.2048972467273338	0.19890313478471133	0.05499144757338845	0.18538280255607809	0.1103983491547699	0.20755345281030874	0.21510779713560388	0.23566500308684932	0.17628619685750638	0.05640169843494395	0.05802322032088788	0.09214303182474663	0.09036390233058408	0.0900302985694693	0.13066110571532996	0.17988662887049706	0.09303030568561609	0.17697053954176573	0.11576220546007096	0.07070081651109802	0.06700136395502776	0.17670659515584553	0.14599165372506642	0.17028182226145688	0.2647365996972353	0.17950973582628	0.1243948178623889	0.06521021085506631	0.07022481151198641	0.11174207730913069	0.09096087204333966	0.15154936720212836	0.04846750734207249	0.3042342648983534	0.15074990781675787	0.07105312074063039	0.13377092955739678	0.14705087196377947	0.21378060344420258	0.11089708872669117	0.14136601159412981	0.2141453085547036	0.14664654358595902	0.0712258477187984	0.14342448972597538	0.061483794109379444	0.09103554462648858	0.056423774805951246
S13Hp	1.0226717215856642	1.0095316701846095	0.9715952352722457	1.1401889143301822	1.084836365676481	1.011555973083848	0.9893682179657715	1.1490763490911973	0.9067694404859447	1.1118833009373132	1.04990208284692	1.1028354987322084	0.9429763813275802	1.0092588830552074	0.946721545839169	1.0010939202621036	0.9343128472165454	0.9205681282458997	0.9318179832152238	0.8847826376015177	0.0	1.0052139911332996	1.0381266937833133	0.8942150065719905	1.02460636155468	0.9496219081533719	1.0467770118089108	1.0798495299338557	1.1004067358851013	1.0410279296557583	0.9211434312331959	0.9227649531191398	0.9568847646229985	0.955105635128836	0.9547720313677212	0.9954028385135818	1.044628361668749	0.9577720384838679	1.0417122723400176	0.9805039382583228	0.9354425493093499	0.9317430967532797	1.0414483279540974	1.0107333865233183	1.0350235550597087	1.1294783324954871	1.0442514686245319	0.9891365506606408	0.9299519436533182	0.9349665443102383	0.9764838101073826	0.9557026048415915	1.0162911000003803	0.9132092401403243	1.1689759976966054	1.0154916406150098	0.9357948535388823	0.9985126623556486	1.0117926047620314	1.0785223362424545	0.9756388215249431	1.0061077443923816	1.0788870413529554	1.0113882763842108	0.9359675805170503	1.0081662225242274	0.9262255269076314	0.9557772774247405	0.9211655076042032
F23HpA	0.34278633071148035	0.3296462793104258	0.29170984439806175	0.46030352345599823	0.40495097480229714	0.3316705822096641	0.30948282709158753	0.46919095821701345	0.2268840496117607	0.4319979100631294	0.37001669197273623	0.4229501078580245	0.2630909904533963	0.3293734921810235	0.2668361549649851	0.3212085293879198	0.2544274563423615	0.24068273737171586	0.25193259234104	0.2048972467273338	1.0052139911332996	0.0	0.3582413029091295	0.21432961569780662	0.34472097068049623	0.26973651727918807	0.36689162093472694	0.39996413905967193	0.42052134501091737	0.36114253878157443	0.241258040359012	0.24287956224495594	0.27699937374881467	0.27522024425465214	0.27488664049353734	0.31551744763939804	0.3647429707945651	0.2778866476096841	0.36182688146583375	0.300618547384139	0.2555571584351661	0.25185770587909584	0.3615629370799136	0.3308479956491345	0.3551381641855249	0.44959294162130337	0.364366077750348	0.30925115978645695	0.25006655277913437	0.2550811534360545	0.29659841923319874	0.2758172139674077	0.33640570912619644	0.23332384926614055	0.4890906068224215	0.3356062497408259	0.25590946266469844	0.31862727148146486	0.3319072138878475	0.39863694536827066	0.2957534306507592	0.3262223535181979	0.3990016504787717	0.33150288551002705	0.25608218964286644	0.32828083165004346	0.2463401360334475	0.27589188655055663	0.24128011673001928
S9H1	0.3367922187688579	0.3236521673678033	0.28571573245543924	0.4543094115133758	0.39895686285967463	0.3256764702670416	0.303488715148965	0.46319684627439095	0.22088993766913823	0.4260037981205069	0.36402258003011373	0.416955995915402	0.25709687851077384	0.32337938023840107	0.2608420430223626	0.31521441744529727	0.24843334439973905	0.23468862542909338	0.2459384803984175	0.19890313478471133	1.0381266937833133	0.3582413029091295	0.0	0.1781403876147069	0.32514856832815076	0.2501641149268426	0.3473192185823814	0.3939700271170494	0.41452723306829486	0.355148426838952	0.23526392841638955	0.23688545030233346	0.2710052618061922	0.2692261323120297	0.2688925285509149	0.30952333569677554	0.35874885885194263	0.2718925356670617	0.3558327695232113	0.2946244354415165	0.2495630464925436	0.24586359393647333	0.3555688251372911	0.324853883706512	0.34914405224290246	0.44359882967868086	0.35837196580772557	0.30325704784383445	0.2440724408365119	0.24908704149343197	0.2906043072905763	0.26982310202478527	0.33041159718357394	0.22732973732351808	0.483096494879799	0.3296121377982035	0.249915350722076	0.3126331595388424	0.32591310194522505	0.39264283342564815	0.28975931870813676	0.3202282415755754	0.3930075385361492	0.3255087735674046	0.250088077700244	0.32228671970742095	0.24034602409082503	0.2698977746079342	0.2352860047873968
w11pp	0.19288053155753504	0.17974048015648042	0.1418040452441164	0.3103977243020529	0.2550451756483518	0.18176478305571875	0.15957702793764217	0.3192851590630681	0.07697825045781538	0.28209211090918407	0.22011089281879087	0.27304430870407914	0.11318519129945098	0.17946769302707818	0.11693035581103975	0.1713027302339744	0.10452165718841619	0.09077693821777051	0.10202679318709462	0.05499144757338845	0.8942150065719905	0.21432961569780662	0.1781403876147069	0.0	0.1812368811168279	0.10625242771551971	0.20340753137105855	0.25005833990572657	0.270615545856972	0.21123673962762907	0.09135224120506666	0.09297376309101059	0.12709357459486936	0.1253144451007068	0.12498084133959202	0.16561164848545268	0.21483717164061977	0.12798084845573882	0.21192108231188844	0.15071274823019368	0.10565135928122074	0.10195190672515048	0.21165713792596824	0.18094219649518914	0.2052323650315796	0.299687142467358	0.2144602785964027	0.15934536063251162	0.10016075362518903	0.10517535428210913	0.1466926200792534	0.12591141481346238	0.18649990997225108	0.0834180501121952	0.33918480766847614	0.1857004505868806	0.1060036635107531	0.1687214723275195	0.1820014147339022	0.2487311462143253	0.1458476314968139	0.17631655436425253	0.2490958513248263	0.18159708635608174	0.10617639048892112	0.1783750324960981	0.09643433687950216	0.1259860873966113	0.09137431757607396
S23Hp	0.32327188654022465	0.31013183513917003	0.272195400226806	0.44078907928474254	0.3854365306310414	0.31215613803840836	0.2899683829203318	0.4496765140457577	0.20736960544050498	0.4124834658918737	0.3505022478014805	0.40343566368676875	0.2435765462821406	0.3098590480097678	0.24732171079372936	0.301694085216664	0.2349130121711058	0.22116829320046014	0.23241814816978426	0.18538280255607809	1.02460636155468	0.34472097068049623	0.32514856832815076	0.1812368811168279	0.0	0.16481396713794497	0.3029214920607472	0.3804496948884162	0.4010069008396616	0.34162809461031873	0.2217435961877563	0.22336511807370021	0.257484929577559	0.25570580008339644	0.25537219632228164	0.2960030034681423	0.3452285266233094	0.2583722034384284	0.34231243729457805	0.28110410321288326	0.23604271426391035	0.2323432617078401	0.34204849290865785	0.3113335514778788	0.3356237200142692	0.4300784974500476	0.3448516335790923	0.2897367156152012	0.23055210860787864	0.23556670926479872	0.27708397506194304	0.256302769796152	0.3168912649549407	0.21380940509488483	0.46957616265116575	0.31609180556957023	0.23639501849344274	0.29911282731020916	0.3123927697165918	0.3791225011970149	0.2762389864795035	0.30670790934694214	0.379487206307516	0.31198844133877135	0.23656774547161075	0.3087663874787877	0.2268256918621918	0.25637744237930093	0.22176567255876356
f11pp	0.2482874331389165	0.23514738173786187	0.19721094682549786	0.3658046258834343	0.3104520772297332	0.2371716846371002	0.21498392951902362	0.3746920606444496	0.13238515203919682	0.33749901249056546	0.2755177944001723	0.32845121028546065	0.16859209288083243	0.23487459460845964	0.1723372573924212	0.22670963181535586	0.15992855876979764	0.14618383979915195	0.15743369476847607	0.1103983491547699	0.9496219081533719	0.26973651727918807	0.2501641149268426	0.10625242771551971	0.16481396713794497	0.0	0.22793703865943904	0.305465241487108	0.32602244743835346	0.2666436412090105	0.1467591427864481	0.14838066467239203	0.18250047617625081	0.18072134668208825	0.18038774292097348	0.22101855006683413	0.2702440732220012	0.18338775003712027	0.2673279838932699	0.20611964981157513	0.1610582608626022	0.15735880830653193	0.2670640395073497	0.2363490980765706	0.26063926661296105	0.35509404404873945	0.26986718017778416	0.21475226221389307	0.15556765520657048	0.16058225586349056	0.20209952166063486	0.18131831639484383	0.24190681155363253	0.13882495169357667	0.39459170924985765	0.24110735216826207	0.16141056509213458	0.22412837390890097	0.23740831631528364	0.30413804779570675	0.20125453307819535	0.23172345594563398	0.30450275290620776	0.2370039879374632	0.1615832920703026	0.23378193407747955	0.15184123846088363	0.18139298897799275	0.1467812191574554
F7H1	0.3454425367944553	0.3323024853934007	0.2943660504810367	0.46295972953897313	0.40760718088527204	0.334326788292639	0.31213903317456243	0.4718471642999884	0.22954025569473563	0.4346541161461043	0.37267289805571113	0.42560631394099946	0.26574719653637124	0.3320296982639984	0.26949236104796	0.32386473547089467	0.2570836624253365	0.2433389434546908	0.2545887984240149	0.20755345281030874	1.0467770118089108	0.36689162093472694	0.3473192185823814	0.20340753137105855	0.3029214920607472	0.22793703865943904	0.0	0.4026203451426469	0.4231775510938923	0.36379874486454933	0.24391424644198695	0.24553576832793086	0.2796555798317896	0.2778764503376271	0.2775428465765123	0.31817365372237294	0.36739917687754003	0.2805428536926591	0.3644830875488087	0.30327475346711397	0.25821336451814103	0.25451391196207074	0.3642191431628885	0.3335042017321094	0.35779437026849986	0.45224914770427826	0.36702228383332297	0.3119073658694319	0.2527227588621093	0.2577373595190294	0.29925462531617364	0.27847342005038267	0.33906191520917134	0.23598005534911548	0.49174681290539646	0.3382624558238009	0.2585656687476734	0.32128347756443976	0.33456341997082245	0.40129315145124556	0.29840963673373416	0.3288785596011728	0.4016578565617466	0.334159091593002	0.2587383957258414	0.33093703773301836	0.24899634211642244	0.2785480926335316	0.2439363228129942
S2Hp	0.32464964021468123	0.31150958881362667	0.27357315390126263	0.4421668329591991	0.386814284305498	0.313533891712865	0.2913461365947884	0.45105426772021434	0.2087473591149616	0.41386121956633026	0.3518800014759371	0.4048134173612254	0.2449542999565972	0.3112368016842244	0.24869946446818597	0.30307183889112066	0.2362907658455624	0.23673980478194645	0.24798965975127057	0.21510779713560388	1.0798495299338557	0.39996413905967193	0.3939700271170494	0.25005833990572657	0.3804496948884162	0.305465241487108	0.4026203451426469	0.0	0.32278232021045555	0.2634035139811126	0.1876074217293467	0.18922894361529063	0.25886268325201556	0.257083553757853	0.2567499499967382	0.29738075714259893	0.34660628029776597	0.259749957112885	0.34369019096903464	0.2824818568873399	0.23742046793836696	0.2337210153822967	0.3434262465831145	0.31271130515233536	0.3370014736887258	0.43145625112450425	0.3462293872535489	0.29111446928965784	0.23192986228233525	0.23694446293925536	0.2784617287363996	0.2576805234706086	0.3182690186293973	0.21518715876934144	0.4709539163256224	0.3174695592440268	0.23777277216789933	0.30049058098466574	0.3137705233910484	0.38050025487147154	0.2776167401539601	0.3080856630213988	0.38086495998197256	0.31336619501322793	0.23794549914606736	0.31014414115324435	0.2282034455366484	0.2577551960537575	0.22314342623322017
F3H1	0.3452068461659267	0.3320667947648721	0.29413035985250807	0.46272403891044456	0.40737149025674346	0.33409109766411044	0.31190334254603386	0.4716114736714598	0.22930456506620703	0.4344184255175757	0.37243720742718256	0.42537062331247083	0.2655115059078426	0.33179400763546985	0.2692566704194314	0.3236290448423661	0.25684797179680785	0.2572970107331919	0.268546865702516	0.23566500308684932	1.1004067358851013	0.42052134501091737	0.41452723306829486	0.270615545856972	0.4010069008396616	0.32602244743835346	0.4231775510938923	0.32278232021045555	0.0	0.21958558472322814	0.20816462768059213	0.20978614956653607	0.279419889203261	0.27764075970909846	0.27730715594798366	0.31793796309384437	0.3671634862490114	0.28030716306413045	0.3642473969202801	0.30303906283858534	0.2579776738896124	0.25427822133354216	0.36398345253435993	0.3332685111035808	0.35755867963997123	0.4520134570757497	0.36678659320479434	0.3116716752409033	0.2524870682335807	0.2575016688905008	0.29901893468764507	0.27823772942185404	0.33882622458064277	0.23574436472058688	0.49151112227686783	0.33802676519527225	0.25832997811914477	0.3210477869359112	0.3343277293422938	0.401057460822717	0.29817394610520553	0.3286428689726442	0.401422165933218	0.33392340096447337	0.25850270509731277	0.3307013471044898	0.24876065148789384	0.27831240200500296	0.2437006321844656
