	f15pp	w11pp	f1pp	w1pp	w14pp	f7pp	s24pp	f19pp	w9pp	f6ppB	f22ppB	w16pp	w19pp	f2pp	f25pp	f16ppB	w25pp	f16ppA	f24pp	w18pp	w12pp	w23pp	S16H2	w7pp	w10pp	w32pp	f22ppA	S10H1	w31pp	w28pp	f4pp	S2Hp	w17pp	w4pp	w2pp	f13pp	w13pp	w6pp	f20ppA	f6ppA	w20pp	w22pp	f32pp	f14ppA	f11pp	w21pp	w3pp	w29pp	f10pp	w24pp	f12ppB	w15pp	w26pp	w8pp	f8pp
f15pp	0.0	0.23880735779161988	0.30180841057235736	0.28705948014352745	0.24798649293487496	0.26283047569715007	0.364737980427964	0.3113029066345	0.3347685022659963	0.27925447929212455	0.3076634623853505	0.30927961967944145	0.29618644456576093	0.29608389027368387	0.3097260615290257	0.30471123112849563	0.31665454859698805	0.28096124114023446	0.2031359113589131	0.25940272005065207	0.29523996987761914	0.3037168131104452	0.47025973584548836	0.36491081659243285	0.25080944446549913	0.3610608289949683	0.34612006559440484	0.43031549535595576	0.3505850849172932	0.35522441056247017	0.3387737076846584	0.44913998221477613	0.29162577515277177	0.37652463988398016	0.2784261009294569	0.30781485501581163	0.30440487548287043	0.2994895625341738	0.29447313649476015	0.35723610325513033	0.28582692013617783	0.35708759182570093	0.3171419219006222	0.3040742690332565	0.3016873048482792	0.3215495393118083	0.2545587110179541	0.2929056106923954	0.32272682276505626	0.21167231585909335	0.24830635172952026	0.3226551033279844	0.2607552565866115	0.25109232754655936	0.21683389567649605
w11pp	0.23880735779161988	0.0	0.3251558402083847	0.3104069097795549	0.27133392257090233	0.28617790533317744	0.38808541006399133	0.33465033627052737	0.35811593190202373	0.302601908928152	0.3310108920213779	0.3326270493154688	0.3195338742017883	0.3194313199097112	0.33307349116505314	0.32805866076452306	0.3400019782330154	0.30430867077626184	0.22648334099494047	0.28275014968667944	0.31858739951364656	0.3270642427464726	0.49360716548151573	0.3882582462284602	0.2741568741015265	0.38440825863099565	0.3694674952304322	0.45366292499198313	0.37393251455332055	0.37857184019849754	0.3621211373206858	0.4724874118508035	0.3149732047887992	0.39987206952000753	0.3017735305654843	0.33116228465183906	0.32775230511889786	0.32283699217020123	0.31782056613078746	0.38058353289115776	0.30917434977220515	0.38043502146172825	0.3404893515366496	0.3274216986692839	0.3250347344843066	0.3448969689478357	0.27790614065398145	0.3162530403284227	0.3460742524010837	0.23501974549512072	0.27165378136554763	0.34600253296401184	0.28410268622263884	0.27443975718258673	0.24018132531252342
f1pp	0.30180841057235736	0.3251558402083847	0.0	0.17883285472183696	0.1788680981797579	0.21476755555340854	0.31667506028422243	0.26323998649075847	0.28670558212225483	0.23119155914838302	0.259600542241609	0.27508248560227333	0.2619893104885928	0.2618867561965157	0.27552892745185764	0.27051409705132756	0.2824574145198199	0.2467641070630663	0.18398924602942043	0.2402560547211594	0.27609330454812653	0.2845701477809526	0.4511130705159957	0.3457641512629402	0.23166277913600647	0.3419141636654756	0.3269734002649122	0.4111688300264631	0.3314384195878005	0.3360777452329775	0.31962704235516576	0.42999331688528347	0.27247910982327916	0.3573779745544875	0.25927943559996425	0.288668189686319	0.2852582101533778	0.2803428972046812	0.27532647116526743	0.3380894379256377	0.2666802548066851	0.3379409264962082	0.2979952565711296	0.30080530314630965	0.29841833896133235	0.3182805734248615	0.2512897451310072	0.2896366448054485	0.31945785687810946	0.2084033499721465	0.2450373858425734	0.3193861374410376	0.25748629069966467	0.24782336165961252	0.22520381244667417
w1pp	0.28705948014352745	0.3104069097795549	0.17883285472183696	0.0	0.164119167750928	0.20001862512457866	0.3019261298553926	0.2484910560619286	0.2719566516934249	0.21644262871955317	0.2448516118127791	0.2603335551734435	0.24724038005976293	0.24713782576768584	0.26077999702302773	0.25576516662249765	0.26770848409099	0.23201517663423643	0.16924031560059055	0.22550712429232955	0.2613443741192966	0.26982121735212267	0.43636414008716584	0.3310152208341103	0.21691384870717662	0.3271652332366457	0.3122244698360823	0.39641989959763324	0.31668948915897066	0.32132881480414766	0.30487811192633585	0.41524438645645356	0.25773017939444925	0.34262904412565764	0.24453050517113434	0.2739192592574891	0.2705092797245479	0.2655939667758513	0.2605775407364376	0.3233405074968078	0.25193132437785526	0.32319199606737836	0.28324632614229966	0.28605637271747975	0.28366940853250244	0.3035316429960316	0.23654081470217736	0.27488771437661863	0.30470892644927955	0.1936544195433166	0.23028845541374354	0.3046372070122077	0.24273736027083476	0.23307443123078264	0.2104548820178443
w14pp	0.24798649293487496	0.27133392257090233	0.1788680981797579	0.164119167750928	0.0	0.16094563791592614	0.2628531426467401	0.20941806885327607	0.23288366448477243	0.17736964151090065	0.2057786246041266	0.22126056796479093	0.2081673928511104	0.20806483855903335	0.22170700981437524	0.21669217941384517	0.22863549688233753	0.19294218942558394	0.13016732839193806	0.18643413708367707	0.22227138691064413	0.23074823014347018	0.39729115287851335	0.2919422336254578	0.17784086149852413	0.2880922460279932	0.27315148262742983	0.35734691238898075	0.2776165019503182	0.28225582759549517	0.26580512471768336	0.3761713992478011	0.21865719218579677	0.30355605691700516	0.20545751796248185	0.23484627204883662	0.23143629251589543	0.2265209795671988	0.2215045535277851	0.28426752028815533	0.21285833716920277	0.2841190088587259	0.24417333893364718	0.24698338550882729	0.24459642132384998	0.2644586557873791	0.19746782749352487	0.23581472716796614	0.26563593924062706	0.15458143233466412	0.19121546820509105	0.2655642198035552	0.20366437306218227	0.19400144402213015	0.1713818948091918
f7pp	0.26283047569715007	0.28617790533317744	0.21476755555340854	0.20001862512457866	0.16094563791592614	0.0	0.26173462973876305	0.2082995559452991	0.23176515157679542	0.17625112860292363	0.20466011169614962	0.23610455072706604	0.22301137561338552	0.22290882132130843	0.23655099257665033	0.23153616217612025	0.24347947964461264	0.20778617218785903	0.14501131115421317	0.20127811984595215	0.23711536967291924	0.2455922129057453	0.4121351356407884	0.3067862163877329	0.1926848442607992	0.3029362287902683	0.2879954653897049	0.3721908951512558	0.2924604847125932	0.2970998103577702	0.28064910747995847	0.3910153820100762	0.23350117494807188	0.3184000396792802	0.22030150072475696	0.24969025481111173	0.24628027527817054	0.2413649623294739	0.2363485362900602	0.29911150305043044	0.22770231993147788	0.298962991621001	0.2590173216959223	0.26182736827110237	0.25944040408612506	0.2793026385496542	0.21231181025579995	0.25065870993024125	0.28047992200290217	0.1694254150969392	0.20605945096736614	0.2804082025658303	0.21850835582445738	0.20884542678440526	0.18622587757146689
s24pp	0.364737980427964	0.38808541006399133	0.31667506028422243	0.3019261298553926	0.2628531426467401	0.26173462973876305	0.0	0.24382716466514937	0.30104384344294194	0.25686335316182585	0.2879299343036673	0.33801205545787993	0.32491888034419947	0.32481632605212235	0.33845849730746425	0.33344366690693417	0.3453869843754266	0.30969367691867294	0.24691881588502707	0.30318562457676607	0.33902287440373313	0.3474997176365592	0.5140426403716023	0.40869372111854685	0.29459234899161313	0.40484373352108227	0.3899029701205188	0.4740983998820697	0.3943679894434071	0.3990073150885841	0.3825566122107724	0.49292288674089013	0.33540867967888577	0.4203075444100941	0.32220900545557085	0.3515977595419256	0.3481877800089844	0.3432724670602878	0.3382560410208741	0.40101900778124433	0.3296098246622918	0.4008704963518149	0.3609248264267362	0.3637348730019163	0.361347908816939	0.3812101432804681	0.3142193149866139	0.35256621466105514	0.38238742673371606	0.2713329198277531	0.30796695569818006	0.3823157072966442	0.32041586055527127	0.31075293151521916	0.2881333823022808
f19pp	0.3113029066345	0.33465033627052737	0.26323998649075847	0.2484910560619286	0.20941806885327607	0.2082995559452991	0.24382716466514937	0.0	0.24760876964947798	0.2034282793683619	0.23449486051020335	0.284576981664416	0.27148380655073545	0.2713812522586584	0.28502342351400023	0.28000859311347015	0.29195191058196257	0.256258603125209	0.19348374209156308	0.24975055078330205	0.2855878006102691	0.29406464384309516	0.46060756657813834	0.35525864732508283	0.2411572751981491	0.35140865972761826	0.3364678963270548	0.42066332608860574	0.34093291564994316	0.34557224129512015	0.3291215384173084	0.4394878129474261	0.28197360588542175	0.36687247061663014	0.2687739316621069	0.2981626857484616	0.2947527062155204	0.2898373932668238	0.2848209672274101	0.3475839339877803	0.2761747508688278	0.3474354225583509	0.30748975263327216	0.3102997992084523	0.307912835023475	0.3277750694870041	0.26078424119314986	0.2991311408675912	0.32895235294025205	0.21789784603428913	0.25453188190471604	0.3288806335031802	0.26698078676180725	0.2573178577217552	0.23469830850881682
w9pp	0.3347685022659963	0.35811593190202373	0.28670558212225483	0.2719566516934249	0.23288366448477243	0.23176515157679542	0.30104384344294194	0.24760876964947798	0.0	0.2268938749998582	0.2579604561416997	0.30804257729591233	0.29494940218223176	0.2948468478901547	0.3084890191454966	0.3034741887449665	0.3154175062134589	0.2797241987567053	0.2169493377230594	0.2732161464147984	0.3090533962417655	0.3175302394745915	0.4840731622096347	0.37872424295657914	0.2646228708296455	0.37487425535911456	0.3599334919585512	0.4441289217201021	0.3643985112814395	0.3690378369266165	0.3525871340488047	0.4629534085789224	0.3054392015169181	0.3903380662481265	0.2922395272936032	0.32162828137995797	0.31821830184701677	0.31330298889832014	0.30828656285890643	0.3710495296192767	0.2996403465003241	0.3709010181898472	0.3309553482647685	0.3337653948399486	0.3313784306549713	0.35124066511850044	0.2842498368246462	0.3225967364990875	0.3524179485717484	0.24136344166578547	0.2779974775362124	0.35234622913467656	0.2904463823933036	0.2807834533532515	0.25816390414031315
f6ppB	0.27925447929212455	0.302601908928152	0.23119155914838302	0.21644262871955317	0.17736964151090065	0.17625112860292363	0.25686335316182585	0.2034282793683619	0.2268938749998582	0.0	0.20244643316782793	0.2525285543220405	0.23943537920836	0.23933282491628294	0.25297499617162483	0.24796016577109475	0.2599034832395871	0.22421017578283353	0.16143531474918765	0.21770212344092665	0.2535393732678937	0.26201621650071977	0.42855913923576294	0.3232102199827074	0.20910884785577372	0.3193602323852428	0.3044194689846794	0.38861489874623034	0.30888448830756776	0.31352381395274476	0.29707311107493295	0.40743938560505066	0.24992517854304636	0.33482404327425475	0.23672550431973144	0.2661142584060862	0.262704278873145	0.2577889659244484	0.2527725398850347	0.3155355066454049	0.24412632352645236	0.31538699521597546	0.27544132529089677	0.27825137186607685	0.27586440768109954	0.2957266421446287	0.22873581385077446	0.26708271352521573	0.29690392559787665	0.1858494186919137	0.22248345456234064	0.2968322061608048	0.23493235941943186	0.22526943037937974	0.2026498811664414
f22ppB	0.3076634623853505	0.3310108920213779	0.259600542241609	0.2448516118127791	0.2057786246041266	0.20466011169614962	0.2879299343036673	0.23449486051020335	0.2579604561416997	0.20244643316782793	0.0	0.2809375374152665	0.2678443623015859	0.26774180800950886	0.28138397926485076	0.2763691488643207	0.28831246633281304	0.25261915887605946	0.18984429784241358	0.24611110653415258	0.28194835636111965	0.2904251995939457	0.45696812232898887	0.3516192030759333	0.23751783094899964	0.34776921547846873	0.33282845207790535	0.41702388183945627	0.3372934714007937	0.3419327970459707	0.3254820941681589	0.4358483686982766	0.2783341616362723	0.36323302636748067	0.26513448741295736	0.29452324149931214	0.29111326196637094	0.2861979490176743	0.2811815229782606	0.34394448973863084	0.2725353066196783	0.3437959783092014	0.3038503083841227	0.30666035495930277	0.30427339077432547	0.3241356252378546	0.2571447969440004	0.29549169661844166	0.3253129086911026	0.21425840178513963	0.25089243765556657	0.3252411892540307	0.2633413425126578	0.25367841347260567	0.23105886425966732
w16pp	0.30927961967944145	0.3326270493154688	0.27508248560227333	0.2603335551734435	0.22126056796479093	0.23610455072706604	0.33801205545787993	0.284576981664416	0.30804257729591233	0.2525285543220405	0.2809375374152665	0.0	0.21333244696446912	0.2448923258589904	0.2585344971143323	0.2535196667138022	0.2654629841822946	0.22976967672554097	0.19146045513650453	0.2477272638282435	0.2835645136552106	0.2920413568880367	0.4585842796230798	0.3532353603700243	0.23913398824309057	0.3493853727725597	0.33444460937199627	0.4186400391335472	0.3389096286948846	0.3435489543400616	0.32709825146224986	0.43746452599236757	0.27995031893036326	0.3648491836615716	0.26675064470704835	0.2961393987934031	0.2927294192604619	0.2878141063117653	0.2827976802723515	0.3455606470327218	0.2741514639137692	0.3454121356032923	0.30546646567821367	0.30827651225339375	0.30588954806841645	0.3257517825319456	0.2587609542380913	0.2971078539125326	0.32692906598519356	0.2158745590792306	0.2525085949496575	0.3268573465481217	0.26495749980674876	0.2552945707666966	0.23267502155375827
w19pp	0.29618644456576093	0.3195338742017883	0.2619893104885928	0.24724038005976293	0.2081673928511104	0.22301137561338552	0.32491888034419947	0.27148380655073545	0.29494940218223176	0.23943537920836	0.2678443623015859	0.21333244696446912	0.0	0.23179915074530988	0.24544132200065175	0.2404264916001217	0.25236980906861406	0.21667650161186044	0.178367280022824	0.23463408871456298	0.27047133854153005	0.2789481817743561	0.44549110450939927	0.34014218525634377	0.22604081312941005	0.3362921976588792	0.32135143425831575	0.40554686401986667	0.3258164535812041	0.3304557792263811	0.31400507634856933	0.42437135087868705	0.2668571438166827	0.3517560085478911	0.2536574695933678	0.28304622367972254	0.27963624414678134	0.2747209311980847	0.26970450515867106	0.33246747191904125	0.26105828880008874	0.33231896048961185	0.2923732905645331	0.29518333713971323	0.29279637295473593	0.312658607418265	0.2456677791244108	0.2840146787988521	0.313835890871513	0.20278138396555007	0.23941541983597697	0.31376417143444113	0.2518643246930682	0.2422013956530161	0.21958184644007775
f2pp	0.29608389027368387	0.3194313199097112	0.2618867561965157	0.24713782576768584	0.20806483855903335	0.22290882132130843	0.32481632605212235	0.2713812522586584	0.2948468478901547	0.23933282491628294	0.26774180800950886	0.2448923258589904	0.23179915074530988	0.0	0.2322445592183924	0.22722972881786233	0.23917304628635472	0.20347973882960108	0.17826472573074692	0.23453153442248592	0.270368784249453	0.27884562748227903	0.44538855021732215	0.3400396309642667	0.22593825883733298	0.3361896433668021	0.32124887996623863	0.40544430972778955	0.325713899289127	0.33035322493430397	0.3139025220564923	0.42426879658661	0.2667545895246056	0.35165345425581396	0.2535549153012907	0.2829436693876455	0.2795336898547043	0.27461837690600766	0.26960195086659394	0.3323649176269642	0.2609557345080116	0.33221640619753473	0.29227073627245603	0.29508078284763617	0.29269381866265887	0.31255605312618795	0.24556522483233373	0.283912124506775	0.3137333365794359	0.20267882967347298	0.2393128655438999	0.31366161714236407	0.2517617704009911	0.242098841360939	0.21947929214800066
f25pp	0.3097260615290257	0.33307349116505314	0.27552892745185764	0.26077999702302773	0.22170700981437524	0.23655099257665033	0.33845849730746425	0.28502342351400023	0.3084890191454966	0.25297499617162483	0.28138397926485076	0.2585344971143323	0.24544132200065175	0.2322445592183924	0.0	0.1964414163023893	0.20838473377088168	0.20717721501596292	0.19190689698608882	0.24817370567782782	0.2840109555047949	0.29248779873762093	0.4590307214726641	0.35368180221960854	0.23958043009267488	0.34983181462214397	0.3348910512215806	0.4190864809831315	0.3393560705444689	0.3439953961896459	0.3275446933118341	0.4379109678419518	0.2803967607799475	0.3652956255111559	0.2671970865566326	0.2965858406429874	0.2931758611100462	0.28826054816134955	0.28324412212193584	0.3460070888823061	0.2745979057633535	0.3458585774528766	0.30591290752779793	0.308722954102978	0.3063359899180007	0.32619822438152984	0.2592073960876756	0.2975542957621169	0.3273755078347778	0.21632100092881487	0.2529550367992418	0.32730378839770596	0.265403941656333	0.2557410126162809	0.23312146340334255
f16ppB	0.30471123112849563	0.32805866076452306	0.27051409705132756	0.25576516662249765	0.21669217941384517	0.23153616217612025	0.33344366690693417	0.28000859311347015	0.3034741887449665	0.24796016577109475	0.2763691488643207	0.2535196667138022	0.2404264916001217	0.22722972881786233	0.1964414163023893	0.0	0.17990132671430023	0.20216238461543284	0.18689206658555874	0.24315887527729774	0.2789961251042648	0.28747296833709085	0.454015891072134	0.34866697181907846	0.2345655996921448	0.3448169842216139	0.3298762208210505	0.4140716505826014	0.33434124014393884	0.33898056578911584	0.32252986291130403	0.43289613744142175	0.27538193037941744	0.36028079511062583	0.2621822561561025	0.2915710102424573	0.2881610307095161	0.28324571776081947	0.27822929172140576	0.340992258481776	0.26958307536282344	0.34084374705234655	0.30089807712726785	0.30370812370244793	0.3013211595174706	0.32118339398099977	0.25419256568714554	0.2925394653615868	0.32236067743424773	0.2113061705282848	0.24794020639871173	0.3222889579971759	0.26038911125580294	0.2507261822157508	0.22810663300281248
w25pp	0.31665454859698805	0.3400019782330154	0.2824574145198199	0.26770848409099	0.22863549688233753	0.24347947964461264	0.3453869843754266	0.29195191058196257	0.3154175062134589	0.2599034832395871	0.28831246633281304	0.2654629841822946	0.25236980906861406	0.23917304628635472	0.20838473377088168	0.17990132671430023	0.0	0.2141057020839252	0.19883538405405113	0.2551021927457901	0.29093944257275717	0.2994162858055832	0.4659592085406264	0.3606102892875709	0.24650891716063716	0.3567603016901063	0.34181953828954287	0.4260149680510938	0.3462845576124312	0.3509238832576082	0.33447318037979645	0.44483945490991417	0.2873252478479098	0.3722241125791182	0.27412557362459494	0.30351432771094966	0.30010434817800846	0.29518903522931184	0.2901726091898982	0.35293557595026837	0.28152639283131586	0.35278706452083897	0.3128413945957602	0.31565144117094035	0.31326447698596305	0.33312671144949213	0.2661358831556379	0.30448278283007923	0.3343039949027401	0.22324948799677719	0.2598835238672041	0.33423227546566825	0.2723324287242953	0.26266949968424325	0.24004995047130487
f16ppA	0.28096124114023446	0.30430867077626184	0.2467641070630663	0.23201517663423643	0.19294218942558394	0.20778617218785903	0.30969367691867294	0.256258603125209	0.2797241987567053	0.22421017578283353	0.25261915887605946	0.22976967672554097	0.21667650161186044	0.20347973882960108	0.20717721501596292	0.20216238461543284	0.2141057020839252	0.0	0.16314207659729754	0.21940888528903651	0.2552461351160036	0.26372297834882963	0.4302659010838728	0.3249169818308173	0.21081560970388358	0.3210669942333527	0.3061262308327893	0.3903216605943402	0.3105912501556776	0.3152305758008546	0.29877987292304287	0.4091461474531606	0.2516319403911562	0.3365308051223646	0.23843226616784133	0.2678210202541961	0.2644110407212549	0.25949572777255825	0.25447930173314454	0.3172422684935148	0.24583308537456222	0.3170937570640853	0.2771480871390066	0.27995813371418676	0.27757116952920946	0.29743340399273854	0.23044257569888432	0.26878947537332565	0.2986106874459865	0.1875561805400236	0.2241902164104505	0.29853896800891466	0.23663912126754175	0.22697619222748963	0.20435664301455128
f24pp	0.2031359113589131	0.22648334099494047	0.18398924602942043	0.16924031560059055	0.13016732839193806	0.14501131115421317	0.24691881588502707	0.19348374209156308	0.2169493377230594	0.16143531474918765	0.18984429784241358	0.19146045513650453	0.178367280022824	0.17826472573074692	0.19190689698608882	0.18689206658555874	0.19883538405405113	0.16314207659729754	0.0	0.09808781481269674	0.13392506463966383	0.14240190787248988	0.32070585102666405	0.2153569317736085	0.10125555964667479	0.21150694417614394	0.1965661807755805	0.28076161053713145	0.20103120009846884	0.20567052574364583	0.18921982286583408	0.29958609739595177	0.14207189033394746	0.22697075506515582	0.12887221611063254	0.17466005287366387	0.17125007334072267	0.16633476039202605	0.16131833435261234	0.22408130111298258	0.15267211799403005	0.22393278968355312	0.18398711975847443	0.2021328039328654	0.1997458397478881	0.2196080742114172	0.15261724591756298	0.19096414559200425	0.22078535766466517	0.10973085075870223	0.14636488662912917	0.22071363822759332	0.15881379148622038	0.14915086244616826	0.12653131323322991
w18pp	0.25940272005065207	0.28275014968667944	0.2402560547211594	0.22550712429232955	0.18643413708367707	0.20127811984595215	0.30318562457676607	0.24975055078330205	0.2732161464147984	0.21770212344092665	0.24611110653415258	0.2477272638282435	0.23463408871456298	0.23453153442248592	0.24817370567782782	0.24315887527729774	0.2551021927457901	0.21940888528903651	0.09808781481269674	0.0	0.1319070410943627	0.1823585035771957	0.376972659718403	0.2716237404653475	0.15752236833841377	0.2677737528678829	0.25283298946731947	0.3370284192288704	0.2572980087902078	0.2619373344353848	0.24548663155757305	0.35585290608769077	0.19833869902568643	0.2832375637568948	0.18513902480237152	0.23092686156540287	0.22751688203246168	0.22260156908376505	0.21758514304435134	0.2803481098047216	0.20893892668576902	0.2801995983752921	0.24025392845021343	0.25839961262460437	0.25601264843962707	0.2758748829031562	0.20888405460930196	0.24723095428374325	0.2770521663564042	0.1659976594504412	0.20263169532086814	0.2769804469193323	0.21508060017795938	0.20541767113790727	0.1827981219249689
w12pp	0.29523996987761914	0.31858739951364656	0.27609330454812653	0.2613443741192966	0.22227138691064413	0.23711536967291924	0.33902287440373313	0.2855878006102691	0.3090533962417655	0.2535393732678937	0.28194835636111965	0.2835645136552106	0.27047133854153005	0.270368784249453	0.2840109555047949	0.2789961251042648	0.29093944257275717	0.2552461351160036	0.13392506463966383	0.1319070410943627	0.0	0.2181957534041628	0.4128099095453701	0.30746099029231455	0.19335961816538086	0.30361100269485	0.2886702392942866	0.3728656690558375	0.29313525861717493	0.2977745842623519	0.2813238813845401	0.39169015591465783	0.23417594885265353	0.3190748135838619	0.2209762746293386	0.26676411139236994	0.26335413185942874	0.2584388189107321	0.2534223928713184	0.31618535963168864	0.2447761765127361	0.3160368482022592	0.2760911782771805	0.29423686245157143	0.29184989826659413	0.31171213273012327	0.24472130443626905	0.2830682041107103	0.31288941618337124	0.2018349092774083	0.23846894514783523	0.3128176967462994	0.25091785000492645	0.24125492096487433	0.21863537175193598
w23pp	0.3037168131104452	0.3270642427464726	0.2845701477809526	0.26982121735212267	0.23074823014347018	0.2455922129057453	0.3474997176365592	0.29406464384309516	0.3175302394745915	0.26201621650071977	0.2904251995939457	0.2920413568880367	0.2789481817743561	0.27884562748227903	0.29248779873762093	0.28747296833709085	0.2994162858055832	0.26372297834882963	0.14240190787248988	0.1823585035771957	0.2181957534041628	0.0	0.42128675277819616	0.3159378335251406	0.2018364613982069	0.312087845927676	0.29714708252711264	0.38134251228866356	0.301612101850001	0.306251427495178	0.28980072461736617	0.4001669991474839	0.24265279208547957	0.32755165681668796	0.22945311786216466	0.275240954625196	0.2718309750922548	0.26691566214355816	0.26189923610414445	0.3246622028645147	0.25325301974556214	0.32451369143508524	0.28456802151000654	0.3027137056843975	0.3003267414994202	0.3201889759629493	0.2531981476690951	0.29154504734353637	0.3213662594161973	0.21031175251023435	0.24694578838066128	0.32129453997912544	0.2593946932377525	0.24973176419770038	0.22711221498476203
S16H2	0.47025973584548836	0.49360716548151573	0.4511130705159957	0.43636414008716584	0.39729115287851335	0.4121351356407884	0.5140426403716023	0.46060756657813834	0.4840731622096347	0.42855913923576294	0.45696812232898887	0.4585842796230798	0.44549110450939927	0.44538855021732215	0.4590307214726641	0.454015891072134	0.4659592085406264	0.4302659010838728	0.32070585102666405	0.376972659718403	0.4128099095453701	0.42128675277819616	0.0	0.43739735239932426	0.33976630920039347	0.4500176937298626	0.43507693032929917	0.5192723600908501	0.4558861021665651	0.4605254278117421	0.4440747249339304	0.554440999464048	0.39692679240204376	0.4818256571332521	0.38372711817872884	0.44178387736023916	0.43837389782729796	0.43345858487860134	0.42844215883918757	0.49120512559955787	0.4197959424806053	0.49105661417012836	0.4511109442450497	0.46925662841944066	0.46686966423446336	0.4867318986979925	0.4197410704041382	0.4580879700785795	0.48790918215124046	0.3768546752452775	0.4134887111157044	0.4878374627141686	0.42593761597279567	0.4162746869327435	0.3936551377198052
w7pp	0.36491081659243285	0.3882582462284602	0.3457641512629402	0.3310152208341103	0.2919422336254578	0.3067862163877329	0.40869372111854685	0.35525864732508283	0.37872424295657914	0.3232102199827074	0.3516192030759333	0.3532353603700243	0.34014218525634377	0.3400396309642667	0.35368180221960854	0.34866697181907846	0.3606102892875709	0.3249169818308173	0.2153569317736085	0.2716237404653475	0.30746099029231455	0.3159378335251406	0.43739735239932426	0.0	0.23441738994733796	0.3446687744768071	0.32972801107624367	0.41392344083779453	0.35053718291350966	0.35517650855868665	0.3387258056808749	0.44909208021099256	0.2915778731489883	0.37647673788019664	0.2783781989256734	0.3364349581071836	0.3330249785742424	0.3281096656255458	0.3230932395861321	0.3858562063465023	0.3144470232275498	0.3857076949170729	0.34576202499199415	0.36390770916638515	0.36152074498140785	0.38138297944493693	0.3143921511510827	0.35273905082552404	0.3825602628981849	0.271505755992222	0.3081397918626489	0.38248854346111305	0.3205886967197401	0.31092576767968805	0.28830621846674964
w10pp	0.25080944446549913	0.2741568741015265	0.23166277913600647	0.21691384870717662	0.17784086149852413	0.1926848442607992	0.29459234899161313	0.2411572751981491	0.2646228708296455	0.20910884785577372	0.23751783094899964	0.23913398824309057	0.22604081312941005	0.22593825883733298	0.23958043009267488	0.2345655996921448	0.24650891716063716	0.21081560970388358	0.10125555964667479	0.15752236833841377	0.19335961816538086	0.2018364613982069	0.33976630920039347	0.23441738994733796	0.0	0.215072355745419	0.20013159234485556	0.2843270221064065	0.23643581078657594	0.24107513643175293	0.22462443355394118	0.33499070808405884	0.17747650102205456	0.2623753657532629	0.16427682679873964	0.22233358598024994	0.21892360644730874	0.2140082934986121	0.2089918674591984	0.27175483421956864	0.20034565110061608	0.2716063227901392	0.2316606528650605	0.24980633703945143	0.24741937285447413	0.26728160731800327	0.20029077902414902	0.23863767869859032	0.26845889077125124	0.15740438386528827	0.1940384197357152	0.2683871713341794	0.20648732459280644	0.19682439555275433	0.17420484633981595
w32pp	0.3610608289949683	0.38440825863099565	0.3419141636654756	0.3271652332366457	0.2880922460279932	0.3029362287902683	0.40484373352108227	0.35140865972761826	0.37487425535911456	0.3193602323852428	0.34776921547846873	0.3493853727725597	0.3362921976588792	0.3361896433668021	0.34983181462214397	0.3448169842216139	0.3567603016901063	0.3210669942333527	0.21150694417614394	0.2677737528678829	0.30361100269485	0.312087845927676	0.4500176937298626	0.3446687744768071	0.215072355745419	0.0	0.30230399753096504	0.38649942729251596	0.3466871953160451	0.3513265209612221	0.3348758180834103	0.445242092613528	0.28772788555152373	0.37262675028273207	0.2745282113282088	0.332584970509719	0.3291749909767778	0.3242596780280812	0.31924325198866754	0.38200621874903773	0.3105970356300852	0.38185770731960833	0.3419120373945296	0.3600577215689206	0.35767075738394327	0.37753299184747235	0.31054216355361813	0.34888906322805946	0.3787102753007203	0.2676557683947574	0.3042898042651843	0.3786385558636485	0.31673870912227553	0.30707578008222347	0.28445623086928506
f22ppA	0.34612006559440484	0.3694674952304322	0.3269734002649122	0.3122244698360823	0.27315148262742983	0.2879954653897049	0.3899029701205188	0.3364678963270548	0.3599334919585512	0.3044194689846794	0.33282845207790535	0.33444460937199627	0.32135143425831575	0.32124887996623863	0.3348910512215806	0.3298762208210505	0.34181953828954287	0.3061262308327893	0.1965661807755805	0.25283298946731947	0.2886702392942866	0.29714708252711264	0.43507693032929917	0.32972801107624367	0.20013159234485556	0.30230399753096504	0.0	0.30053805941703643	0.33174643191548164	0.33638575756065864	0.3199350546828469	0.4303013292129646	0.27278712215096024	0.3576859868821686	0.2595874479276453	0.31764420710915564	0.31423422757621444	0.3093189146275178	0.30430248858810405	0.36706545534847435	0.2956562722295218	0.36691694391904484	0.3269712739939662	0.34511695816835714	0.34272999398337983	0.36259222844690897	0.2956014001530547	0.33394829982749596	0.36376951190015694	0.25271500499419397	0.2893490408646209	0.3636977924630851	0.30179794572171215	0.29213501668166	0.2695154674687217
S10H1	0.43031549535595576	0.45366292499198313	0.4111688300264631	0.39641989959763324	0.35734691238898075	0.3721908951512558	0.4740983998820697	0.42066332608860574	0.4441289217201021	0.38861489874623034	0.41702388183945627	0.4186400391335472	0.40554686401986667	0.40544430972778955	0.4190864809831315	0.4140716505826014	0.4260149680510938	0.3903216605943402	0.28076161053713145	0.3370284192288704	0.3728656690558375	0.38134251228866356	0.5192723600908501	0.41392344083779453	0.2843270221064065	0.38649942729251596	0.30053805941703643	0.0	0.4159418616770325	0.4205811873222095	0.4041304844443978	0.5144967589745155	0.35698255191251116	0.4418814166437195	0.34378287768919624	0.40183963687070656	0.39842965733776536	0.39351434438906874	0.38849791834965497	0.45126088511002527	0.3798517019910727	0.45111237368059576	0.4111667037555171	0.42931238792990806	0.42692542374493075	0.4467876582084599	0.3797968299146056	0.4181437295890469	0.44796494166170786	0.3369104347557449	0.3735444706261718	0.447893222224636	0.38599337548326307	0.3763304464432109	0.3537108972302726
w31pp	0.3505850849172932	0.37393251455332055	0.3314384195878005	0.31668948915897066	0.2776165019503182	0.2924604847125932	0.3943679894434071	0.34093291564994316	0.3643985112814395	0.30888448830756776	0.3372934714007937	0.3389096286948846	0.3258164535812041	0.325713899289127	0.3393560705444689	0.33434124014393884	0.3462845576124312	0.3105912501556776	0.20103120009846884	0.2572980087902078	0.29313525861717493	0.301612101850001	0.4558861021665651	0.35053718291350966	0.23643581078657594	0.3466871953160451	0.33174643191548164	0.4159418616770325	0.0	0.27537963629309786	0.2834663902285643	0.39383266475868195	0.2612725292671787	0.34617139399838703	0.24807285504386375	0.322109226432044	0.3186992468991028	0.31378393395040616	0.3087675079109924	0.3715304746713627	0.30012129155241013	0.3713819632419332	0.33143629331685454	0.3495819774912455	0.3471950133062682	0.3670572477697973	0.30006641947594304	0.3384133191503843	0.3682345312230453	0.2571800243170823	0.2938140601875092	0.36816281178597343	0.3062629650446005	0.2966000360045483	0.27398048679161
w28pp	0.35522441056247017	0.37857184019849754	0.3360777452329775	0.32132881480414766	0.28225582759549517	0.2970998103577702	0.3990073150885841	0.34557224129512015	0.3690378369266165	0.31352381395274476	0.3419327970459707	0.3435489543400616	0.3304557792263811	0.33035322493430397	0.3439953961896459	0.33898056578911584	0.3509238832576082	0.3152305758008546	0.20567052574364583	0.2619373344353848	0.2977745842623519	0.306251427495178	0.4605254278117421	0.35517650855868665	0.24107513643175293	0.3513265209612221	0.33638575756065864	0.4205811873222095	0.27537963629309786	0.0	0.2881057158737413	0.39847199040385894	0.2659118549123557	0.35081071964356403	0.2527121806890408	0.326748552077221	0.3233385725442798	0.31842325959558315	0.3134068335561694	0.3761698003165397	0.3047606171975871	0.37602128888711017	0.33607561896203153	0.35422130313642247	0.35183433895144517	0.3716965734149743	0.30470574512112003	0.3430526447955613	0.3728738568682223	0.2618193499622593	0.2984533858326862	0.3728021374311504	0.3109022906897775	0.3012393616497253	0.278619812436787
f4pp	0.3387737076846584	0.3621211373206858	0.31962704235516576	0.30487811192633585	0.26580512471768336	0.28064910747995847	0.3825566122107724	0.3291215384173084	0.3525871340488047	0.29707311107493295	0.3254820941681589	0.32709825146224986	0.31400507634856933	0.3139025220564923	0.3275446933118341	0.32252986291130403	0.33447318037979645	0.29877987292304287	0.18921982286583408	0.24548663155757305	0.2813238813845401	0.28980072461736617	0.4440747249339304	0.3387258056808749	0.22462443355394118	0.3348758180834103	0.3199350546828469	0.4041304844443978	0.2834663902285643	0.2881057158737413	0.0	0.3697107857104269	0.24946115203454391	0.3343600167657523	0.236261477811229	0.31029784919940917	0.30688786966646797	0.30197255671777135	0.2969561306783577	0.3597190974387279	0.2883099143197754	0.3595705860092985	0.3196249160842197	0.3377706002586107	0.3353836360736334	0.3552458705371625	0.2882550422433083	0.3266019419177496	0.35642315399041047	0.24536864708444756	0.28200268295487446	0.3563514345533386	0.2944515878119657	0.2847886587719136	0.2621691095589752
S2Hp	0.44913998221477613	0.4724874118508035	0.42999331688528347	0.41524438645645356	0.3761713992478011	0.3910153820100762	0.49292288674089013	0.4394878129474261	0.4629534085789224	0.40743938560505066	0.4358483686982766	0.43746452599236757	0.42437135087868705	0.42426879658661	0.4379109678419518	0.43289613744142175	0.44483945490991417	0.4091461474531606	0.29958609739595177	0.35585290608769077	0.39169015591465783	0.4001669991474839	0.554440999464048	0.44909208021099256	0.33499070808405884	0.445242092613528	0.4303013292129646	0.5144967589745155	0.39383266475868195	0.39847199040385894	0.3697107857104269	0.0	0.3598274265646616	0.44472629129586994	0.3466277523413467	0.4206641237295269	0.4172541441965857	0.41233883124788906	0.4073224052084754	0.4700853719688456	0.3986761888498931	0.4699368605394162	0.42999119061433744	0.44813687478872843	0.44574991060375113	0.4656121450672802	0.398621316773426	0.4369682164478673	0.4667894285205282	0.35573492161456527	0.3923689574849922	0.46671770908345633	0.4048178623420834	0.39515493330203133	0.3725353840890929
w17pp	0.29162577515277177	0.3149732047887992	0.27247910982327916	0.25773017939444925	0.21865719218579677	0.23350117494807188	0.33540867967888577	0.28197360588542175	0.3054392015169181	0.24992517854304636	0.2783341616362723	0.27995031893036326	0.2668571438166827	0.2667545895246056	0.2803967607799475	0.27538193037941744	0.2873252478479098	0.2516319403911562	0.14207189033394746	0.19833869902568643	0.23417594885265353	0.24265279208547957	0.39692679240204376	0.2915778731489883	0.17747650102205456	0.28772788555152373	0.27278712215096024	0.35698255191251116	0.2612725292671787	0.2659118549123557	0.24946115203454391	0.3598274265646616	0.0	0.2685825901272696	0.17048405117274631	0.2631499166675226	0.2597399371345814	0.25482462418588475	0.24980819814647104	0.3125711649068413	0.24116198178788875	0.3124226534774118	0.27247698355233313	0.29062266772672407	0.28823570354174677	0.3080979380052759	0.24110710971142169	0.27945400938586296	0.3092752214585239	0.19822071455256093	0.23485475042298787	0.309203502021452	0.24730365528007908	0.23764072624002697	0.21502117702708862
w4pp	0.37652463988398016	0.39987206952000753	0.3573779745544875	0.34262904412565764	0.30355605691700516	0.3184000396792802	0.4203075444100941	0.36687247061663014	0.3903380662481265	0.33482404327425475	0.36323302636748067	0.3648491836615716	0.3517560085478911	0.35165345425581396	0.3652956255111559	0.36028079511062583	0.3722241125791182	0.3365308051223646	0.22697075506515582	0.2832375637568948	0.3190748135838619	0.32755165681668796	0.4818256571332521	0.37647673788019664	0.2623753657532629	0.37262675028273207	0.3576859868821686	0.4418814166437195	0.34617139399838703	0.35081071964356403	0.3343600167657523	0.44472629129586994	0.2685825901272696	0.0	0.21867524858200113	0.34804878139873097	0.34463880186578977	0.33972348891709314	0.3347070628776794	0.39747002963804967	0.3260608465190971	0.39732151820862016	0.3573758482835415	0.37552153245793246	0.37313456827295516	0.3929968027364843	0.32600597444263	0.3643528741170713	0.39417408618973226	0.2831195792837693	0.3197536151541962	0.3941023667526604	0.33220252001128747	0.3225395909712353	0.299920041758297
w2pp	0.2784261009294569	0.3017735305654843	0.25927943559996425	0.24453050517113434	0.20545751796248185	0.22030150072475696	0.32220900545557085	0.2687739316621069	0.2922395272936032	0.23672550431973144	0.26513448741295736	0.26675064470704835	0.2536574695933678	0.2535549153012907	0.2671970865566326	0.2621822561561025	0.27412557362459494	0.23843226616784133	0.12887221611063254	0.18513902480237152	0.2209762746293386	0.22945311786216466	0.38372711817872884	0.2783781989256734	0.16427682679873964	0.2745282113282088	0.2595874479276453	0.34378287768919624	0.24807285504386375	0.2527121806890408	0.236261477811229	0.3466277523413467	0.17048405117274631	0.21867524858200113	0.0	0.24995024244420766	0.24654026291126646	0.24162494996256983	0.23660852392315612	0.29937149068352636	0.22796230756457384	0.2992229792540969	0.2592773093290182	0.2774229935034092	0.2750360293184319	0.29489826378196105	0.22790743548810677	0.26625433516254804	0.296075547235209	0.18502104032924604	0.22165507619967295	0.29600382779813716	0.2341039810567642	0.22444105201671208	0.20182150280377373
f13pp	0.30781485501581163	0.33116228465183906	0.288668189686319	0.2739192592574891	0.23484627204883662	0.24969025481111173	0.3515977595419256	0.2981626857484616	0.32162828137995797	0.2661142584060862	0.29452324149931214	0.2961393987934031	0.28304622367972254	0.2829436693876455	0.2965858406429874	0.2915710102424573	0.30351432771094966	0.2678210202541961	0.17466005287366387	0.23092686156540287	0.26676411139236994	0.275240954625196	0.44178387736023916	0.3364349581071836	0.22233358598024994	0.332584970509719	0.31764420710915564	0.40183963687070656	0.322109226432044	0.326748552077221	0.31029784919940917	0.4206641237295269	0.2631499166675226	0.34804878139873097	0.24995024244420766	0.0	0.19596674829906818	0.21533471043212168	0.210318284392708	0.27308125115307824	0.20167206803412568	0.29972010302999796	0.25977443310491927	0.30681174758976393	0.3044247834047866	0.32428701786831576	0.25729618957446154	0.2956430892489028	0.32546430132156373	0.2144097944156008	0.2510438302860277	0.3253925818844919	0.26349273514311894	0.2538298061030668	0.23121025689012847
w13pp	0.30440487548287043	0.32775230511889786	0.2852582101533778	0.2705092797245479	0.23143629251589543	0.24628027527817054	0.3481877800089844	0.2947527062155204	0.31821830184701677	0.262704278873145	0.29111326196637094	0.2927294192604619	0.27963624414678134	0.2795336898547043	0.2931758611100462	0.2881610307095161	0.30010434817800846	0.2644110407212549	0.17125007334072267	0.22751688203246168	0.26335413185942874	0.2718309750922548	0.43837389782729796	0.3330249785742424	0.21892360644730874	0.3291749909767778	0.31423422757621444	0.39842965733776536	0.3186992468991028	0.3233385725442798	0.30688786966646797	0.4172541441965857	0.2597399371345814	0.34463880186578977	0.24654026291126646	0.19596674829906818	0.0	0.21192473089918046	0.20690830485976675	0.26967127162013704	0.19826208850118446	0.29631012349705677	0.25636445357197807	0.30340176805682273	0.3010148038718454	0.32087703833537456	0.25388621004152034	0.2922331097159616	0.32205432178862253	0.2109998148826596	0.24763385075308653	0.3219826023515507	0.26008275561017774	0.2504198265701256	0.22780027735718728
