	f1pp	f30pp	f3pp	f8pp	f28pp	f12ppA	f12ppB	f22ppA	f22ppB	f31pp	f24pp	f26pp	f29pp	f11pp	f25pp	f16ppA	f16ppB	f2pp	f7pp	f23ppA	f23ppB	f18pp	f32pp	f6ppB	f20ppB	f6ppA	f10pp	f4pp	f13pp	f15pp	f21pp	f14ppB	f19pp	f14ppA	f9pp	f17ppA	w17pp
f1pp	0.0	0.011451661731220707	0.03521194288955087	0.0785457368119632	0.10255537217588051	0.36832561439384315	0.36261159771749113	0.3264714889228737	0.3264714889228737	0.3016658300661757	0.29136491150319793	0.503357162934646	1.258654334191647	1.5501940057031753	1.508389982251813	1.5069196812497323	1.5162035351504066	0.2462510118891093	0.29705592843845136	0.29559487813924507	0.2968510425117239	0.20386123377907484	0.19771016440880063	0.19771116440930064	0.19771116440930064	0.19940593172637688	0.016402471560388564	0.013760161536202076	0.02465450158249188	0.025395279930945123	0.015285164799215557	0.029012552768567616	0.028534778646343455	0.018695896400428593	0.01580033874486196	0.01580033874486196	0.01930898244113765
f30pp	0.011451661731220707	0.0	0.027385564835000535	0.07071935875741285	0.09472899412133017	0.3604992363392928	0.3547852196629408	0.31864511086832337	0.31864511086832337	0.29383945201162537	0.2835385334486476	0.49553078488009566	1.2508279561370965	1.542367627648625	1.5005636041972625	1.4990933031951819	1.5083771570958562	0.23842463383455897	0.289229550383901	0.28776850008469473	0.28902466445717356	0.1960348557245245	0.1898837863542503	0.1898847863547503	0.1898847863547503	0.19157955367182655	0.008576093505838227	0.005933783481651741	0.016828123527941545	0.017568901876394788	0.007458786744665222	0.021186174714017285	0.020708400591793123	0.010869518345878258	0.007973960690311624	0.007973960690311624	0.011482604386587315
f3pp	0.03521194288955087	0.027385564835000535	0.0	0.050600246812106335	0.07460988217602364	0.3403801243939863	0.3346661077176343	0.29852599892301684	0.29852599892301684	0.27372034006631885	0.2634194215033411	0.47541167293478914	1.2307088441917902	1.5222485157033185	1.4804444922519562	1.4789741912498755	1.4882580451505498	0.21830552188925242	0.2691104384385945	0.2676493881393882	0.26890555251186704	0.17591574377921795	0.16976467440894374	0.16976567440944376	0.16976567440944376	0.17146044172652	0.023557802502421073	0.021926519241026697	0.036118566907975456	0.0368593452564287	0.026749230124699135	0.040476618094051196	0.039998843971827035	0.030159961725912173	0.028353316016892106	0.028353316016892106	0.0318619597131678
f8pp	0.0785457368119632	0.07071935875741285	0.050600246812106335	0.0	0.03235777697664708	0.29812801919460974	0.2924140025182577	0.2562738937236403	0.2562738937236403	0.23146823486694232	0.22116731630396455	0.4331595677354126	1.1884567389924134	1.4799964105039418	1.4381923870525795	1.4367220860504988	1.446005939951173	0.17605341668987587	0.22685833323921797	0.22539728294001168	0.2266534473124905	0.1336636385798414	0.12751256920956716	0.12751356921006718	0.12751356921006718	0.12920833652714342	0.0668915964248334	0.06526031316343903	0.07945236083038779	0.08019313917884102	0.07008302404711146	0.08381041201646353	0.08333263789423936	0.0734937556483245	0.07168710993930444	0.07168710993930444	0.07519575363558012
f28pp	0.10255537217588051	0.09472899412133017	0.07460988217602364	0.03235777697664708	0.0	0.2676798000254454	0.2619657833490934	0.22582567455447597	0.22582567455447597	0.20102001569777797	0.1907190971348002	0.40271134856624824	1.158008519823249	1.4495481913347774	1.407744167883415	1.4062738668813344	1.4155577207820087	0.14560519752071152	0.19641011407005363	0.19494906377084734	0.19620522814332617	0.10321541941067705	0.09706435004040281	0.09706535004090285	0.09706535004090285	0.09876011735797907	0.09090123178875072	0.08926994852735634	0.1034619961943051	0.10420277454275834	0.09409265941102878	0.10782004738038084	0.10734227325815668	0.09750339101224181	0.09569674530322175	0.09569674530322175	0.09920538899949743
f12ppA	0.36832561439384315	0.3604992363392928	0.3403801243939863	0.29812801919460974	0.2676798000254454	0.0	0.00994169654219419	0.3914780229351431	0.3914780229351431	0.3666723640784451	0.35637144551546734	0.5683636969469155	1.3236608682039162	1.6152005397154445	1.5733965162640824	1.5719262152620015	1.581210069162676	0.31125754590137866	0.3620624624507208	0.3606014121515145	0.3618575765239933	0.28861763283548814	0.2824665634652139	0.28246756346571394	0.28246756346571394	0.2841623307827902	0.3566714740067134	0.355040190745319	0.36923223841226777	0.369973016760721	0.3598629016289914	0.3735902895983435	0.37311251547611934	0.36327363323020445	0.3614669875211844	0.3614669875211844	0.36497563121746013
f12ppB	0.36261159771749113	0.3547852196629408	0.3346661077176343	0.2924140025182577	0.2619657833490934	0.00994169654219419	0.0	0.38576400625879115	0.38576400625879115	0.3609583474020931	0.3506574288391153	0.5626496802705634	1.3179468515275643	1.6094865230390927	1.5676824995877303	1.5662121985856496	1.575496052486324	0.3055435292250267	0.3563484457743688	0.35488739547516246	0.35614355984764134	0.2829036161591362	0.2767525467888619	0.2767535467893619	0.2767535467893619	0.27844831410643817	0.3509574573303614	0.349326174068967	0.36351822173591575	0.36425900008436896	0.3541488849526394	0.3678762729219915	0.3673984987997673	0.35755961655385243	0.3557529708448324	0.3557529708448324	0.3592616145411081
f22ppA	0.3264714889228737	0.31864511086832337	0.29852599892301684	0.2562738937236403	0.22582567455447597	0.3914780229351431	0.38576400625879115	0.0	2.00000100005818e-06	0.09138051654376544	0.08107959798078766	0.49273416448642876	1.2480313357434296	1.539571007254958	1.4977669838035956	1.496296682801515	1.5055805367021893	0.23562801344089201	0.2864329299902342	0.28497187969102783	0.28622804406350666	0.24676350736451869	0.24061243799424448	0.2406134379947445	0.2406134379947445	0.24230820531182073	0.31481734853574395	0.31318606527434956	0.3273781129412983	0.3281188912897515	0.318008776158022	0.33173616412737406	0.3312583900051499	0.321419507759235	0.31961286205021494	0.31961286205021494	0.3231215057464907
f22ppB	0.3264714889228737	0.31864511086832337	0.29852599892301684	0.2562738937236403	0.22582567455447597	0.3914780229351431	0.38576400625879115	2.00000100005818e-06	0.0	0.09138051654376544	0.08107959798078766	0.49273416448642876	1.2480313357434296	1.539571007254958	1.4977669838035956	1.496296682801515	1.5055805367021893	0.23562801344089201	0.2864329299902342	0.28497187969102783	0.28622804406350666	0.24676350736451869	0.24061243799424448	0.2406134379947445	0.2406134379947445	0.24230820531182073	0.31481734853574395	0.31318606527434956	0.3273781129412983	0.3281188912897515	0.318008776158022	0.33173616412737406	0.3312583900051499	0.321419507759235	0.31961286205021494	0.31961286205021494	0.3231215057464907
f31pp	0.3016658300661757	0.29383945201162537	0.27372034006631885	0.23146823486694232	0.20102001569777797	0.3666723640784451	0.3609583474020931	0.09138051654376544	0.09138051654376544	0.0	0.018502869336439846	0.46792850562973076	1.2232256768867318	1.5147653483982602	1.4729613249468976	1.4714910239448171	1.4807748778454912	0.21082235458419402	0.2616272711335361	0.26016622083432983	0.2614223852068087	0.2219578485078207	0.21580677913754648	0.2158077791380465	0.2158077791380465	0.21750254645512274	0.29001168967904595	0.28838040641765156	0.3025724540846003	0.3033132324330535	0.293203117301324	0.30693050527067606	0.3064527311484519	0.296613848902537	0.29480720319351694	0.29480720319351694	0.2983158468897927
f24pp	0.29136491150319793	0.2835385334486476	0.2634194215033411	0.22116731630396455	0.1907190971348002	0.35637144551546734	0.3506574288391153	0.08107959798078766	0.08107959798078766	0.018502869336439846	0.0	0.457627587066753	1.212924758323754	1.5044644298352823	1.46266040638392	1.4611901053818392	1.4704739592825136	0.20052143602121625	0.25132635257055835	0.24986530227135206	0.2511214666438309	0.21165692994484292	0.2055058605745687	0.20550686057506873	0.20550686057506873	0.20720162789214497	0.2797107711160682	0.2780794878546738	0.29227153552162255	0.29301231387007576	0.2829021987383462	0.2966295867076983	0.29615181258547413	0.28631293033955924	0.2845062846305392	0.2845062846305392	0.2880149283268149
f26pp	0.503357162934646	0.49553078488009566	0.47541167293478914	0.4331595677354126	0.40271134856624824	0.5683636969469155	0.5626496802705634	0.49273416448642876	0.49273416448642876	0.46792850562973076	0.457627587066753	0.0	0.969169740588384	1.2607094120999123	1.21890538864855	1.2174350876464692	1.2267189415471436	0.3442978938180529	0.39510281036739503	0.39364176006818874	0.39489792444066757	0.42364918137629104	0.4174981120060168	0.4174991120065168	0.4174991120065168	0.41919387932359303	0.49170302254751624	0.49007173928612185	0.5042637869530706	0.5050045653015238	0.4948944501697943	0.5086218381391463	0.5081440640169221	0.4983051817710073	0.49649853606198724	0.49649853606198724	0.5000071797582629
f29pp	1.258654334191647	1.2508279561370965	1.2307088441917902	1.1884567389924134	1.158008519823249	1.3236608682039162	1.3179468515275643	1.2480313357434296	1.2480313357434296	1.2232256768867318	1.212924758323754	0.969169740588384	0.0	0.37555890145658216	0.33375487800521964	0.332284577003139	0.3415684309038134	1.099595065075054	1.150399981624396	1.1489389313251896	1.1501950956976685	1.1789463526332917	1.1727952832630175	1.1727962832635177	1.1727962832635177	1.1744910505805939	1.2470001938045172	1.2453689105431227	1.2595609582100715	1.2603017365585247	1.2501916214267952	1.2639190093961472	1.263441235273923	1.2536023530280083	1.2517957073189883	1.2517957073189883	1.255304351015264
f11pp	1.5501940057031753	1.542367627648625	1.5222485157033185	1.4799964105039418	1.4495481913347774	1.6152005397154445	1.6094865230390927	1.539571007254958	1.539571007254958	1.5147653483982602	1.5044644298352823	1.2607094120999123	0.37555890145658216	0.0	0.488662496777468	0.4871921957753874	0.49647604967606174	1.3911347365865823	1.4419396531359243	1.440478602836718	1.441734767209197	1.47048602414482	1.464334954774546	1.464335954775046	1.464335954775046	1.4660307220921223	1.5385398653160456	1.536908582054651	1.5511006297216	1.551841408070053	1.5417312929383236	1.5554586809076756	1.5549809067854514	1.5451420245395366	1.5433353788305166	1.5433353788305166	1.5468440225267923
f25pp	1.508389982251813	1.5005636041972625	1.4804444922519562	1.4381923870525795	1.407744167883415	1.5733965162640824	1.5676824995877303	1.4977669838035956	1.4977669838035956	1.4729613249468976	1.46266040638392	1.21890538864855	0.33375487800521964	0.488662496777468	0.0	0.0014723010030806695	0.010758154904755074	1.34933071313522	1.400135629684562	1.3986745793853557	1.3999307437578346	1.4286820006934577	1.4225309313231835	1.4225319313236837	1.4225319313236837	1.42422669864076	1.4967358418646832	1.4951045586032887	1.5092966062702375	1.5100373846186907	1.4999272694869612	1.5136546574563132	1.513176883334089	1.5033380010881743	1.5015313553791543	1.5015313553791543	1.50503999907543
f16ppA	1.5069196812497323	1.4990933031951819	1.4789741912498755	1.4367220860504988	1.4062738668813344	1.5719262152620015	1.5662121985856496	1.496296682801515	1.496296682801515	1.4714910239448171	1.4611901053818392	1.2174350876464692	0.332284577003139	0.4871921957753874	0.0014723010030806695	0.0	0.009287853902674462	1.3478604121331392	1.3986653286824813	1.397204278383275	1.3984604427557539	1.427211699691377	1.4210606303211029	1.421061630321603	1.421061630321603	1.4227563976386792	1.4952655408626025	1.493634257601208	1.5078263052681569	1.50856708361661	1.4984569684848805	1.5121843564542325	1.5117065823320084	1.5018677000860936	1.5000610543770736	1.5000610543770736	1.5035696980733493
f16ppB	1.5162035351504066	1.5083771570958562	1.4882580451505498	1.446005939951173	1.4155577207820087	1.581210069162676	1.575496052486324	1.5055805367021893	1.5055805367021893	1.4807748778454912	1.4704739592825136	1.2267189415471436	0.3415684309038134	0.49647604967606174	0.010758154904755074	0.009287853902674462	0.0	1.3571442660338136	1.4079491825831556	1.4064881322839493	1.4077442966564282	1.4364955535920514	1.4303444842217772	1.4303454842222774	1.4303454842222774	1.4320402515393535	1.5045493947632769	1.5029181115018824	1.5171101591688312	1.5178509375172844	1.5077408223855548	1.5214682103549069	1.5209904362326827	1.511151553986768	1.509344908277748	1.509344908277748	1.5128535519740236
f2pp	0.2462510118891093	0.23842463383455897	0.21830552188925242	0.17605341668987587	0.14560519752071152	0.31125754590137866	0.3055435292250267	0.23562801344089201	0.23562801344089201	0.21082235458419402	0.20052143602121625	0.3442978938180529	1.099595065075054	1.3911347365865823	1.34933071313522	1.3478604121331392	1.3571442660338136	0.0	0.07100546850730266	0.06954441820809633	0.07080058258057519	0.1665430303307543	0.16039196096048006	0.16039296096098007	0.16039296096098007	0.1620877282780563	0.2345968715019795	0.2329655882405851	0.24715763590753387	0.24789841425598713	0.23778829912425756	0.2515156870936096	0.25103791297138545	0.24119903072547058	0.23939238501645055	0.23939238501645055	0.24290102871272623
f7pp	0.29705592843845136	0.289229550383901	0.2691104384385945	0.22685833323921797	0.19641011407005363	0.3620624624507208	0.3563484457743688	0.2864329299902342	0.2864329299902342	0.2616272711335361	0.25132635257055835	0.39510281036739503	1.150399981624396	1.4419396531359243	1.400135629684562	1.3986653286824813	1.4079491825831556	0.07100546850730266	0.0	0.03390028476744906	0.035156449139927916	0.2173479468800964	0.21119687750982216	0.21119787751032218	0.21119787751032218	0.2128926448273984	0.2854017880513216	0.2837705047899272	0.297962552456876	0.2987033308053292	0.28859321567359963	0.3023206036429517	0.30184282952072755	0.29200394727481266	0.2901973015657926	0.2901973015657926	0.29370594526206834
f23ppA	0.29559487813924507	0.28776850008469473	0.2676493881393882	0.22539728294001168	0.19494906377084734	0.3606014121515145	0.35488739547516246	0.28497187969102783	0.28497187969102783	0.26016622083432983	0.24986530227135206	0.39364176006818874	1.1489389313251896	1.440478602836718	1.3986745793853557	1.397204278383275	1.4064881322839493	0.06954441820809633	0.03390028476744906	0.0	0.0017843789509659346	0.21588689658089005	0.20973582721061584	0.20973682721111586	0.20973682721111586	0.2114315945281921	0.2839407377521153	0.2823094544907209	0.2965015021576697	0.2972422805061229	0.28713216537439334	0.3008595533437454	0.30038177922152126	0.29054289697560637	0.2887362512665863	0.2887362512665863	0.29224489496286205
f23ppB	0.2968510425117239	0.28902466445717356	0.26890555251186704	0.2266534473124905	0.19620522814332617	0.3618575765239933	0.35614355984764134	0.28622804406350666	0.28622804406350666	0.2614223852068087	0.2511214666438309	0.39489792444066757	1.1501950956976685	1.441734767209197	1.3999307437578346	1.3984604427557539	1.4077442966564282	0.07080058258057519	0.035156449139927916	0.0017843789509659346	0.0	0.21714306095336894	0.2109919915830947	0.21099299158359472	0.21099299158359472	0.21268775890067093	0.28519690212459414	0.28356561886319975	0.2977576665301485	0.2984984448786017	0.2883883297468722	0.30211571771622425	0.3016379435940001	0.2917990613480852	0.28999241563906514	0.28999241563906514	0.2935010593353409
f18pp	0.20386123377907484	0.1960348557245245	0.17591574377921795	0.1336636385798414	0.10321541941067705	0.28861763283548814	0.2829036161591362	0.24676350736451869	0.24676350736451869	0.2219578485078207	0.21165692994484292	0.42364918137629104	1.1789463526332917	1.47048602414482	1.4286820006934577	1.427211699691377	1.4364955535920514	0.1665430303307543	0.2173479468800964	0.21588689658089005	0.21714306095336894	0.0	0.010564978846228664	0.010565978846728694	0.010565978846728694	0.012260746163804914	0.19220709339194503	0.19057581013055064	0.2047678577974994	0.20550863614595266	0.1953985210142231	0.20912590898357514	0.20864813486135098	0.1988092526154361	0.19700260690641608	0.19700260690641608	0.20051125060269176
f32pp	0.19771016440880063	0.1898837863542503	0.16976467440894374	0.12751256920956716	0.09706435004040281	0.2824665634652139	0.2767525467888619	0.24061243799424448	0.24061243799424448	0.21580677913754648	0.2055058605745687	0.4174981120060168	1.1727952832630175	1.464334954774546	1.4225309313231835	1.4210606303211029	1.4303444842217772	0.16039196096048006	0.21119687750982216	0.20973582721061584	0.2109919915830947	0.010564978846228664	0.0	3.00000150008727e-06	3.00000150008727e-06	0.0016997673195763656	0.18605602402167082	0.18442474076027643	0.1986167884272252	0.19935756677567845	0.18924745164394888	0.20297483961330093	0.20249706549107677	0.1926581832451619	0.19085153753614187	0.19085153753614187	0.19436018123241755
f6ppB	0.19771116440930064	0.1898847863547503	0.16976567440944376	0.12751356921006718	0.09706535004090285	0.28246756346571394	0.2767535467893619	0.2406134379947445	0.2406134379947445	0.2158077791380465	0.20550686057506873	0.4174991120065168	1.1727962832635177	1.464335954775046	1.4225319313236837	1.421061630321603	1.4303454842222774	0.16039296096098007	0.21119787751032218	0.20973682721111586	0.21099299158359472	0.010565978846728694	3.00000150008727e-06	0.0	2.00000100005818e-06	0.0017007673200763948	0.18605702402217084	0.18442574076077645	0.1986177884277252	0.19935856677617847	0.1892484516444489	0.20297583961380095	0.20249806549157678	0.19265918324566192	0.1908525375366419	0.1908525375366419	0.19436118123291757
f20ppB	0.19771116440930064	0.1898847863547503	0.16976567440944376	0.12751356921006718	0.09706535004090285	0.28246756346571394	0.2767535467893619	0.2406134379947445	0.2406134379947445	0.2158077791380465	0.20550686057506873	0.4174991120065168	1.1727962832635177	1.464335954775046	1.4225319313236837	1.421061630321603	1.4303454842222774	0.16039296096098007	0.21119787751032218	0.20973682721111586	0.21099299158359472	0.010565978846728694	3.00000150008727e-06	2.00000100005818e-06	0.0	0.0017007673200763948	0.18605702402217084	0.18442574076077645	0.1986177884277252	0.19935856677617847	0.1892484516444489	0.20297583961380095	0.20249806549157678	0.19265918324566192	0.1908525375366419	0.1908525375366419	0.19436118123291757
f6ppA	0.19940593172637688	0.19157955367182655	0.17146044172652	0.12920833652714342	0.09876011735797907	0.2841623307827902	0.27844831410643817	0.24230820531182073	0.24230820531182073	0.21750254645512274	0.20720162789214497	0.41919387932359303	1.1744910505805939	1.4660307220921223	1.42422669864076	1.4227563976386792	1.4320402515393535	0.1620877282780563	0.2128926448273984	0.2114315945281921	0.21268775890067093	0.012260746163804914	0.0016997673195763656	0.0017007673200763948	0.0017007673200763948	0.0	0.18775179133924708	0.1861205080778527	0.20031255574480145	0.2010533340932547	0.19094321896152514	0.20467060693087719	0.20419283280865302	0.19435395056273816	0.19254730485371813	0.19254730485371813	0.1960559485499938
f10pp	0.016402471560388564	0.008576093505838227	0.023557802502421073	0.0668915964248334	0.09090123178875072	0.3566714740067134	0.3509574573303614	0.31481734853574395	0.31481734853574395	0.29001168967904595	0.2797107711160682	0.49170302254751624	1.2470001938045172	1.5385398653160456	1.4967358418646832	1.4952655408626025	1.5045493947632769	0.2345968715019795	0.2854017880513216	0.2839407377521153	0.28519690212459414	0.19220709339194503	0.18605602402167082	0.18605702402217084	0.18605702402217084	0.18775179133924708	0.0	0.0031170479118643917	0.017309095578813154	0.018049873927266397	0.007939758795536829	0.02166714676488889	0.02118937264266473	0.011350490396749867	0.0095438446877298	0.0095438446877298	0.013052488384005492
f4pp	0.013760161536202076	0.005933783481651741	0.021926519241026697	0.06526031316343903	0.08926994852735634	0.355040190745319	0.349326174068967	0.31318606527434956	0.31318606527434956	0.28838040641765156	0.2780794878546738	0.49007173928612185	1.2453689105431227	1.536908582054651	1.4951045586032887	1.493634257601208	1.5029181115018824	0.2329655882405851	0.2837705047899272	0.2823094544907209	0.28356561886319975	0.19057581013055064	0.18442474076027643	0.18442574076077645	0.18442574076077645	0.1861205080778527	0.0031170479118643917	0.0	0.014666785554626666	0.015407563903079909	0.005297448771350343	0.019024836740702405	0.018547062618478244	0.008708180372563379	0.006901534663543313	0.006901534663543313	0.010410178359819004
f13pp	0.02465450158249188	0.016828123527941545	0.036118566907975456	0.07945236083038779	0.1034619961943051	0.36923223841226777	0.36351822173591575	0.3273781129412983	0.3273781129412983	0.3025724540846003	0.29227153552162255	0.5042637869530706	1.2595609582100715	1.5511006297216	1.5092966062702375	1.5078263052681569	1.5171101591688312	0.24715763590753387	0.297962552456876	0.2965015021576697	0.2977576665301485	0.2047678577974994	0.1986167884272252	0.1986177884277252	0.1986177884277252	0.20031255574480145	0.017309095578813154	0.014666785554626666	0.0	0.0007427783494533011	0.010377321234649194	0.02991717678599215	0.02943940266376799	0.019600520417853123	0.01779587470983312	0.01779587470983312	0.021304518406108808
f15pp	0.025395279930945123	0.017568901876394788	0.0368593452564287	0.08019313917884102	0.10420277454275834	0.369973016760721	0.36425900008436896	0.3281188912897515	0.3281188912897515	0.3033132324330535	0.29301231387007576	0.5050045653015238	1.2603017365585247	1.551841408070053	1.5100373846186907	1.50856708361661	1.5178509375172844	0.24789841425598713	0.2987033308053292	0.2972422805061229	0.2984984448786017	0.20550863614595266	0.19935756677567845	0.19935856677617847	0.19935856677617847	0.2010533340932547	0.018049873927266397	0.015407563903079909	0.0007427783494533011	0.0	0.011118099583102437	0.030657955134445393	0.03018018101222123	0.020341298766306366	0.018536653058286362	0.018536653058286362	0.02204529675456205
f21pp	0.015285164799215557	0.007458786744665222	0.026749230124699135	0.07008302404711146	0.09409265941102878	0.3598629016289914	0.3541488849526394	0.318008776158022	0.318008776158022	0.293203117301324	0.2829021987383462	0.4948944501697943	1.2501916214267952	1.5417312929383236	1.4999272694869612	1.4984569684848805	1.5077408223855548	0.23778829912425756	0.28859321567359963	0.28713216537439334	0.2883883297468722	0.1953985210142231	0.18924745164394888	0.1892484516444489	0.1892484516444489	0.19094321896152514	0.007939758795536829	0.005297448771350343	0.010377321234649194	0.011118099583102437	0.0	0.02054784000271583	0.020070065880491667	0.010231183634576804	0.008426537926556794	0.008426537926556794	0.011935181622832487
f14ppB	0.029012552768567616	0.021186174714017285	0.040476618094051196	0.08381041201646353	0.10782004738038084	0.3735902895983435	0.3678762729219915	0.33173616412737406	0.33173616412737406	0.30693050527067606	0.2966295867076983	0.5086218381391463	1.2639190093961472	1.5554586809076756	1.5136546574563132	1.5121843564542325	1.5214682103549069	0.2515156870936096	0.3023206036429517	0.3008595533437454	0.30211571771622425	0.20912590898357514	0.20297483961330093	0.20297583961380095	0.20297583961380095	0.20467060693087719	0.02166714676488889	0.019024836740702405	0.02991717678599215	0.030657955134445393	0.02054784000271583	0.0	0.020559428629349476	0.013938099443566335	0.022153925895908855	0.022153925895908855	0.025662569592184544
f19pp	0.028534778646343455	0.020708400591793123	0.039998843971827035	0.08333263789423936	0.10734227325815668	0.37311251547611934	0.3673984987997673	0.3312583900051499	0.3312583900051499	0.3064527311484519	0.29615181258547413	0.5081440640169221	1.263441235273923	1.5549809067854514	1.513176883334089	1.5117065823320084	1.5209904362326827	0.25103791297138545	0.30184282952072755	0.30038177922152126	0.3016379435940001	0.20864813486135098	0.20249706549107677	0.20249806549157678	0.20249806549157678	0.20419283280865302	0.02118937264266473	0.018547062618478244	0.02943940266376799	0.03018018101222123	0.020070065880491667	0.020559428629349476	0.0	0.013460325321342174	0.021676151773684694	0.021676151773684694	0.025184795469960383
f14ppA	0.018695896400428593	0.010869518345878258	0.030159961725912173	0.0734937556483245	0.09750339101224181	0.36327363323020445	0.35755961655385243	0.321419507759235	0.321419507759235	0.296613848902537	0.28631293033955924	0.4983051817710073	1.2536023530280083	1.5451420245395366	1.5033380010881743	1.5018677000860936	1.511151553986768	0.24119903072547058	0.29200394727481266	0.29054289697560637	0.2917990613480852	0.1988092526154361	0.1926581832451619	0.19265918324566192	0.19265918324566192	0.19435395056273816	0.011350490396749867	0.008708180372563379	0.019600520417853123	0.020341298766306366	0.010231183634576804	0.013938099443566335	0.013460325321342174	0.0	0.01183726952776983	0.01183726952776983	0.015345913224045521
f9pp	0.01580033874486196	0.007973960690311624	0.028353316016892106	0.07168710993930444	0.09569674530322175	0.3614669875211844	0.3557529708448324	0.31961286205021494	0.31961286205021494	0.29480720319351694	0.2845062846305392	0.49649853606198724	1.2517957073189883	1.5433353788305166	1.5015313553791543	1.5000610543770736	1.509344908277748	0.23939238501645055	0.2901973015657926	0.2887362512665863	0.28999241563906514	0.19700260690641608	0.19085153753614187	0.1908525375366419	0.1908525375366419	0.19254730485371813	0.0095438446877298	0.006901534663543313	0.01779587470983312	0.018536653058286362	0.008426537926556794	0.022153925895908855	0.021676151773684694	0.01183726952776983	0.0	2.00000100005818e-06	0.0035126436982758076
f17ppA	0.01580033874486196	0.007973960690311624	0.028353316016892106	0.07168710993930444	0.09569674530322175	0.3614669875211844	0.3557529708448324	0.31961286205021494	0.31961286205021494	0.29480720319351694	0.2845062846305392	0.49649853606198724	1.2517957073189883	1.5433353788305166	1.5015313553791543	1.5000610543770736	1.509344908277748	0.23939238501645055	0.2901973015657926	0.2887362512665863	0.28999241563906514	0.19700260690641608	0.19085153753614187	0.1908525375366419	0.1908525375366419	0.19254730485371813	0.0095438446877298	0.006901534663543313	0.01779587470983312	0.018536653058286362	0.008426537926556794	0.022153925895908855	0.021676151773684694	0.01183726952776983	2.00000100005818e-06	0.0	0.0035126436982758076
w17pp	0.01930898244113765	0.011482604386587315	0.0318619597131678	0.07519575363558012	0.09920538899949743	0.36497563121746013	0.3592616145411081	0.3231215057464907	0.3231215057464907	0.2983158468897927	0.2880149283268149	0.5000071797582629	1.255304351015264	1.5468440225267923	1.50503999907543	1.5035696980733493	1.5128535519740236	0.24290102871272623	0.29370594526206834	0.29224489496286205	0.2935010593353409	0.20051125060269176	0.19436018123241755	0.19436118123291757	0.19436118123291757	0.1960559485499938	0.013052488384005492	0.010410178359819004	0.021304518406108808	0.02204529675456205	0.011935181622832487	0.025662569592184544	0.025184795469960383	0.015345913224045521	0.0035126436982758076	0.0035126436982758076	0.0
