	f23ppA	w24pp	s24pp	s24H1	f12ppB	f32pp	f8pp	f26pp	f14ppB	f12ppA	f6ppB	f20ppB	f24pp	w18pp	f23ppB	w20pp	S13Hp	f6ppA	S18H1	F1H1	S8Hp	F23HpA	f10pp	w13pp	f7pp	f3pp	f4pp	f13pp	s17pp	w10pp	w17pp	f17ppA	w3pp	w1pp	f1pp	S14Hp	f29pp	w8pp	f2pp	w2pp	s2pp	f15pp	w14pp	w25pp	f16ppB	f16ppA	f25pp	f22ppB	S22Hp	s27pp	F7H1	f11pp	w11pp	S17H1	F22HpB	S27H1	s30pp	S9H1	S4Hp	w19pp	w16pp	S12Hp	S3Hp	f20ppA	F16H1	f31pp	530451	S15Hp	S26Hp	f30pp	f18pp	f21pp
f23ppA	0.0	0.3086804935142551	0.36638359738358817	0.37604125487737017	0.24509304162552825	0.2701803690852757	0.21561975634381464	0.37485223227460585	0.3193139638634169	0.3342660338672404	0.31671936074380996	0.2513639210197404	0.2625044639999593	0.3462607461054358	0.33872406057594645	0.335408714067072	0.39543560034513825	0.38637352641376366	0.46786569025295005	0.48200931343086023	0.465327001035906	0.5145826542712305	0.35004726037027833	0.3614625100018811	0.31418849433896723	0.3671598426316511	0.2984017720665272	0.4109566544701508	0.4273938093214006	0.4100079151729019	0.3983560983471872	0.38312211796835177	0.3229606621767107	0.3897602026952919	0.38670680104543925	0.5025950130905972	0.35628603374351486	0.37118691380124597	0.3620151158374138	0.37951303957582394	0.4340187700966381	0.3677095703531085	0.3698546928272594	0.38304226397022734	0.35974535346222053	0.27822491596254784	0.3392219141699222	0.3685426080546218	0.45478687924612277	0.3885374036741952	0.4871138073138776	0.3808038247075918	0.45215647444003565	0.5290279845893575	0.5446442702686356	0.5261111492524873	0.47589624474992037	0.4950143255356875	0.49336685543062214	0.43942344382507353	0.3501648986724377	0.3178231107424031	0.40182331753654227	0.373430742222163	0.450975841888148	0.29691445203350303	0.5909212461039534	0.5474560695444721	0.5028783066807457	0.30771586984389726	0.2971892185837523	0.2730529313845328
w24pp	0.3086804935142551	0.0	0.0750092857857574	0.0846669432795394	0.2421544877877329	0.2672418152474803	0.22613060480073316	0.3853630807315244	0.3298248123203355	0.34477688232415893	0.32723020920072854	0.261874769476659	0.2730153124568778	0.3567715945623543	0.349234909032865	0.3459195625239906	0.4059464488020568	0.3968843748706822	0.4783765387098686	0.4925201618877788	0.4758378494928246	0.525093502728149	0.36055810882719685	0.37197335845879964	0.32469934279588575	0.37767069108856965	0.3089126205234457	0.42146750292706936	0.4379046577783191	0.42051876362982044	0.40886694680410574	0.39363296642527035	0.3334715106336293	0.4002710511522104	0.39721764950235783	0.5131058615475157	0.3667968822004334	0.38169776225816454	0.3725259642943324	0.39002388803274246	0.44452961855355666	0.37822041881002705	0.380365541284178	0.3935531124271459	0.3702562019191391	0.28873576441946636	0.3497327626268407	0.3790534565115403	0.46529772770304134	0.3990482521311138	0.4976246557707962	0.3913146731645103	0.4626673228969542	0.539538833046276	0.5551551187255541	0.5366219977094058	0.48640709320683895	0.5055251739926061	0.5038777038875407	0.4499342922819921	0.36067574712935624	0.3283339591993216	0.41233416599346084	0.3839415906790815	0.4614866903450665	0.30742530049042155	0.6014320945608719	0.5579669180013906	0.5133891551376644	0.3182267183008158	0.3077000670406709	0.28356377984145137
s24pp	0.36638359738358817	0.0750092857857574	0.0	0.00965965749478206	0.29985759165706594	0.3249449191168134	0.28383370867006624	0.44306618460085745	0.38752791618966853	0.402479986193492	0.38493331307006157	0.319577873345992	0.3307184163262109	0.4144746984316874	0.40693801290219805	0.4036226663933236	0.46364955267138985	0.45458747874001526	0.5360796425792016	0.5502232657571118	0.5335409533621576	0.5827966065974821	0.41826121269652994	0.4296764623281327	0.38240244666521883	0.4353737949579027	0.3666157243927788	0.4791706067964024	0.4956077616476522	0.4782218674991535	0.4665700506734388	0.4513360702946034	0.3911746145029623	0.4579741550215435	0.45492075337169086	0.5708089654168488	0.42449998606976647	0.43940086612749757	0.4302290681636654	0.44772699190207554	0.5022327224228897	0.4359235226793601	0.438068645153511	0.45125621629647894	0.42795930578847213	0.34643886828879944	0.4074358664961738	0.4367565603808734	0.5230008315723744	0.4567513560004468	0.5553277596401291	0.4490177770338434	0.5203704267662872	0.597241936915609	0.6128582225948871	0.5943251015787387	0.5441101970761719	0.5632282778619391	0.5615808077568738	0.5076373961513252	0.4183788509986893	0.3860370630686547	0.47003726986279387	0.4416446945484146	0.5191897942143996	0.36512840435975463	0.659135198430205	0.6156700218707237	0.5710922590069973	0.37592982217014886	0.36540317091000396	0.3412668837107845
s24H1	0.37604125487737017	0.0846669432795394	0.00965965749478206	0.0	0.30951524915084794	0.3346025766105954	0.29349136616384824	0.45272384209463945	0.39718557368345053	0.412137643687274	0.39459097056384357	0.329235530839774	0.3403760738199929	0.4241323559254694	0.41659567039598006	0.4132803238871056	0.47330721016517185	0.46424513623379726	0.5457373000729837	0.5598809232508939	0.5431986108559397	0.5924542640912641	0.42791887019031194	0.4393341198219147	0.39206010415900083	0.4450314524516847	0.3762733818865608	0.4888282642901844	0.5052654191414342	0.4878795249929355	0.4762277081672208	0.4609937277883854	0.4008322719967443	0.4676318125153255	0.46457841086547286	0.5804666229106308	0.43415764356354847	0.44905852362127957	0.4398867256574474	0.45738464939585755	0.5118903799166716	0.4455811801731421	0.447726302647293	0.46091387379026094	0.43761696328225413	0.35609652578258144	0.4170935239899558	0.4464142178746554	0.5326584890661563	0.4664090134942288	0.5649854171339113	0.4586754345276254	0.5300280842600693	0.6068995944093911	0.6225158800886692	0.6039827590725209	0.553767854569954	0.5728859353557212	0.5712384652506557	0.5172950536451071	0.4280365084924713	0.3956947205624367	0.4796949273565759	0.4513023520421966	0.5288474517081816	0.37478606185353663	0.668792855923987	0.6253276793645057	0.5807499165007795	0.38558747966393087	0.37506082840378596	0.3509245412045665
f12ppB	0.24509304162552825	0.2421544877877329	0.29985759165706594	0.30951524915084794	0.0	0.17128483209337106	0.16254315291200633	0.3217756288427976	0.26623736043160867	0.2811894304354321	0.2636427573120017	0.19828731758793217	0.209427860568151	0.29318414267362747	0.2856474571441382	0.28233211063526376	0.34235899691333	0.33329692298195535	0.4147890868211418	0.428932709999052	0.41225039760409776	0.46150605083942225	0.29697065693847	0.30838590657007287	0.26111189090715897	0.3140832391998428	0.24532516863471893	0.35788005103834253	0.37431720588959233	0.3569313117410936	0.34527949491537896	0.3300455145365435	0.26988405874490246	0.3366835992634836	0.333630197613631	0.4495184096587889	0.3032094303117066	0.3181103103694377	0.30893851240560555	0.3264364361440157	0.38094216666482983	0.3146329669213002	0.31677808939545116	0.3299656605384191	0.3066687500304123	0.22514831253073952	0.2861453107381139	0.31546600462281355	0.4017102758143145	0.33546080024238695	0.43403720388206934	0.3277272212757835	0.3990798710082274	0.4759513811575492	0.4915676668368273	0.47303454582067894	0.4228196413181121	0.44193772210387927	0.4402902519988139	0.3863468403932653	0.2970882952406294	0.26474650731059485	0.348746714104734	0.3203541387903547	0.3978992384563397	0.24383784860169477	0.537844642672145	0.4943794661126638	0.44980170324893753	0.254639266412089	0.24411261515194405	0.21997632795272457
f32pp	0.2701803690852757	0.2672418152474803	0.3249449191168134	0.3346025766105954	0.17128483209337106	0.0	0.18763048037175378	0.34686295630254504	0.2913246878913561	0.3062767578951795	0.2887300847717491	0.22337464504767957	0.23451518802789842	0.31827147013337487	0.3107347846038856	0.30741943809501115	0.36744632437307745	0.35838425044170275	0.4398764142808892	0.4540200374587994	0.43733772506384516	0.48659337829916965	0.3220579843982174	0.33347323402982026	0.28619921836690637	0.3391705666595902	0.2704124960944663	0.3829673784980899	0.39940453334933973	0.382018639200841	0.37036682237512636	0.3551328419962909	0.2949713862046499	0.361770926723231	0.3587175250733784	0.4746057371185363	0.328296757771454	0.3431976378291851	0.33402583986535295	0.3515237636037631	0.40602949412457723	0.33972029438104767	0.34186541685519856	0.35505298799816654	0.3317560774901597	0.2502356399904869	0.3112326381978613	0.34055333208256094	0.4267976032740619	0.3605481277021344	0.45912453134181674	0.3528145487355309	0.4241671984679748	0.5010387086172966	0.5166549942965747	0.49812187328042634	0.4479069687778595	0.46702504956362667	0.4653775794585613	0.4114341678530127	0.3221756227003768	0.28983383477034225	0.3738340415644814	0.3454414662501021	0.4229865659160871	0.2689251760614422	0.5629319701318924	0.5194667935724112	0.47488903070868493	0.2797265938718364	0.26919994261169145	0.24506365541247196
f8pp	0.21561975634381464	0.22613060480073316	0.28383370867006624	0.29349136616384824	0.16254315291200633	0.18763048037175378	0.0	0.2633918639219599	0.20785359551077096	0.22280566551459438	0.20525899239116396	0.13990355266709442	0.15104409564731328	0.23480037775278975	0.22726369222330045	0.223948345714426	0.2839752319924923	0.2749131580611176	0.35640532190030405	0.37054894507821423	0.35386663268326	0.4031222859185845	0.2385868920176323	0.2500021416492351	0.20272812598632123	0.2556994742790051	0.18694140371388118	0.2994962861175048	0.3159334409687546	0.29854754682025586	0.2868957299945412	0.27166174961570577	0.21150029382406474	0.2782998343426459	0.27524643269279325	0.3911346447379512	0.24482566539086886	0.25972654544859997	0.2505547474847678	0.26805267122317794	0.3225584017439921	0.25624920200046253	0.2583943244746134	0.2715818956175814	0.24828498510957453	0.1667645476099018	0.22776154581727617	0.2570822397019758	0.34332651089347677	0.27707703532154926	0.3756534389612316	0.2693434563549458	0.34069610608738965	0.41756761623671146	0.43318390191598954	0.4146507808998412	0.36443587639727437	0.3835539571830415	0.38190648707797614	0.32796307547242753	0.2387045303197917	0.2063627423897571	0.29036294918389627	0.26197037386951694	0.33951547353550193	0.18545408368085703	0.4794608777513073	0.43599570119182607	0.3914179383280998	0.19625550149125126	0.1857288502311063	0.16159256303188685
f26pp	0.37485223227460585	0.3853630807315244	0.44306618460085745	0.45272384209463945	0.3217756288427976	0.34686295630254504	0.2633918639219599	0.0	0.1935922078973587	0.24192618080827027	0.22437950768483986	0.23505628637991385	0.2461968293601327	0.3299531114656092	0.32241642593611985	0.3191010794272454	0.3791279657053117	0.37006589177393706	0.4686919365164897	0.4828355596943999	0.4661532472994457	0.5154089005347702	0.35087350663381794	0.3622887562654208	0.3150147406025069	0.3679860888951907	0.29922801833006685	0.4117829007336904	0.42822005558494025	0.4108341614364415	0.3991823446107269	0.3839483642318914	0.3237869084402504	0.39058644895883154	0.38753304730897886	0.5034212593541368	0.35711228000705453	0.3720131600647856	0.3628413621009534	0.3803392858393636	0.43484501636017775	0.36853581661664814	0.370680939090799	0.383868510233767	0.36057159972576014	0.27905116222608745	0.3400481604334618	0.36936885431816147	0.45561312550966243	0.38936364993773487	0.48794005357741727	0.38163007097113144	0.4529827207035753	0.5298542308528971	0.5454705165321752	0.5269373955160268	0.47672249101346004	0.4958405717992272	0.4941931016941618	0.4402496900886132	0.35099114493597733	0.31864935700594277	0.4026495638000819	0.3996803879109253	0.4772254875769103	0.32316409772226534	0.6171708917927157	0.5737057152332344	0.529127952369508	0.3339655155326596	0.32343886427251467	0.29930257707329516
f14ppB	0.3193139638634169	0.3298248123203355	0.38752791618966853	0.39718557368345053	0.26623736043160867	0.2913246878913561	0.20785359551077096	0.1935922078973587	0.0	0.18638791239708136	0.1688412392736509	0.1795180179687249	0.19065856094894376	0.27441484305442027	0.26687815752493094	0.2635628110160565	0.3235896972941228	0.31452762336274814	0.4131536681053008	0.427297291283211	0.41061497888825677	0.45987063212358126	0.295335238222629	0.30675048785423187	0.259476472191318	0.31244782048400177	0.2436897499188779	0.3562446323225015	0.37268178717375133	0.3552958930252526	0.34364407619953796	0.32841009582070246	0.26824864002906146	0.3350481805476426	0.33199477889778994	0.4478829909429479	0.3015740115958656	0.31647489165359666	0.3073030936897645	0.3248010174281747	0.37930674794898883	0.3129975482054592	0.3151426706796101	0.3283302418225781	0.3050333313145712	0.22351289381489853	0.2845098920222729	0.31383058590697255	0.4000748570984735	0.33382538152654595	0.43240178516622835	0.3260918025599425	0.3974444522923864	0.4743159624417082	0.4899322481209863	0.47139912710483795	0.4211842226022711	0.4403023033880383	0.4386548332829729	0.3847114216774243	0.2954528765247884	0.26311108859475385	0.34711129538889296	0.3441421194997364	0.4216872191657214	0.2676258293110764	0.5616326233815268	0.5181674468220455	0.4735896839583192	0.27842724712147066	0.26790059586132575	0.24376430866210624
f12ppA	0.3342660338672404	0.34477688232415893	0.402479986193492	0.412137643687274	0.2811894304354321	0.3062767578951795	0.22280566551459438	0.24192618080827027	0.18638791239708136	0.0	0.1697666539107711	0.19447008797254836	0.20561063095276721	0.2893669130582437	0.2818302275287544	0.27851488101988	0.3385417672979462	0.32947969336657157	0.4281057381091242	0.4422493612870344	0.4255670488920802	0.4748227021274047	0.31028730822645245	0.32170255785805524	0.27442854219514135	0.32739989048782525	0.2586418199227013	0.37119670232632496	0.3876338571775747	0.37024796302907603	0.35859614620336133	0.34336216582452594	0.2832007100328849	0.350000250551466	0.3469468489016134	0.46283506094677135	0.316526081599689	0.33142696165742014	0.322255163693588	0.33975308743199806	0.39425881795281226	0.32794961820928265	0.3300947406834336	0.3432823118264015	0.3199854013183947	0.23846496381872195	0.2994619620260963	0.3287826559107959	0.41502692710229694	0.3487774515303694	0.4473538551700518	0.3410438725637659	0.4123965222962098	0.48926803244553163	0.5048843181248097	0.48635119710866137	0.43613629260609454	0.4552543733918617	0.4536069032867963	0.3996634916812477	0.31040494652861184	0.2780631585985772	0.36206336539271644	0.3590941895035598	0.4366392891695448	0.28257789931489985	0.5765846933853502	0.5331195168258689	0.4885417539621426	0.2933793171252941	0.2828526658651491	0.25871637866592967
f6ppB	0.31671936074380996	0.32723020920072854	0.38493331307006157	0.39459097056384357	0.2636427573120017	0.2887300847717491	0.20525899239116396	0.22437950768483986	0.1688412392736509	0.1697666539107711	0.0	0.17692341484911794	0.18806395782933677	0.2718202399348133	0.264283554405324	0.26096820789644953	0.32099509417451577	0.3119330202431412	0.41055906498569383	0.424702688163604	0.4080203757686498	0.45727602900397424	0.29274063510302206	0.30415588473462485	0.25688186907171096	0.3098532173643948	0.2410951467992709	0.3536500292028945	0.3700871840541443	0.35270128990564564	0.34104947307993094	0.3258154927010955	0.26565403690945444	0.3324535774280356	0.329400175778183	0.4452883878233409	0.2989794084762586	0.3138802885339897	0.30470849057015753	0.32220641430856767	0.37671214482938187	0.3104029450858522	0.31254806756000314	0.32573563870297106	0.30243872819496426	0.22091829069529154	0.28191528890266593	0.31123598278736553	0.39748025397886655	0.33123077840693893	0.4298071820466214	0.3234971994403355	0.39484984917277943	0.47172135932210124	0.4873376450013793	0.468804523985231	0.41858961948266415	0.4377077002684313	0.4360602301633659	0.3821168185578173	0.29285827340518145	0.26051648547514683	0.344516692269286	0.34154751638012937	0.41909261604611436	0.26503122619146946	0.5590380202619197	0.5155728437024385	0.4709950808387122	0.2758326440018637	0.26530599274171873	0.24116970554249925
f20ppB	0.2513639210197404	0.261874769476659	0.319577873345992	0.329235530839774	0.19828731758793217	0.22337464504767957	0.13990355266709442	0.23505628637991385	0.1795180179687249	0.19447008797254836	0.17692341484911794	0.0	0.10732409941792412	0.1910803815234006	0.1835436959939113	0.18022834948503685	0.24025523576310312	0.23119316183172847	0.3452036252616243	0.3593472484395345	0.34266493604458026	0.39192058927990475	0.22738519537895252	0.2388004450105553	0.1915264293476414	0.24449777764032526	0.17573970707520137	0.28829458947882497	0.30473174433007477	0.2873458501815761	0.2756940333558614	0.26046005297702596	0.20029859718538495	0.26709813770396607	0.26404473605411344	0.3799329480992714	0.23362396875218905	0.24852484880992015	0.239353050846088	0.2568509745844981	0.3113567051053123	0.2450475053617827	0.2471926278359336	0.2603801989789016	0.23708328847089472	0.15556285097122202	0.2165598491785964	0.245880543063296	0.332124814254797	0.26587533868286944	0.36445174232255184	0.25814175971626596	0.3294944094487099	0.4063659195980317	0.4219822052773098	0.40344908426116144	0.3532341797585946	0.37235226054436177	0.3707047904392964	0.3167613788337478	0.2275028336811119	0.1951610457510773	0.27916125254521645	0.2761920766560598	0.3537371763220448	0.19967578646739992	0.4936825805378502	0.45021740397836896	0.4056396411146427	0.21047720427779415	0.1999505530176492	0.1758142658184297
f24pp	0.2625044639999593	0.2730153124568778	0.3307184163262109	0.3403760738199929	0.209427860568151	0.23451518802789842	0.15104409564731328	0.2461968293601327	0.19065856094894376	0.20561063095276721	0.18806395782933677	0.10732409941792412	0.0	0.18765593265550168	0.18011924712601238	0.17680390061713794	0.2368307868952042	0.22776871296382956	0.3563441682418431	0.3704877914197533	0.3538054790247991	0.4030611322601236	0.23852573835917135	0.24994098799077416	0.20266697232786027	0.25563832062054415	0.18688025005542022	0.29943513245904385	0.3158722873102936	0.2984863931617949	0.2868345763360802	0.27160059595724484	0.21143914016560378	0.2782386806841849	0.2751852790343323	0.39107349107949024	0.2447645117324079	0.25966539179013903	0.25049359382630687	0.26799151756471695	0.32249724808553115	0.25618804834200154	0.2583331708161525	0.2715207419591204	0.24822383145111357	0.16670339395144085	0.2277003921588152	0.2570210860435148	0.34326535723501583	0.27701588166308827	0.37559228530277067	0.2692823026964848	0.3406349524289287	0.4175064625782505	0.4331227482575286	0.41458962724138027	0.36437472273881344	0.3834928035245806	0.3818453334195152	0.3279019218139666	0.23864337666133073	0.20630158873129614	0.29030179552543534	0.2873326196362787	0.3648777193022637	0.21081632944761874	0.5048231235180691	0.46135794695858784	0.4167801840948615	0.22161774725801298	0.21109109599786804	0.18695480879864856
w18pp	0.3462607461054358	0.3567715945623543	0.4144746984316874	0.4241323559254694	0.29318414267362747	0.31827147013337487	0.23480037775278975	0.3299531114656092	0.27441484305442027	0.2893669130582437	0.2718202399348133	0.1910803815234006	0.18765593265550168	0.0	0.24831803950751835	0.24500269299864394	0.3050295792767102	0.29596750534533556	0.4401004503473196	0.4542440735252298	0.43756176113027556	0.48681741436560005	0.3222820204646478	0.3336972700962506	0.2864232544333367	0.3393946027260206	0.27063653216089667	0.3831914145645203	0.3996285694157701	0.3822426752672714	0.3705908584415567	0.3553568780627213	0.29519542227108025	0.36199496278966137	0.3589415611398088	0.4748297731849667	0.32852079383788435	0.3434216738956155	0.33424987593178335	0.35174779967019343	0.40625353019100763	0.339944330447478	0.34208945292162896	0.3552770240645969	0.3319801135565901	0.2504596760569173	0.3114566742642917	0.3407773681489913	0.4270216393404923	0.36077216376856475	0.45934856740824714	0.35303858480196126	0.4243912345344052	0.501262744683727	0.5168790303630051	0.49834590934685674	0.4481310048442899	0.46724908563005707	0.4656016155249917	0.4116582039194431	0.3223996587668072	0.2900578708367726	0.3740580776309118	0.3710889017417552	0.4486340014077402	0.2945726115530952	0.5885794056235456	0.5451142290640643	0.500536466200338	0.30537402936348945	0.2948473781033445	0.27071109090412504
f23ppB	0.33872406057594645	0.349234909032865	0.40693801290219805	0.41659567039598006	0.2856474571441382	0.3107347846038856	0.22726369222330045	0.32241642593611985	0.26687815752493094	0.2818302275287544	0.264283554405324	0.1835436959939113	0.18011924712601238	0.24831803950751835	0.0	0.2195201753704829	0.27954706164854914	0.27048498771717455	0.4325637648178303	0.4467073879957405	0.4300250756007863	0.4792807288361107	0.31474533493515855	0.32616058456676134	0.27888656890384744	0.3318579171965313	0.2630998466314074	0.375654729035031	0.3920918838862808	0.37470598973778213	0.36305417291206743	0.347820192533232	0.2876587367415909	0.3544582772601721	0.35140487561031947	0.4672930876554774	0.3209841083083951	0.3358849883661262	0.326713190402294	0.34421111414070416	0.39871684466151835	0.3324076449179887	0.3345527673921396	0.34774033853510755	0.32444342802710074	0.24292299052742802	0.3039199887348024	0.333240682619502	0.41948495381100304	0.3532354782390754	0.45181188187875787	0.345501899272472	0.4168545490049159	0.49372605915423773	0.5093423448335158	0.49080922381736747	0.44059431931480064	0.4597124001005678	0.4580649299955024	0.4041215183899538	0.31486297323731793	0.2825211853072833	0.3665213921014225	0.36355221621226586	0.44109731587825085	0.28703592602360595	0.5810427200940562	0.537577543534575	0.4929997806708487	0.2978373438340002	0.2873106925738552	0.26317440537463577
w20pp	0.335408714067072	0.3459195625239906	0.4036226663933236	0.4132803238871056	0.28233211063526376	0.30741943809501115	0.223948345714426	0.3191010794272454	0.2635628110160565	0.27851488101988	0.26096820789644953	0.18022834948503685	0.17680390061713794	0.24500269299864394	0.2195201753704829	0.0	0.22235947206865836	0.2132973981372837	0.4292484183089559	0.44339204148686606	0.42670972909191185	0.4759653823272363	0.3114299884262841	0.3228452380578869	0.275571222394973	0.32854257068765685	0.25978450012253296	0.37233938252615656	0.38877653737740636	0.3713906432289077	0.359738826403193	0.34450484602435755	0.2843433902327165	0.35114293075129765	0.348089529101445	0.46397774114660295	0.31766876179952064	0.33256964185725174	0.3233978438934196	0.3408957676318297	0.3954014981526439	0.32909229840911425	0.3312374208832652	0.3444249920262331	0.3211280815182263	0.23960764401855358	0.300604642225928	0.3299253361106276	0.4161696073021286	0.349920131730201	0.44849653536988343	0.34218655276359755	0.4135392024960415	0.4904107126453633	0.5060269983246414	0.48749387730849303	0.4372789728059262	0.45639705359169336	0.454749583486628	0.40080617188107936	0.3115476267284435	0.2792058387984089	0.36320604559254804	0.3602368697033914	0.4377819693693764	0.2837205795147315	0.5777273735851818	0.5342621970257005	0.48968443416197427	0.29452199732512574	0.2839953460649808	0.2598590588657613
S13Hp	0.39543560034513825	0.4059464488020568	0.46364955267138985	0.47330721016517185	0.34235899691333	0.36744632437307745	0.2839752319924923	0.3791279657053117	0.3235896972941228	0.3385417672979462	0.32099509417451577	0.24025523576310312	0.2368307868952042	0.3050295792767102	0.27954706164854914	0.22235947206865836	0.0	0.16497176830007454	0.4892753045870221	0.5034189277649324	0.4867366153699781	0.5359922686053026	0.37145687470435035	0.3828721243359532	0.3355981086730393	0.3885694569657231	0.31981138640059925	0.4323662688042228	0.44880342365547266	0.43141752950697393	0.4197657126812593	0.4045317323024238	0.3443702765107828	0.41116981702936395	0.40811641537951127	0.5240046274246692	0.37769564807758693	0.392596528135318	0.3834247301714858	0.400922653909896	0.45542838443071015	0.38911918468718054	0.3912643071613314	0.4044518783042994	0.38115496779629254	0.29963453029661985	0.3606315285039942	0.38995222238869387	0.47619649358019484	0.40994701800826727	0.5085234216479497	0.40221343904166384	0.4735660887741077	0.5504375989234296	0.5660538846027077	0.5475207635865593	0.49730585908399244	0.5164239398697597	0.5147764697646942	0.4608330581591456	0.37157451300650973	0.3392327250764752	0.4232329318706143	0.4202637559814577	0.4978088556474427	0.34374746579279775	0.6377542598632481	0.5942890833037668	0.5497113204400406	0.354548883603192	0.3440222323430471	0.3198859451438276
f6ppA	0.38637352641376366	0.3968843748706822	0.45458747874001526	0.46424513623379726	0.33329692298195535	0.35838425044170275	0.2749131580611176	0.37006589177393706	0.31452762336274814	0.32947969336657157	0.3119330202431412	0.23119316183172847	0.22776871296382956	0.29596750534533556	0.27048498771717455	0.2132973981372837	0.16497176830007454	0.0	0.48021323065564747	0.49435685383355765	0.47767454143860344	0.526930194673928	0.3623948007729757	0.3738100504045785	0.3265360347416646	0.3795073830343485	0.31074931246922455	0.4233041948728482	0.43974134972409795	0.4223554555755993	0.4107036387498846	0.3954696583710492	0.33530820257940813	0.40210774309798925	0.3990543414481367	0.5149425534932945	0.36863357414621223	0.3835344542039434	0.3743626562401112	0.3918605799785213	0.4463663104993355	0.3800571107558059	0.38220223322995683	0.39538980437292476	0.37209289386491795	0.2905724563652452	0.35156945457261957	0.38089014845731917	0.4671344196488202	0.4008849440768926	0.499461347716575	0.39315136511028914	0.46450401484273307	0.5413755249920549	0.556991810671333	0.5384586896551846	0.4882437851526178	0.507361865938385	0.5057143958333196	0.45177098422777096	0.3625124390751351	0.33017065114510047	0.4141708579392397	0.41120168205008306	0.48874678171606806	0.3346853918614231	0.6286921859318735	0.5852270093723921	0.5406492465086659	0.34548680967181733	0.3349601584116724	0.3108238712124529
S18H1	0.46786569025295005	0.4783765387098686	0.5360796425792016	0.5457373000729837	0.4147890868211418	0.4398764142808892	0.35640532190030405	0.4686919365164897	0.4131536681053008	0.4281057381091242	0.41055906498569383	0.3452036252616243	0.3563441682418431	0.4401004503473196	0.4325637648178303	0.4292484183089559	0.4892753045870221	0.48021323065564747	0.0	0.3460048487220997	0.4018109447832212	0.4510665980185457	0.34052006541182944	0.35193531504343223	0.3469716286519504	0.3999429769446343	0.33118490637951037	0.443739788783134	0.4601769436343838	0.4427910494858851	0.4311392326601704	0.415905252281335	0.35574379648969395	0.42254333700827507	0.4194899353584225	0.5353781474035804	0.38906916805649805	0.4039700481142292	0.39479825015039705	0.4122961738888071	0.4668019044096213	0.4004927046660917	0.40263782714024265	0.4158253982832106	0.39252848777520377	0.311008050275531	0.40035847876262853	0.4296791726473282	0.5159234438388292	0.44967396826690165	0.548250371906584	0.44194038930029816	0.513293039032742	0.5901645491820638	0.6057808348613419	0.5872477138451936	0.5370328093426268	0.5561508901283939	0.5545034200233285	0.5005600084177799	0.41130146326514405	0.3789596753351095	0.46295988212924866	0.4926938458892695	0.5702389455552546	0.41617755570060955	0.7101843497710598	0.6667191732115787	0.6221414103478523	0.4269789735110038	0.4164523222508589	0.39231603505163937
F1H1	0.48200931343086023	0.4925201618877788	0.5502232657571118	0.5598809232508939	0.428932709999052	0.4540200374587994	0.37054894507821423	0.4828355596943999	0.427297291283211	0.4422493612870344	0.424702688163604	0.3593472484395345	0.3704877914197533	0.4542440735252298	0.4467073879957405	0.44339204148686606	0.5034189277649324	0.49435685383355765	0.3460048487220997	0.0	0.41595456796113134	0.46521022119645583	0.35466368858973957	0.3660789382213424	0.3611152518298606	0.4140866001225445	0.34532852955742055	0.4578834119610442	0.47432056681229395	0.4569346726637953	0.4452828558380806	0.4300488754592452	0.36988741966760413	0.43668696018618525	0.4336335585363327	0.5495217705814905	0.40321279123440823	0.4181136712921394	0.4089418733283072	0.4264397970667173	0.4809455275875315	0.4146363278440019	0.41678145031815284	0.42996902146112076	0.40667211095311395	0.3251516734534412	0.4145021019405387	0.44382279582523837	0.5300670670167393	0.4638175914448118	0.5623939950844942	0.45608401247820834	0.5274366622106522	0.604308172359974	0.6199244580392521	0.6013913370231038	0.5511764325205369	0.5702945133063041	0.5686470432012387	0.5147036315956901	0.42544508644305423	0.39310329851301967	0.47710350530715884	0.5068374690671797	0.5843825687331647	0.43032117887851973	0.72432797294897	0.6808627963894889	0.6362850335257625	0.44112259668891396	0.43059594542876906	0.40645965822954955
S8Hp	0.465327001035906	0.4758378494928246	0.5335409533621576	0.5431986108559397	0.41225039760409776	0.43733772506384516	0.35386663268326	0.4661532472994457	0.41061497888825677	0.4255670488920802	0.4080203757686498	0.34266493604458026	0.3538054790247991	0.43756176113027556	0.4300250756007863	0.42670972909191185	0.4867366153699781	0.47767454143860344	0.4018109447832212	0.41595456796113134	0.0	0.38518297809711477	0.33798137619478535	0.3493966258263882	0.3444329394349064	0.3974042877275903	0.32864621716246634	0.44120109956609	0.45763825441733974	0.44025236026884107	0.42860054344312637	0.413366563064291	0.3532051072726499	0.42000464779123103	0.41695124614137846	0.5328394581865363	0.386530478839454	0.4014313588971852	0.392259560933353	0.4097574846717631	0.4642632151925773	0.3979540154490477	0.4000991379231986	0.41328670906616655	0.38998979855815974	0.308469361058487	0.3978197895455845	0.42714048343028416	0.5133847546217851	0.4471352790498576	0.54571168268954	0.43940170008325413	0.510754349815698	0.5876258599650198	0.6032421456442979	0.5847090246281496	0.5344941201255827	0.5536122009113499	0.5519647308062845	0.4980213192007359	0.4087627740481	0.37642098611806546	0.4604211929122046	0.4901551566722255	0.5677002563382105	0.4136388664835655	0.7076456605540158	0.6641804839945347	0.6196027211308083	0.42444028429395975	0.41391363303381484	0.38977734583459533
F23HpA	0.5145826542712305	0.525093502728149	0.5827966065974821	0.5924542640912641	0.46150605083942225	0.48659337829916965	0.4031222859185845	0.5154089005347702	0.45987063212358126	0.4748227021274047	0.45727602900397424	0.39192058927990475	0.4030611322601236	0.48681741436560005	0.4792807288361107	0.4759653823272363	0.5359922686053026	0.526930194673928	0.4510665980185457	0.46521022119645583	0.38518297809711477	0.0	0.38723702943010985	0.3986522790617127	0.39368859267023093	0.4466599409629147	0.3779018703977909	0.49045675280141443	0.5068939076526643	0.48950801350416556	0.4778561966784509	0.4626222162996154	0.4024607605079744	0.4692603010265556	0.4662068993767029	0.5820951114218609	0.43578613207477856	0.4506870121325096	0.44151521416867745	0.45901313790708764	0.5135188684279017	0.4472096686843722	0.44935479115852306	0.46254236230149104	0.4392454517934842	0.3577250142938115	0.44707544278090905	0.47639613666560865	0.5626404078571097	0.49639093228518205	0.5949673359248644	0.4886573533185786	0.5600100030510224	0.6368815132003443	0.6524977988796223	0.633964677863474	0.5837497733609072	0.6028678541466743	0.601220384041609	0.5472769724360604	0.45801842728342457	0.42567663935338995	0.5096768461475292	0.53941080990755	0.616955909573535	0.46289451971889	0.7569013137893403	0.7134361372298591	0.6688583743661327	0.47369593752928424	0.46316928626913934	0.4390329990699199
f10pp	0.35004726037027833	0.36055810882719685	0.41826121269652994	0.42791887019031194	0.29697065693847	0.3220579843982174	0.2385868920176323	0.35087350663381794	0.295335238222629	0.31028730822645245	0.29274063510302206	0.22738519537895252	0.23852573835917135	0.3222820204646478	0.31474533493515855	0.3114299884262841	0.37145687470435035	0.3623948007729757	0.34052006541182944	0.35466368858973957	0.33798137619478535	0.38723702943010985	0.0	0.16053084852544403	0.22915319876927867	0.28212454706196255	0.21336647649683863	0.32592135890046225	0.342358513751712	0.32497261960321333	0.31332080277749863	0.29808682239866324	0.23792536660702218	0.3047249071256033	0.3016715054757507	0.41755971752090865	0.2712507381738263	0.28615161823155744	0.2769798202677253	0.29447774400613536	0.34898347452694956	0.28267427478341994	0.2848193972575709	0.2980069684005388	0.274710057892532	0.19318962039285925	0.2825400488799568	0.3118607427646565	0.3981050139561574	0.3318555383842299	0.4304319420239122	0.32412195941762645	0.39547460915007027	0.4723461192993921	0.48796240497867016	0.4694292839625218	0.419214379459955	0.43833246024572214	0.43668499014065676	0.3827415785351082	0.29348303338247234	0.2611412454524378	0.3451414522465769	0.37487541600659774	0.45242051567258273	0.2983591258179378	0.5923659198883882	0.5489007433289068	0.5043229804651805	0.309160543628332	0.29863389236818705	0.2744976051689676
w13pp	0.3614625100018811	0.37197335845879964	0.4296764623281327	0.4393341198219147	0.30838590657007287	0.33347323402982026	0.2500021416492351	0.3622887562654208	0.30675048785423187	0.32170255785805524	0.30415588473462485	0.2388004450105553	0.24994098799077416	0.3336972700962506	0.32616058456676134	0.3228452380578869	0.3828721243359532	0.3738100504045785	0.35193531504343223	0.3660789382213424	0.3493966258263882	0.3986522790617127	0.16053084852544403	0.0	0.24056844840088148	0.29353979669356534	0.22478172612844144	0.33733660853206504	0.35377376338331484	0.3363878692348161	0.32473605240910147	0.30950207203026603	0.249340616238625	0.31614015675720614	0.3130867551073535	0.4289749671525115	0.2826659878054291	0.2975668678631602	0.28839506989932806	0.3058929936377382	0.36039872415855234	0.2940895244150228	0.29623464688917367	0.30942221803214165	0.2861253075241348	0.20460487002446207	0.29395529851155966	0.32327599239625926	0.4095202635877602	0.34327078801583266	0.44184719165551506	0.33553720904922923	0.4068898587816731	0.4837613689309949	0.499377654610273	0.48084453359412466	0.43062962909155783	0.449747709877325	0.4481002397722596	0.39415682816671105	0.3048982830140752	0.27255649508404056	0.3565567018781797	0.3862906656382006	0.4638357653041856	0.3097743754495406	0.603781169519991	0.5603159929605097	0.5157382300967833	0.32057579325993485	0.3100491419997899	0.2859128548005704
f7pp	0.31418849433896723	0.32469934279588575	0.38240244666521883	0.39206010415900083	0.26111189090715897	0.28619921836690637	0.20272812598632123	0.3150147406025069	0.259476472191318	0.27442854219514135	0.25688186907171096	0.1915264293476414	0.20266697232786027	0.2864232544333367	0.27888656890384744	0.275571222394973	0.3355981086730393	0.3265360347416646	0.3469716286519504	0.3611152518298606	0.3444329394349064	0.39368859267023093	0.22915319876927867	0.24056844840088148	0.0	0.14715246937772375	0.07839439881259985	0.20803840545867142	0.22447556030992122	0.20708966616142252	0.19543784933570785	0.1802038689568724	0.12004241316523136	0.1868419536838125	0.18378855203395988	0.2996767640791178	0.1877043326565237	0.2026052127142548	0.19343341475042264	0.21093133848883278	0.2654370690096469	0.19912786926611734	0.23501370394645388	0.24820127508942183	0.224904364581415	0.14338392708174227	0.24668128284864574	0.27600197673334537	0.36224624792484633	0.29599677235291877	0.39457317599260117	0.28826319338631534	0.3596158431187592	0.436487353268081	0.4521036389473591	0.43357051793121076	0.38335561342864394	0.4024736942144111	0.4008262241093457	0.34688281250379716	0.2576242673511613	0.22528247942112667	0.30928268621526583	0.3390166499752867	0.4165617496412717	0.2625003597866267	0.556507153857077	0.5130419772975958	0.46846421443386943	0.27330177759702096	0.262775126336876	0.23863883913765652
f3pp	0.3671598426316511	0.37767069108856965	0.4353737949579027	0.4450314524516847	0.3140832391998428	0.3391705666595902	0.2556994742790051	0.3679860888951907	0.31244782048400177	0.32739989048782525	0.3098532173643948	0.24449777764032526	0.25563832062054415	0.3393946027260206	0.3318579171965313	0.32854257068765685	0.3885694569657231	0.3795073830343485	0.3999429769446343	0.4140866001225445	0.3974042877275903	0.4466599409629147	0.28212454706196255	0.29353979669356534	0.14715246937772375	0.0	0.11618747364030066	0.26100975375135527	0.27744690860260507	0.26006101445410634	0.2484091976283917	0.23317521724955625	0.1730137614579152	0.23981330197649636	0.23675990032664374	0.3526481123718017	0.24067568094920755	0.25557656100693865	0.2464047630431065	0.2639026867815166	0.3184084173023308	0.25209921755880116	0.28798505223913773	0.3011726233821057	0.27787571287409885	0.19635527537442612	0.29965263114132956	0.3289733250260292	0.4152175962175302	0.3489681206456027	0.447544524285285	0.3412345416789992	0.41258719141144307	0.4894587015607649	0.505074987240043	0.4865418662238946	0.4363269617213278	0.45544504250709494	0.45379757240202956	0.39985416079648095	0.3105956156438451	0.2782538277138105	0.3622540345079497	0.3919879982679705	0.4695330979339555	0.3154717080793106	0.6094785021497608	0.5660133255902796	0.5214355627265533	0.3262731258897048	0.31574647462955985	0.2916101874303404
f4pp	0.2984017720665272	0.3089126205234457	0.3666157243927788	0.3762733818865608	0.24532516863471893	0.2704124960944663	0.18694140371388118	0.29922801833006685	0.2436897499188779	0.2586418199227013	0.2410951467992709	0.17573970707520137	0.18688025005542022	0.27063653216089667	0.2630998466314074	0.25978450012253296	0.31981138640059925	0.31074931246922455	0.33118490637951037	0.34532852955742055	0.32864621716246634	0.3779018703977909	0.21336647649683863	0.22478172612844144	0.07839439881259985	0.11618747364030066	0.0	0.19225168318623137	0.20868883803748117	0.19130294388898247	0.1796511270632678	0.16441714668443233	0.1042556908927913	0.17105523141137247	0.16800182976151984	0.28389004180667776	0.17191761038408365	0.18681849044181476	0.1776466924779826	0.19514461621639273	0.2496503467372069	0.1833411469936773	0.21922698167401383	0.23241455281698178	0.20911764230897495	0.12759720480930223	0.2308945605762057	0.2602152544609053	0.3464595256524063	0.2802100500804787	0.3787864537201611	0.2724764711138753	0.34382912084631917	0.420700630995641	0.43631691667491906	0.4177837956587707	0.3675688911562039	0.38668697194197105	0.38503950183690566	0.3310960902313571	0.2418375450787212	0.20949575714868662	0.2934959639428258	0.32322992770284664	0.40077502736883164	0.24671363751418668	0.540720431584637	0.4972552550251558	0.4526774921614294	0.2575150553245809	0.24698840406443595	0.22285211686521647
f13pp	0.4109566544701508	0.42146750292706936	0.4791706067964024	0.4888282642901844	0.35788005103834253	0.3829673784980899	0.2994962861175048	0.4117829007336904	0.3562446323225015	0.37119670232632496	0.3536500292028945	0.28829458947882497	0.29943513245904385	0.3831914145645203	0.375654729035031	0.37233938252615656	0.4323662688042228	0.4233041948728482	0.443739788783134	0.4578834119610442	0.44120109956609	0.49045675280141443	0.32592135890046225	0.33733660853206504	0.20803840545867142	0.26100975375135527	0.19225168318623137	0.0	0.25074523374035457	0.2333593395918559	0.2217075227661412	0.20647354238730575	0.18299176687100013	0.24979130738958127	0.24673790573972865	0.3626261177848866	0.28447249278770725	0.29937337284543836	0.2902015748816062	0.30769949862001633	0.36220522914083053	0.29589602939730086	0.33178186407763743	0.3449694352206054	0.32167252471259855	0.24015208721292583	0.34344944297982927	0.3727701368645289	0.4590144080560299	0.3927649324841024	0.4913413361237847	0.3850313535174989	0.45638400324994277	0.5332555133992646	0.5488717990785427	0.5303386780623943	0.4801237735598275	0.49924185434559465	0.49759438424052926	0.44365097263498066	0.3543924274823448	0.3220506395523102	0.4060508463464494	0.43578481010647024	0.5133299097724553	0.3592685199178103	0.6532753139882606	0.6098101374287794	0.565232374565053	0.3700699377282045	0.3595432864680596	0.3354069992688401
