	S25Hp	531414	F32H1	S31Hp	S3Hp	S7Hp	S23Hp	F8H1	530050	530055	530167	530227	31519	S2Hp	S6Hp	530364	31537	31232	S10H1	S28Hp	w24pp	f24pp	f19pp	w2pp	530215	s24H1	f22ppA	31700	31452	S4Hp	S19H1	F7H1	F14H1B	530295	31021	31750	S9H1	530368	31236	31219
S25Hp	0.0	0.17194830727596114	0.16153987903256592	0.18245173075656557	0.24435776217437088	0.2786817033411486	0.2834871805308069	0.2825994362972847	0.27805916172064216	0.27785111167480575	0.2742603082534327	0.2822859462864281	0.24629456103458477	0.2863822961124497	0.2660142100019022	0.4042935658769523	0.29996510486484795	0.3110843619318905	0.31436323749418327	0.31753480848940696	0.2861687284030741	0.28134472285504275	0.28878072184356474	0.2899957253712806	0.3219611646580323	0.32075123769134517	0.2891395567440863	0.2858304875373788	0.29471952447094674	0.2801977977150821	0.31023059441479084	0.31221898066143117	0.3064533286581023	0.28886224202213984	0.3048882720450484	0.310481852320903	0.2818666376350075	0.31342331030552206	0.21178566542832938	0.20253304966140018
531414	0.17194830727596114	0.0	0.07625332472852057	0.28742208793083324	0.3493281193486386	0.3836520605154163	0.38845753770507463	0.3875697934715524	0.3830295188949098	0.3828214688490734	0.37923066542770045	0.3872563034606958	0.3512649182088525	0.3913526532867174	0.37098456717616984	0.50926392305122	0.4049354620391157	0.4160547191061582	0.419333594668451	0.4225051656636747	0.3911390855773418	0.3863150800293105	0.3937510790178324	0.39496608254554827	0.4269315218323	0.4257215948656129	0.39410991391835404	0.39080084471164644	0.3996898816452144	0.38516815488934975	0.41520095158905856	0.4171893378356989	0.41142368583237	0.3938325991964075	0.40985862921931615	0.4154522094951707	0.3868369948092752	0.4183936674797898	0.31675602260259705	0.3075034068356679
F32H1	0.16153987903256592	0.07625332472852057	0.0	0.2770136596874381	0.33891969110524334	0.37324363227202106	0.37804910946167936	0.3771613652281572	0.3726210906515146	0.37241304060567826	0.36882223718430523	0.37684787521730057	0.34085648996545725	0.38094422504332215	0.3605761389327746	0.49885549480782476	0.39452703379572046	0.40564629086276294	0.4089251664250557	0.4120967374202794	0.3807306573339466	0.37590665178591526	0.3833426507744372	0.38455765430215305	0.4165230935889048	0.4153131666222176	0.38370148567495876	0.3803924164682513	0.3892814534018192	0.3747597266459546	0.4047925233456633	0.4067809095923036	0.4010152575889748	0.3834241709530123	0.3994502009759209	0.4050437812517754	0.37642856656588	0.4079852392363945	0.3063475943592019	0.29709497859227263
S31Hp	0.18245173075656557	0.28742208793083324	0.2770136596874381	0.0	0.12963784776770768	0.1639617889344854	0.16876726612414372	0.16787952189062152	0.16333924731397895	0.16313119726814257	0.15954039384676957	0.1675660318797649	0.1315746466279216	0.17166238170578652	0.15129429559523896	0.2895736514702891	0.1852451904581848	0.19636444752522728	0.1996433230875201	0.20281489408274375	0.17144881399641093	0.1666248084483796	0.17406080743690153	0.1752758109646174	0.20724125025136914	0.20603132328468202	0.17441964233742313	0.1711105731307156	0.17999961006428353	0.1654778833084189	0.19551068000812766	0.197499066254768	0.19173341425143914	0.17414232761547663	0.19016835763838524	0.1957619379142398	0.1671467232283443	0.1987033958988589	0.27776629897685534	0.26851368320992614
S3Hp	0.24435776217437088	0.3493281193486386	0.33891969110524334	0.12963784776770768	0.0	0.06349942414402777	0.0683049013336861	0.06741715710016391	0.06287688252352132	0.06266883247768495	0.059078029056311966	0.06710366708930729	0.08978943476258261	0.14546445574119646	0.1250963696306489	0.26337572550569904	0.15904726449359474	0.17016652156063722	0.17344539712293006	0.1766169681181537	0.14525088803182087	0.14042688248378954	0.14786288147231147	0.14907788500002733	0.18104332428677908	0.17983339732009196	0.14822171637283307	0.14491264716612554	0.15380168409969347	0.13927995734382884	0.1693127540435376	0.17130114029017796	0.16553548828684908	0.14794440165088657	0.1639704316737952	0.16956401194964973	0.14094879726375426	0.17250546993426885	0.33967233039466066	0.33041971462773145
S7Hp	0.2786817033411486	0.3836520605154163	0.37324363227202106	0.1639617889344854	0.06349942414402777	0.0	0.006367268175174922	0.058024702398685124	0.053484427822042546	0.05327637777620618	0.04968557435483319	0.05771121238782851	0.12411337592936034	0.17978839690797419	0.15942031079742663	0.2976996666724767	0.19337120566037247	0.20449046272741495	0.20776933828970778	0.21094090928493142	0.1795748291985986	0.17475082365056727	0.1821868226390892	0.18340182616680506	0.2153672654535568	0.21415733848686969	0.1825456575396108	0.17923658833290323	0.1881256252664712	0.17360389851060656	0.2036366952103153	0.20562508145695568	0.19985942945362678	0.1822683428176643	0.19829437284057289	0.20388795311642743	0.17527273843053198	0.20682941110104658	0.37399627156143833	0.3647436557945092
S23Hp	0.2834871805308069	0.38845753770507463	0.37804910946167936	0.16876726612414372	0.0683049013336861	0.006367268175174922	0.0	0.06283017958834344	0.058289905011700865	0.0580818549658645	0.054491051544491506	0.06251668957748684	0.12891885311901866	0.1845938740976325	0.16422578798708493	0.30250514386213506	0.1981766828500308	0.20929593991707324	0.2125748154793661	0.2157463864745897	0.18438030638825692	0.17955630084022559	0.18699229982874752	0.18820730335646335	0.22017274264321512	0.218962815676528	0.18735113472926912	0.18404206552256158	0.1929311024561295	0.17840937570026488	0.20844217239997365	0.21043055864661397	0.20466490664328513	0.1870738200073226	0.20309985003023123	0.20869343030608578	0.1800782156201903	0.2116348882907049	0.3788017487510967	0.36954913298416747
F8H1	0.2825994362972847	0.3875697934715524	0.3771613652281572	0.16787952189062152	0.06741715710016391	0.058024702398685124	0.06283017958834344	0.0	0.03818706751549642	0.03797901746966006	0.03438821404828706	0.042413852081282385	0.12803110888549646	0.1837061298641103	0.16333804375356276	0.3016173996286129	0.1972889386165086	0.20840819568355107	0.2116870712458439	0.21485864224106754	0.18349256215473472	0.1786685566067034	0.18610455559522532	0.18731955912294118	0.21928499840969293	0.2180750714430058	0.18646339049574692	0.18315432128903936	0.19204335822260732	0.17752163146674269	0.20755442816645142	0.2095428144130918	0.2037771624097629	0.18618607577380042	0.202212105796709	0.20780568607256356	0.1791904713866681	0.2107471440571827	0.37791400451757445	0.36866138875064525
530050	0.27805916172064216	0.3830295188949098	0.3726210906515146	0.16333924731397895	0.06287688252352132	0.053484427822042546	0.058289905011700865	0.03818706751549642	0.0	0.028230954060519824	0.024640150639146832	0.032665788672142156	0.12349083430885388	0.17916585528746773	0.15879776917692018	0.29707712505197026	0.192748664039866	0.2038679211069085	0.20714679666920133	0.21031836766442497	0.17895228757809215	0.1741282820300608	0.18156428101858274	0.1827792845462986	0.21474472383305035	0.21353479686636323	0.18192311591910434	0.17861404671239678	0.18750308364596474	0.1729813568901001	0.20301415358980884	0.20500253983644923	0.19923688783312032	0.18164580119715784	0.19767183122006643	0.20326541149592098	0.17465019681002553	0.20620686948054012	0.3733737299409319	0.3641211141740027
530055	0.27785111167480575	0.3828214688490734	0.37241304060567826	0.16313119726814257	0.06266883247768495	0.05327637777620618	0.0580818549658645	0.03797901746966006	0.028230954060519824	0.0	0.018942228034124764	0.026967866067120087	0.1232827842630175	0.17895780524163135	0.15858971913108377	0.2968690750061339	0.19254061399402964	0.20365987106107208	0.20693874662336495	0.21011031761858856	0.17874423753225577	0.17392023198422443	0.18135623097274636	0.1825712345004622	0.21453667378721397	0.21332674682052685	0.18171506587326797	0.17840599666656043	0.18729503360012834	0.17277330684426373	0.2028061035439725	0.20479448979061282	0.19902883778728397	0.18143775115132144	0.19746378117423008	0.20305736145008463	0.17444214676418915	0.20599881943470374	0.3731656798950955	0.3639130641281663
530167	0.2742603082534327	0.37923066542770045	0.36882223718430523	0.15954039384676957	0.059078029056311966	0.04968557435483319	0.054491051544491506	0.03438821404828706	0.024640150639146832	0.018942228034124764	0.0	0.01989689319491718	0.11969198084164451	0.17536700182025836	0.1549989157097108	0.29327827158476094	0.18894981057265664	0.20006906763969912	0.20334794320199195	0.2065195141972156	0.17515343411088277	0.17032942856285144	0.17776542755137337	0.17898043107908923	0.21094587036584098	0.20973594339915386	0.17812426245189497	0.1748151932451874	0.18370423017875537	0.16918250342289073	0.19921530012259947	0.20120368636923985	0.19543803436591095	0.17784694772994847	0.19387297775285706	0.1994665580287116	0.17085134334281615	0.20240801601333075	0.36957487647372256	0.3603222607067933
530227	0.2822859462864281	0.3872563034606958	0.37684787521730057	0.1675660318797649	0.06710366708930729	0.05771121238782851	0.06251668957748684	0.042413852081282385	0.032665788672142156	0.026967866067120087	0.01989689319491718	0.0	0.12771761887463984	0.18339263985325369	0.16302455374270614	0.3013039096177562	0.19697544860565197	0.20809470567269445	0.21137358123498728	0.21454515223021092	0.1831790721438781	0.17835506659584677	0.1857910655843687	0.18700606911208456	0.2189715083988363	0.2177615814321492	0.1861499004848903	0.18284083127818274	0.1917298682117507	0.17720814145588606	0.2072409381555948	0.20922932440223518	0.20346367239890628	0.1858725857629438	0.2018986157858524	0.20749219606170693	0.17887698137581148	0.21043365404632608	0.37760051450671783	0.3683478987397886
31519	0.24629456103458477	0.3512649182088525	0.34085648996545725	0.1315746466279216	0.08978943476258261	0.12411337592936034	0.12891885311901866	0.12803110888549646	0.12349083430885388	0.1232827842630175	0.11969198084164451	0.12771761887463984	0.0	0.14740125460141035	0.1270331684908628	0.2653125243659129	0.16098406335380866	0.1721033204208511	0.17538219598314397	0.17855376697836758	0.14718768689203476	0.14236368134400346	0.1497996803325254	0.15101468386024122	0.18298012314699297	0.18177019618030588	0.15015851523304696	0.14684944602633943	0.15573848295990736	0.14121675620404273	0.1712495529037515	0.17323793915039185	0.16747228714706297	0.14988120051110046	0.16590723053400908	0.17150081080986362	0.14288559612396817	0.17444226879448277	0.3416091292548745	0.33235651348794537
S2Hp	0.2863822961124497	0.3913526532867174	0.38094422504332215	0.17166238170578652	0.14546445574119646	0.17978839690797419	0.1845938740976325	0.1837061298641103	0.17916585528746773	0.17895780524163135	0.17536700182025836	0.18339263985325369	0.14740125460141035	0.0	0.15074836815498388	0.289027724030034	0.18469926301792974	0.1958185200849722	0.19909739564726506	0.20226896664248867	0.17090288655615588	0.16607888100812454	0.17351487999664647	0.1747298835243623	0.20669532281111408	0.20548539584442696	0.17387371489716807	0.17056464569046054	0.17945368262402844	0.16493195586816384	0.1949647525678726	0.19695313881451293	0.19118748681118408	0.17359640017522154	0.1896224301981302	0.19521601047398474	0.16660079578808926	0.19815746845860385	0.38169686433273947	0.37244424856581027
S6Hp	0.2660142100019022	0.37098456717616984	0.3605761389327746	0.15129429559523896	0.1250963696306489	0.15942031079742663	0.16422578798708493	0.16333804375356276	0.15879776917692018	0.15858971913108377	0.1549989157097108	0.16302455374270614	0.1270331684908628	0.15074836815498388	0.0	0.2381498090524566	0.13382134804035234	0.1449406051073948	0.14821948066968765	0.15139105166491126	0.12002497157857847	0.11520096603054714	0.12263696501906907	0.1238519685467849	0.15581740783353668	0.15460748086684956	0.12299579991959067	0.13995566588357286	0.1488447028171408	0.1343229760612762	0.16435577276098493	0.16634415900762528	0.1605785070042964	0.1429874203683339	0.1590134503912425	0.16460703066709706	0.1359918159812016	0.1675484886517162	0.3613287782221919	0.35207616245526274
530364	0.4042935658769523	0.50926392305122	0.49885549480782476	0.2895736514702891	0.26337572550569904	0.2976996666724767	0.30250514386213506	0.3016173996286129	0.29707712505197026	0.2968690750061339	0.29327827158476094	0.3013039096177562	0.2653125243659129	0.289027724030034	0.2381498090524566	0.0	0.24257178882851002	0.25369104589555247	0.25696992145784536	0.26014149245306895	0.22877541236673615	0.22395140681870482	0.23138740580722675	0.23260240933494258	0.26456784862169436	0.26335792165500727	0.23174624070774835	0.278235021758623	0.28712405869219093	0.2726023319363263	0.30263512863603503	0.3046235148826754	0.29885786287934657	0.28126677624338403	0.2972928062662926	0.30288638654214717	0.2742711718562517	0.3058278445267663	0.4996081340972421	0.4903555183303129
31537	0.29996510486484795	0.4049354620391157	0.39452703379572046	0.1852451904581848	0.15904726449359474	0.19337120566037247	0.1981766828500308	0.1972889386165086	0.192748664039866	0.19254061399402964	0.18894981057265664	0.19697544860565197	0.16098406335380866	0.18469926301792974	0.13382134804035234	0.24257178882851002	0.0	0.10650289041430928	0.10978176597660214	0.11295333697182576	0.08158725688549295	0.07676325133746162	0.08419925032598355	0.08541425385369941	0.11737969314045116	0.11616976617376404	0.08455808522650515	0.17390656074651872	0.18279559768008663	0.16827387092422202	0.1983066676239308	0.20029505387057112	0.19452940186724227	0.17693831523127973	0.19296434525418837	0.19855792553004292	0.16994271084414744	0.20149938351466204	0.39527967308513773	0.3860270573182085
31232	0.3110843619318905	0.4160547191061582	0.40564629086276294	0.19636444752522728	0.17016652156063722	0.20449046272741495	0.20929593991707324	0.20840819568355107	0.2038679211069085	0.20365987106107208	0.20006906763969912	0.20809470567269445	0.1721033204208511	0.1958185200849722	0.1449406051073948	0.25369104589555247	0.10650289041430928	0.0	0.08753190339446443	0.09070347438968805	0.059337394303355245	0.06607987190853835	0.0735158708970603	0.07473087442477613	0.10669631371152791	0.10548638674484079	0.07387470579758189	0.18502581781356117	0.1939148547471291	0.1793931279912645	0.20942592469097324	0.2114143109376136	0.20564865893428472	0.1880575722983222	0.20408360232123082	0.20967718259708537	0.1810619679111899	0.2126186405817045	0.40639893015218026	0.39714631438525105
S10H1	0.31436323749418327	0.419333594668451	0.4089251664250557	0.1996433230875201	0.17344539712293006	0.20776933828970778	0.2125748154793661	0.2116870712458439	0.20714679666920133	0.20693874662336495	0.20334794320199195	0.21137358123498728	0.17538219598314397	0.19909739564726506	0.14821948066968765	0.25696992145784536	0.10978176597660214	0.08753190339446443	0.0	0.049145784461284626	0.05372932057382641	0.0693587474708312	0.07679474645935314	0.078009749987069	0.10997518927382074	0.10876526230713363	0.07715358135987474	0.18830469337585404	0.19719373030942194	0.18267200355355734	0.2127048002532661	0.21469318649990643	0.20892753449657758	0.19133644786061504	0.2073624778835237	0.21295605815937824	0.18434084347348276	0.21589751614399735	0.40967780571447304	0.40042518994754384
S28Hp	0.31753480848940696	0.4225051656636747	0.4120967374202794	0.20281489408274375	0.1766169681181537	0.21094090928493142	0.2157463864745897	0.21485864224106754	0.21031836766442497	0.21011031761858856	0.2065195141972156	0.21454515223021092	0.17855376697836758	0.20226896664248867	0.15139105166491126	0.26014149245306895	0.11295333697182576	0.09070347438968805	0.049145784461284626	0.0	0.05690089156905003	0.07253031846605483	0.07996631745457677	0.08118132098229261	0.11314676026904438	0.11193683330235726	0.08032515235509836	0.19147626437107765	0.20036530130464558	0.18584357454878098	0.2158763712484897	0.21786475749513007	0.2120991054918012	0.19450801885583868	0.2105340488787473	0.21612762915460185	0.18751241446870637	0.21906908713922096	0.41284937670969674	0.40359676094276753
w24pp	0.2861687284030741	0.3911390855773418	0.3807306573339466	0.17144881399641093	0.14525088803182087	0.1795748291985986	0.18438030638825692	0.18349256215473472	0.17895228757809215	0.17874423753225577	0.17515343411088277	0.1831790721438781	0.14718768689203476	0.17090288655615588	0.12002497157857847	0.22877541236673615	0.08158725688549295	0.059337394303355245	0.05372932057382641	0.05690089156905003	0.0	0.041164238379722023	0.04860023736824396	0.04981524089595981	0.08178068018271156	0.08057075321602444	0.04895907226876556	0.16011018428474483	0.1689992212183128	0.15447749446244816	0.1845102911621569	0.18649867740879728	0.18073302540546837	0.1631419387695059	0.17916796879241448	0.18476154906826903	0.15614633438237357	0.18770300705288817	0.3814832966233639	0.3722306808564347
f24pp	0.28134472285504275	0.3863150800293105	0.37590665178591526	0.1666248084483796	0.14042688248378954	0.17475082365056727	0.17955630084022559	0.1786685566067034	0.1741282820300608	0.17392023198422443	0.17032942856285144	0.17835506659584677	0.14236368134400346	0.16607888100812454	0.11520096603054714	0.22395140681870482	0.07676325133746162	0.06607987190853835	0.0693587474708312	0.07253031846605483	0.041164238379722023	0.0	0.01900053016195396	0.03240213878231725	0.06436757806906901	0.06315765110238189	0.03154597015512299	0.15528617873671352	0.16417521567028143	0.14965348891441682	0.17968628561412558	0.1816746718607659	0.17590901985743707	0.15831793322147453	0.17434396324438317	0.17993754352023772	0.15132232883434224	0.18287900150485684	0.3766592910753325	0.3674066753084033
f19pp	0.28878072184356474	0.3937510790178324	0.3833426507744372	0.17406080743690153	0.14786288147231147	0.1821868226390892	0.18699229982874752	0.18610455559522532	0.18156428101858274	0.18135623097274636	0.17776542755137337	0.1857910655843687	0.1497996803325254	0.17351487999664647	0.12263696501906907	0.23138740580722675	0.08419925032598355	0.0735158708970603	0.07679474645935314	0.07996631745457677	0.04860023736824396	0.01900053016195396	0.0	0.03983813777083918	0.07180357705759094	0.07059365009090382	0.03898196914364493	0.16272217772523545	0.17161121465880336	0.15708948790293875	0.18712228460264752	0.18911067084928784	0.183345018845959	0.16575393220999646	0.1817799622329051	0.18737354250875965	0.15875832782286417	0.19031500049337877	0.38409529006385446	0.37484267429692525
w2pp	0.2899957253712806	0.39496608254554827	0.38455765430215305	0.1752758109646174	0.14907788500002733	0.18340182616680506	0.18820730335646335	0.18731955912294118	0.1827792845462986	0.1825712345004622	0.17898043107908923	0.18700606911208456	0.15101468386024122	0.1747298835243623	0.1238519685467849	0.23260240933494258	0.08541425385369941	0.07473087442477613	0.078009749987069	0.08118132098229261	0.04981524089595981	0.03240213878231725	0.03983813777083918	0.0	0.06708413882827205	0.06587421186158493	0.03426253091432604	0.1639371812529513	0.17282621818651922	0.15830449143065461	0.18833728813036335	0.1903256743770037	0.18456002237367483	0.16696893573771232	0.18299496576062094	0.18858854603647549	0.15997333135058	0.1915300040210946	0.3853102935915703	0.3760576778246411
530215	0.3219611646580323	0.4269315218323	0.4165230935889048	0.20724125025136914	0.18104332428677908	0.2153672654535568	0.22017274264321512	0.21928499840969293	0.21474472383305035	0.21453667378721397	0.21094587036584098	0.2189715083988363	0.18298012314699297	0.20669532281111408	0.15581740783353668	0.26456784862169436	0.11737969314045116	0.10669631371152791	0.10997518927382074	0.11314676026904438	0.08178068018271156	0.06436757806906901	0.07180357705759094	0.06708413882827205	0.0	0.05223967387986918	0.05496591968122779	0.19590262053970303	0.204791657473271	0.19026993071740636	0.2203027274171151	0.22229111366375548	0.21652546166042658	0.1989343750244641	0.21496040504737268	0.22055398532322723	0.19193877063733178	0.22349544330784638	0.4172757328783221	0.4080231171113929
s24H1	0.32075123769134517	0.4257215948656129	0.4153131666222176	0.20603132328468202	0.17983339732009196	0.21415733848686969	0.218962815676528	0.2180750714430058	0.21353479686636323	0.21332674682052685	0.20973594339915386	0.2177615814321492	0.18177019618030588	0.20548539584442696	0.15460748086684956	0.26335792165500727	0.11616976617376404	0.10548638674484079	0.10876526230713363	0.11193683330235726	0.08057075321602444	0.06315765110238189	0.07059365009090382	0.06587421186158493	0.05223967387986918	0.0	0.05375599271454067	0.19469269357301594	0.20358173050658385	0.18906000375071924	0.219092800450428	0.22108118669706833	0.21531553469373949	0.19772444805777695	0.2137504780806856	0.21934405835654014	0.19072884367064466	0.22228551634115926	0.41606580591163494	0.40681319014470574
f22ppA	0.2891395567440863	0.39410991391835404	0.38370148567495876	0.17441964233742313	0.14822171637283307	0.1825456575396108	0.18735113472926912	0.18646339049574692	0.18192311591910434	0.18171506587326797	0.17812426245189497	0.1861499004848903	0.15015851523304696	0.17387371489716807	0.12299579991959067	0.23174624070774835	0.08455808522650515	0.07387470579758189	0.07715358135987474	0.08032515235509836	0.04895907226876556	0.03154597015512299	0.03898196914364493	0.03426253091432604	0.05496591968122779	0.05375599271454067	0.0	0.16308101262575703	0.171970049559325	0.15744832280346036	0.1874811195031691	0.18946950574980947	0.18370385374648057	0.1661127671105181	0.18213879713342668	0.18773237740928123	0.15911716272338577	0.19067383539390037	0.3844541249643761	0.3752015091974469
31700	0.2858304875373788	0.39080084471164644	0.3803924164682513	0.1711105731307156	0.14491264716612554	0.17923658833290323	0.18404206552256158	0.18315432128903936	0.17861404671239678	0.17840599666656043	0.1748151932451874	0.18284083127818274	0.14684944602633943	0.17056464569046054	0.13995566588357286	0.278235021758623	0.17390656074651872	0.18502581781356117	0.18830469337585404	0.19147626437107765	0.16011018428474483	0.15528617873671352	0.16272217772523545	0.1639371812529513	0.19590262053970303	0.19469269357301594	0.16308101262575703	0.0	0.15385524965238045	0.13933352289651585	0.16936631959622458	0.17135470584286494	0.16558905383953607	0.14799796720357355	0.1719994881207542	0.17759306839660874	0.14897785371071326	0.18053452638122786	0.38114505575766855	0.37189243999073934
31452	0.29471952447094674	0.3996898816452144	0.3892814534018192	0.17999961006428353	0.15380168409969347	0.1881256252664712	0.1929311024561295	0.19204335822260732	0.18750308364596474	0.18729503360012834	0.18370423017875537	0.1917298682117507	0.15573848295990736	0.17945368262402844	0.1488447028171408	0.28712405869219093	0.18279559768008663	0.1939148547471291	0.19719373030942194	0.20036530130464558	0.1689992212183128	0.16417521567028143	0.17161121465880336	0.17282621818651922	0.204791657473271	0.20358173050658385	0.171970049559325	0.15385524965238045	0.0	0.12350138734318435	0.1535341840428931	0.15552257028953345	0.14975691828620458	0.1419261729008526	0.18088852505432212	0.18648210533017667	0.15786689064428122	0.18942356331479582	0.39003409269123646	0.38078147692430725
S4Hp	0.2801977977150821	0.38516815488934975	0.3747597266459546	0.1654778833084189	0.13927995734382884	0.17360389851060656	0.17840937570026488	0.17752163146674269	0.1729813568901001	0.17277330684426373	0.16918250342289073	0.17720814145588606	0.14121675620404273	0.16493195586816384	0.1343229760612762	0.2726023319363263	0.16827387092422202	0.1793931279912645	0.18267200355355734	0.18584357454878098	0.15447749446244816	0.14965348891441682	0.15708948790293875	0.15830449143065461	0.19026993071740636	0.18906000375071924	0.15744832280346036	0.13933352289651585	0.12350138734318435	0.0	0.1316264565887364	0.13361484283537675	0.12784919083204788	0.12740444614498797	0.16636679829845752	0.17196037857431207	0.1433451638884166	0.17490183655893118	0.37551236593537185	0.36625975016844264
S19H1	0.31023059441479084	0.41520095158905856	0.4047925233456633	0.19551068000812766	0.1693127540435376	0.2036366952103153	0.20844217239997365	0.20755442816645142	0.20301415358980884	0.2028061035439725	0.19921530012259947	0.2072409381555948	0.1712495529037515	0.1949647525678726	0.16435577276098493	0.30263512863603503	0.1983066676239308	0.20942592469097324	0.2127048002532661	0.2158763712484897	0.1845102911621569	0.17968628561412558	0.18712228460264752	0.18833728813036335	0.2203027274171151	0.219092800450428	0.1874811195031691	0.16936631959622458	0.1535341840428931	0.1316264565887364	0.0	0.12047443125342633	0.14354824223857127	0.15743724284469673	0.19639959499816625	0.2019931752740208	0.17337796058812532	0.20493463325863992	0.4055451626350806	0.3962925468681514
F7H1	0.31221898066143117	0.4171893378356989	0.4067809095923036	0.197499066254768	0.17130114029017796	0.20562508145695568	0.21043055864661397	0.2095428144130918	0.20500253983644923	0.20479448979061282	0.20120368636923985	0.20922932440223518	0.17323793915039185	0.19695313881451293	0.16634415900762528	0.3046235148826754	0.20029505387057112	0.2114143109376136	0.21469318649990643	0.21786475749513007	0.18649867740879728	0.1816746718607659	0.18911067084928784	0.1903256743770037	0.22229111366375548	0.22108118669706833	0.18946950574980947	0.17135470584286494	0.15552257028953345	0.13361484283537675	0.12047443125342633	0.0	0.14553662848521162	0.1594256290913371	0.1983879812448066	0.20398156152066116	0.1753663468347657	0.2069230195052803	0.40753354888172094	0.39828093311479174
F14H1B	0.3064533286581023	0.41142368583237	0.4010152575889748	0.19173341425143914	0.16553548828684908	0.19985942945362678	0.20466490664328513	0.2037771624097629	0.19923688783312032	0.19902883778728397	0.19543803436591095	0.20346367239890628	0.16747228714706297	0.19118748681118408	0.1605785070042964	0.29885786287934657	0.19452940186724227	0.20564865893428472	0.20892753449657758	0.2120991054918012	0.18073302540546837	0.17590901985743707	0.183345018845959	0.18456002237367483	0.21652546166042658	0.21531553469373949	0.18370385374648057	0.16558905383953607	0.14975691828620458	0.12784919083204788	0.14354824223857127	0.14553662848521162	0.0	0.15365997708800821	0.19262232924147774	0.19821590951733228	0.1696006948314368	0.2011573675019514	0.4017678968783921	0.3925152811114629
530295	0.28886224202213984	0.3938325991964075	0.3834241709530123	0.17414232761547663	0.14794440165088657	0.1822683428176643	0.1870738200073226	0.18618607577380042	0.18164580119715784	0.18143775115132144	0.17784694772994847	0.1858725857629438	0.14988120051110046	0.17359640017522154	0.1429874203683339	0.28126677624338403	0.17693831523127973	0.1880575722983222	0.19133644786061504	0.19450801885583868	0.1631419387695059	0.15831793322147453	0.16575393220999646	0.16696893573771232	0.1989343750244641	0.19772444805777695	0.1661127671105181	0.14799796720357355	0.1419261729008526	0.12740444614498797	0.15743724284469673	0.1594256290913371	0.15365997708800821	0.0	0.17503124260551522	0.18062482288136977	0.15200960819547432	0.18356628086598892	0.38417681024242956	0.37492419447550035
31021	0.3048882720450484	0.40985862921931615	0.3994502009759209	0.19016835763838524	0.1639704316737952	0.19829437284057289	0.20309985003023123	0.202212105796709	0.19767183122006643	0.19746378117423008	0.19387297775285706	0.2018986157858524	0.16590723053400908	0.1896224301981302	0.1590134503912425	0.2972928062662926	0.19296434525418837	0.20408360232123082	0.2073624778835237	0.2105340488787473	0.17916796879241448	0.17434396324438317	0.1817799622329051	0.18299496576062094	0.21496040504737268	0.2137504780806856	0.18213879713342668	0.1719994881207542	0.18088852505432212	0.16636679829845752	0.19639959499816625	0.1983879812448066	0.19262232924147774	0.17503124260551522	0.0	0.18053985902368902	0.16219193790042624	0.19374861057094084	0.4002028402653382	0.390950224498409
31750	0.310481852320903	0.4154522094951707	0.4050437812517754	0.1957619379142398	0.16956401194964973	0.20388795311642743	0.20869343030608578	0.20780568607256356	0.20326541149592098	0.20305736145008463	0.1994665580287116	0.20749219606170693	0.17150081080986362	0.19521601047398474	0.16460703066709706	0.30288638654214717	0.19855792553004292	0.20967718259708537	0.21295605815937824	0.21612762915460185	0.18476154906826903	0.17993754352023772	0.18737354250875965	0.18858854603647549	0.22055398532322723	0.21934405835654014	0.18773237740928123	0.17759306839660874	0.18648210533017667	0.17196037857431207	0.2019931752740208	0.20398156152066116	0.19821590951733228	0.18062482288136977	0.18053985902368902	0.0	0.1677855181762808	0.1993421908467954	0.40579642054119275	0.39654380477426354
S9H1	0.2818666376350075	0.3868369948092752	0.37642856656588	0.1671467232283443	0.14094879726375426	0.17527273843053198	0.1800782156201903	0.1791904713866681	0.17465019681002553	0.17444214676418915	0.17085134334281615	0.17887698137581148	0.14288559612396817	0.16660079578808926	0.1359918159812016	0.2742711718562517	0.16994271084414744	0.1810619679111899	0.18434084347348276	0.18751241446870637	0.15614633438237357	0.15132232883434224	0.15875832782286417	0.15997333135058	0.19193877063733178	0.19072884367064466	0.15911716272338577	0.14897785371071326	0.15786689064428122	0.1433451638884166	0.17337796058812532	0.1753663468347657	0.1696006948314368	0.15200960819547432	0.16219193790042624	0.1677855181762808	0.0	0.14473970346828652	0.37718120585529724	0.36792859008836803
530368	0.31342331030552206	0.4183936674797898	0.4079852392363945	0.1987033958988589	0.17250546993426885	0.20682941110104658	0.2116348882907049	0.2107471440571827	0.20620686948054012	0.20599881943470374	0.20240801601333075	0.21043365404632608	0.17444226879448277	0.19815746845860385	0.1675484886517162	0.3058278445267663	0.20149938351466204	0.2126186405817045	0.21589751614399735	0.21906908713922096	0.18770300705288817	0.18287900150485684	0.19031500049337877	0.1915300040210946	0.22349544330784638	0.22228551634115926	0.19067383539390037	0.18053452638122786	0.18942356331479582	0.17490183655893118	0.20493463325863992	0.2069230195052803	0.2011573675019514	0.18356628086598892	0.19374861057094084	0.1993421908467954	0.14473970346828652	0.0	0.40873787852581184	0.39948526275888263
31236	0.21178566542832938	0.31675602260259705	0.3063475943592019	0.27776629897685534	0.33967233039466066	0.37399627156143833	0.3788017487510967	0.37791400451757445	0.3733737299409319	0.3731656798950955	0.36957487647372256	0.37760051450671783	0.3416091292548745	0.38169686433273947	0.3613287782221919	0.4996081340972421	0.39527967308513773	0.40639893015218026	0.40967780571447304	0.41284937670969674	0.3814832966233639	0.3766592910753325	0.38409529006385446	0.3853102935915703	0.4172757328783221	0.41606580591163494	0.3844541249643761	0.38114505575766855	0.39003409269123646	0.37551236593537185	0.4055451626350806	0.40753354888172094	0.4017678968783921	0.38417681024242956	0.4002028402653382	0.40579642054119275	0.37718120585529724	0.40873787852581184	0.0	0.2418576905585969
31219	0.20253304966140018	0.3075034068356679	0.29709497859227263	0.26851368320992614	0.33041971462773145	0.3647436557945092	0.36954913298416747	0.36866138875064525	0.3641211141740027	0.3639130641281663	0.3603222607067933	0.3683478987397886	0.33235651348794537	0.37244424856581027	0.35207616245526274	0.4903555183303129	0.3860270573182085	0.39714631438525105	0.40042518994754384	0.40359676094276753	0.3722306808564347	0.3674066753084033	0.37484267429692525	0.3760576778246411	0.4080231171113929	0.40681319014470574	0.3752015091974469	0.37189243999073934	0.38078147692430725	0.36625975016844264	0.3962925468681514	0.39828093311479174	0.3925152811114629	0.37492419447550035	0.390950224498409	0.39654380477426354	0.36792859008836803	0.39948526275888263	0.2418576905585969	0.0
