	w10pp	f12ppA	w12pp	f30pp	w26pp	f24pp	w28pp	w24pp	f32pp	f23ppA	w16pp	w19pp	f15pp	w15pp	f7pp	S10H1	F23HpA	F32H1	S2Hp	F8H1	S8Hp	f3pp	S3Hp	f16ppA	f20ppB	f31pp	f21pp	f14ppA	f18pp	w9pp	f10pp	f17ppB	f20ppA	f22ppA	f6ppB	S16H2	S7Hp	S15Hp	F14H1A	S21H1	S26Hp	31519	S28Hp	S4Hp	S23Hp	S22Hp	S13Hp	w32pp	S12Hp	S20H1	w7pp	f11pp	w2pp	w13pp	f13pp	w20pp	f6ppA	w6pp	w8pp	w25pp	f26pp	f14ppB	w23pp	f8pp	w18pp	f16ppB	f2pp	w22pp	w21pp	f4pp	w4pp	f25pp	w27pp	w17pp	f29pp	S9H1	S31Hp	F3H1	F14H1B	S17H1	f17ppA	f9pp	f28pp	f1pp	f19pp	w31pp	w29pp	f12ppB	f22ppB	F7H1	F6H1	S18H1	S19H1	w14pp	w3pp	f23ppB	w11pp	w1pp
w10pp	0.0	0.002489618067960318	0.0023097613604824126	0.013239848446153885	0.011728098230670914	0.011727098230170886	0.012148603487751401	0.013370788582984202	0.0170441527721008	0.015154994142699387	0.01564966613567875	0.018866019517484383	0.018866019517484383	0.023263044160284737	0.016602090278677647	0.12133983820530145	0.1403644351899406	0.134045601427937	0.07719283975739824	0.1308273540386239	0.11923280672996896	0.07415892204219675	0.04379322015776264	0.014758870066247242	0.034046060516072334	0.039181295081612805	0.02530442912413819	0.021719194596621534	0.031188603414479734	0.02475790459572258	0.01780342317360318	0.01780242317310315	0.0160720053365753	0.02557432579589925	0.023335365476267224	0.13100777252800966	0.14144887981040077	0.11813788750886904	0.13064823980197388	0.29572174955891545	0.2857427428273294	0.2961084857922009	0.3080743184574678	0.3570353870422345	0.29343745880342414	0.29950132101851895	0.08946799129534667	0.0527856342541131	0.134024637961319	0.12719280583017795	0.08885141074530006	0.018359620128404672	0.01686080898321882	0.015463568698634666	0.0210238221477439	0.02109904531479293	0.023459357763930554	0.025222320034036363	0.02191422363000563	0.023149599583207895	0.02073975619490105	0.022203653003274017	0.019705433858803446	0.012921654693125567	0.010187161485927755	0.017071628014392416	0.015561974123039621	0.015504335753206129	0.022954902344443594	0.018383178477658236	0.013180170870414424	0.014716346867047104	0.01898312105484748	0.01992846575481062	0.028195842179519794	0.1514929287390465	0.13257141837979358	0.13849517371686956	0.13484751289968194	0.12385452366496928	0.03901827535693646	0.035565756608259586	0.03099639521348044	0.022328347736002566	0.01899467393304575	0.0209277255017682	0.019560977402317704	0.018059012501305618	0.027645169415421614	0.13653016382416147	0.09566840056562317	0.12540150470961525	0.1178646176312739	0.015599720456231448	0.007856162219291174	0.011702897914280046	0.0037097703126844784	0.0014181659655519642
f12ppA	0.002489618067960318	0.0	0.0019096972833811765	0.012839784369052648	0.011328034153569679	0.011327034153069649	0.011748539410650165	0.012970724505882965	0.016644088694999566	0.01475493006559815	0.015249602058577514	0.01846595544038315	0.01846595544038315	0.022862980083183503	0.016202026201576413	0.12093977412820021	0.13996437111283938	0.13364553735083579	0.076792775680297	0.13042728996152267	0.11883274265286772	0.07375885796509551	0.043393156080661396	0.014358805989146005	0.03364599643897109	0.038781231004511564	0.024904365047036955	0.0213191305195203	0.0307885393373785	0.024357840518621346	0.017403359096501946	0.017402359096001917	0.015671941259474065	0.025174261718798017	0.02293530139916599	0.13060770845090844	0.14104881573329955	0.11773782343176781	0.13024817572487266	0.2953216854818142	0.2853426787502282	0.29570842171509965	0.30767425438036655	0.35663532296513323	0.2930373947263229	0.2991012569414177	0.08906792721824544	0.052385570177011856	0.13362457388421778	0.12679274175307673	0.08845134666819883	0.01795955605130344	0.016460744906117587	0.015063504621533429	0.020623758070642668	0.020698981237691698	0.02305929368682932	0.02482225595693513	0.021514159552904397	0.02274953550610666	0.020339692117799818	0.021803588926172783	0.019305369781702213	0.012521590616024331	0.009787097408826518	0.016671563937291183	0.015161910045938384	0.015104271676104893	0.02255483826734236	0.017983114400557002	0.012780106793313189	0.014316282789945867	0.018583056977746246	0.019528401677709386	0.02779577810241856	0.15109286466194527	0.13217135430269236	0.13809510963976834	0.13444744882258072	0.12345445958786805	0.03861821127983522	0.035165692531158345	0.030596331136379207	0.021928283658901333	0.018594609855944515	0.020527661424666967	0.01916091332521647	0.017658948424204384	0.02724510533832038	0.13613009974706025	0.09526833648852194	0.12500144063251403	0.11746455355417267	0.015199656379130212	0.007456098142189936	0.011302833837178809	0.003309706235583242	0.0039057840325122236
w12pp	0.0023097613604824126	0.0019096972833811765	0.0	0.01093208708667153	0.00942033687118856	0.00941933687068853	0.009840842128269047	0.011063027223501847	0.014736391412618448	0.012847232783217031	0.013341904776196395	0.01655825815800203	0.01655825815800203	0.020955282800802385	0.014294328919195295	0.1190320768458191	0.13805667383045825	0.13173784006845465	0.07488507839791589	0.12851959267914154	0.1169250453704866	0.0718511606827144	0.04148545879828028	0.012451108706764887	0.031738299156589975	0.036873533722130446	0.022996667764655837	0.019411433237139182	0.028880842054997382	0.022450143236240228	0.015495661814120829	0.015494661813620799	0.013764243977092947	0.0232665644364169	0.021027604116784872	0.1287000111685273	0.13914111845091842	0.11583012614938669	0.12834047844249152	0.2934139881994331	0.28343498146784707	0.29380072443271854	0.30576655709798545	0.3547276256827521	0.2911296974439418	0.2971935596590366	0.08716022993586432	0.05047787289463074	0.13171687660183665	0.12488504447069562	0.08654364938581771	0.01605185876892232	0.014553047623736468	0.01315580733915231	0.01871606078826155	0.01879128395531058	0.021151596404448202	0.02291455867455401	0.01960646227052328	0.020841838223725543	0.0184319948354187	0.019895891643791665	0.017397672499321094	0.010613893333643213	0.0078794001264454	0.014763866654910066	0.013254212763557266	0.013196574393723775	0.020647140984961242	0.016075417118175884	0.01087240951093207	0.012408585507564749	0.016675359695365127	0.017620704395328268	0.02588808082003744	0.14918516737956414	0.13026365702031123	0.1361874123573872	0.1325397515401996	0.12154676230548693	0.0367105139974541	0.033257995248777227	0.02868863385399809	0.020020586376520214	0.016686912573563396	0.01861996414228585	0.01725321604283535	0.015751251141823266	0.025337408055939262	0.13422240246467912	0.09336063920614082	0.12309374335013291	0.11555685627179155	0.013291959096749094	0.005548400859808817	0.00939513655479769	0.0014020089532021242	0.0037259273250343184
f30pp	0.013239848446153885	0.012839784369052648	0.01093208708667153	0.0	0.0015137502164830272	0.0015147502169830563	0.0031627637847039983	0.008449730569541295	0.012123094758657894	0.01023393612925648	0.010728608122235844	0.013944961504041484	0.013944961504041484	0.01834198614684184	0.011681032265234741	0.11641878019185854	0.13544337717649768	0.1291245434144941	0.07227178174395534	0.12590629602518097	0.11431174871652605	0.06923786402875384	0.038872162144319725	0.009837812052804333	0.029125002502629425	0.0342602370681699	0.02038337111069529	0.016798136583178636	0.026267545401036835	0.01983684658227968	0.012882365160160277	0.012881365159660246	0.011150947323132394	0.020653267782456353	0.018414307462824325	0.12608671451456674	0.13652782179695785	0.11321682949542614	0.12572718178853098	0.2908006915454726	0.2808216848138866	0.29118742777875806	0.30315326044402496	0.35211432902879164	0.2885164007899813	0.2945802630050761	0.08454693328190377	0.047864576240670184	0.12910357994787608	0.12227174781673507	0.08393035273185716	0.01343856211496177	0.011939750969775915	0.010542510685191759	0.016102764134301	0.01617798730135003	0.018538299750487656	0.020301262020593465	0.016993165616562732	0.018228541569764996	0.01581869818145815	0.017282594989831118	0.014784375845360548	0.00800059667968266	0.0052661034724848475	0.014795697821786195	0.013286043930433394	0.013228405560599904	0.020678972151837376	0.016107248285052014	0.0109042406778082	0.012440416674440877	0.01670719086224126	0.017652535562204398	0.025919911986913576	0.14921699854644024	0.13029548818718734	0.13621924352426332	0.1325715827070757	0.12157859347236305	0.03674234516433023	0.033289826415653354	0.028720465020874223	0.02005241754339635	0.01671874374043953	0.01865179530916198	0.017285047209711482	0.015783082308699396	0.025369239222815396	0.13425423363155523	0.09339247037301696	0.12312557451700903	0.11558868743866768	0.013323790263625223	0.009474209437515414	0.013320945132504286	0.01051875318211729	0.01465601441070579
w26pp	0.011728098230670914	0.011328034153569679	0.00942033687118856	0.0015137502164830272	0.0	3.00000150008727e-06	0.0016510135692210295	0.006937980354058326	0.010611344543174927	0.00872218591377351	0.009216857906752874	0.012433211288558515	0.012433211288558515	0.016830235931358867	0.010169282049751774	0.11490702997637557	0.1339316269610147	0.12761279319901112	0.07076003152847236	0.124394545809698	0.11279999850104308	0.06772611381327087	0.03736041192883676	0.008326061837321364	0.027613252287146454	0.03274848685268693	0.01887162089521232	0.015286386367695668	0.024755795185553865	0.01832509636679671	0.011370614944677308	0.011369614944177278	0.009639197107649426	0.01914151756697338	0.016902557247341354	0.12457496429908377	0.13501607158147488	0.11170507927994316	0.124215431573048	0.2892889413299896	0.2793099345984036	0.28967567756327506	0.30164151022854196	0.35060257881330864	0.2870046505744983	0.2930685127895931	0.0830351830664208	0.04635282602518722	0.1275918297323931	0.1207599976012521	0.08241860251637419	0.011926811899478801	0.010428000754292947	0.00903076046970879	0.014591013918818032	0.014666237085867062	0.017026549535004685	0.018789511805110494	0.015481415401079763	0.016716791354282026	0.014306947965975182	0.015770844774348147	0.013272625629877579	0.00648884646419969	0.0037543532570018783	0.013283947606303225	0.011774293714950425	0.011716655345116934	0.01916722193635441	0.014595498069569047	0.00939249046232523	0.010928666458957908	0.01519544064675829	0.01614078534672143	0.024408161771430605	0.14770524833095727	0.12878373797170437	0.13470749330878035	0.13105983249159273	0.1200668432568801	0.03523059494884726	0.03177807620017038	0.027208714805391256	0.01854066732791338	0.01520699352495656	0.017140045093679012	0.015773296994228515	0.014271332093216427	0.02385748900733243	0.13274248341607225	0.09188072015753398	0.12161382430152608	0.11407693722318471	0.011812040048142253	0.007962459222032444	0.011809194917021317	0.009007002966634321	0.01314426419522282
f24pp	0.011727098230170886	0.011327034153069649	0.00941933687068853	0.0015147502169830563	3.00000150008727e-06	0.0	0.0016500135687210003	0.006936980353558296	0.010610344542674897	0.00872118591327348	0.009215857906252845	0.012432211288058485	0.012432211288058485	0.01682923593085884	0.010168282049251744	0.11490602997587554	0.13393062696051466	0.12761179319851107	0.07075903152797233	0.12439354580919798	0.11279899850054306	0.06772511381277085	0.03735941192833673	0.008325061836821336	0.027612252286646426	0.0327474868521869	0.01887062089471229	0.015285386367195638	0.024754795185053836	0.018324096366296682	0.011369614944177278	0.011368614943677248	0.009638197107149396	0.019140517566473354	0.016901557246841326	0.12457396429858375	0.13501507158097484	0.11170407927944315	0.12421443157254797	0.2892879413294896	0.27930893459790357	0.28967467756277504	0.30164051022804195	0.3506015788128086	0.2870036505739983	0.2930675127890931	0.08303418306592078	0.04635182602468719	0.12759082973189306	0.12075899760075207	0.08241760251587416	0.011925811898978771	0.010427000753792917	0.00902976046920876	0.014590013918318002	0.014665237085367032	0.017025549534504657	0.018788511804610466	0.015480415400579733	0.016715791353781997	0.014305947965475152	0.01576984477384812	0.013271625629377549	0.006487846463699661	0.003753353256501849	0.013282947605803196	0.011773293714450395	0.011715655344616905	0.019166221935854377	0.014594498069069017	0.0093914904618252	0.010927666458457878	0.01519444064625826	0.016139785346221402	0.024407161770930576	0.14770424833045726	0.12878273797120435	0.13470649330828033	0.1310588324910927	0.12006584325638006	0.03522959494834724	0.03177707619967035	0.027207714804891224	0.01853966732741335	0.01520599352445653	0.017139045093178984	0.015772296993728487	0.014270332092716397	0.023856489006832397	0.13274148341557224	0.09187972015703395	0.12161282430102605	0.11407593722268468	0.011811040047642224	0.007961459221532415	0.011808194916521287	0.009006002966134291	0.013143264194722792
w28pp	0.012148603487751401	0.011748539410650165	0.009840842128269047	0.0031627637847039983	0.0016510135692210295	0.0016500135687210003	0.0	0.007358485611138813	0.011031849800255414	0.009142691170853997	0.009637363163833361	0.012853716545639002	0.012853716545639002	0.017250741188439358	0.01058978730683226	0.11532753523345607	0.1343521322180952	0.1280332984560916	0.07118053678555286	0.1248150510667785	0.11322050375812358	0.06814661907035137	0.037780917185917244	0.008746567094401853	0.028033757544226944	0.03316899210976742	0.01929212615229281	0.015706891624776155	0.025176300442634355	0.0187456016238772	0.011791120201757795	0.011790120201257765	0.010059702364729913	0.019562022824053872	0.017323062504421845	0.12499546955616427	0.13543657683855537	0.11212558453702366	0.1246359368301285	0.2897094465870701	0.27973043985548407	0.29009618282035554	0.30206201548562245	0.3510230840703891	0.2874251558315788	0.2934890180466736	0.0834556883235013	0.046773331282267704	0.1280123349894736	0.1211805028583326	0.08283910777345468	0.012347317156559288	0.010848506011373434	0.009451265726789277	0.015011519175898519	0.015086742342947549	0.017447054792085175	0.019210017062190984	0.015901920658160252	0.017137296611362516	0.01472745322305567	0.016191350031428638	0.013693130886958066	0.006909351721280179	0.004174858514082366	0.013704452863383714	0.012194798972030914	0.012137160602197421	0.019587727193434896	0.015016003326649534	0.009812995719405717	0.011349171716038397	0.015615945903838777	0.016561290603801918	0.024828667028511095	0.14812575358803776	0.12920424322878485	0.13512799856586083	0.1314803377486732	0.12048734851396058	0.03565110020592775	0.03219858145725087	0.027629220062471743	0.018961172584993868	0.015627498782037046	0.0175605503507595	0.016193802251309	0.014691837350296916	0.024277994264412916	0.13316298867315274	0.09230122541461447	0.12203432955860656	0.1144974424802652	0.01223254530522274	0.008382964479112931	0.012229700174101804	0.009427508223714808	0.013564769452303307
w24pp	0.013370788582984202	0.012970724505882965	0.011063027223501847	0.008449730569541295	0.006937980354058326	0.006936980353558296	0.007358485611138813	0.0	0.00506995408034981	0.0031807954509483942	0.0036754674439277582	0.006891820825733397	0.006891820825733397	0.01128884546853375	0.00615535582352259	0.11089310375014638	0.12991770073478554	0.12359886697278191	0.06674610530224317	0.12038061958346881	0.10878607227481389	0.06371218758704168	0.03334648570260758	0.004312135611092182	0.023599326060917275	0.028734560626457746	0.014857694668983137	0.011272460141466482	0.020741868959324686	0.014311170140567528	0.007356688718448123	0.007355688717948094	0.005625270881420242	0.018570791407027953	0.016331831087395922	0.12400423813913833	0.13444534542152944	0.11113435311999773	0.12364470541310257	0.2887182151700442	0.2787392084384582	0.28910495140332965	0.30107078406859655	0.35003185265336323	0.2864339244145529	0.2924977866296477	0.08246445690647536	0.04578209986524179	0.12702110357244767	0.12018927144130667	0.08184787635642876	0.011356085739533369	0.009857274594347517	0.008460034309763359	0.0140202877588726	0.01409551092592163	0.016455823375059256	0.01821878564516506	0.01491068924113433	0.016146065194336597	0.01373622180602975	0.015200118614402717	0.012701899469932146	0.00591812030425426	0.0031856270980565055	0.014926637958616512	0.013416984067263712	0.013359345697430221	0.020809912288667694	0.016238188421882335	0.011035180814638517	0.012571356811271195	0.016838130999071575	0.01778347569903472	0.026050852123743893	0.14934793868327056	0.13042642832401766	0.13635018366109364	0.13270252284390602	0.12170953360919337	0.03687328530116055	0.033420766552483674	0.02885140515770454	0.020183357680226666	0.016849683877269844	0.0187827354459923	0.017415987346541803	0.015914022445529714	0.025500179359645714	0.13438517376838555	0.09352341050984726	0.12325651465383936	0.11571962757549799	0.01345473040045554	0.009605149574345731	0.013451885269334603	0.010649693318947608	0.014786954547536108
f32pp	0.0170441527721008	0.016644088694999566	0.014736391412618448	0.012123094758657894	0.010611344543174927	0.010610344542674897	0.011031849800255414	0.00506995408034981	0.0	0.0018911586304014745	0.004896072276115791	0.008112425657921432	0.008112425657921432	0.012509450300721783	0.009828720012639191	0.11456646793926298	0.13359106492390213	0.1272722311618985	0.07041946949135977	0.1240539837725854	0.11245943646393049	0.06738555177615829	0.037019849891724174	0.007985499800208783	0.027272690250033874	0.03240792481557435	0.01853105885809974	0.014945824330583083	0.024415233148441285	0.01798453432968413	0.011030052907564723	0.011029052907064695	0.009298635070536843	0.022244155596144552	0.020005195276512525	0.12767760232825492	0.13811870961064604	0.11480771730911433	0.12731806960221917	0.2923915793591608	0.2824125726275748	0.29277831559244627	0.3047441482577132	0.35370521684247985	0.2901072886036695	0.29617115081876433	0.08613782109559197	0.04945546405435839	0.13069446776156426	0.12386263563042327	0.08552124054554536	0.01502944992864997	0.013530638783464118	0.01213339849887996	0.0176936519479892	0.017768875115038232	0.020129187564175855	0.021892149834281664	0.018584053430250932	0.019819429383453196	0.017409585995146352	0.018873482803519318	0.016375263659048747	0.00959148449337086	0.0068589912871731065	0.018600002147733115	0.01709034825638031	0.017032709886546822	0.024483276477784296	0.019911552610998935	0.014708545003755118	0.016244721000387798	0.020511495188188178	0.021456839888151318	0.029724216312860492	0.15302130287238716	0.13409979251313425	0.14002354785021023	0.1363758870330226	0.12538289779830997	0.04054664949027715	0.03709413074160027	0.03252476934682114	0.02385672186934327	0.020523048066386447	0.0224560996351089	0.021089351535658402	0.019587386634646313	0.029173543548762317	0.13805853795750214	0.09719677469896387	0.12692987884295595	0.1193929917646146	0.01712809458957214	0.013278513763462332	0.017125249458451203	0.014323057508064209	0.018460318736652707
f23ppA	0.015154994142699387	0.01475493006559815	0.012847232783217031	0.01023393612925648	0.00872218591377351	0.00872118591327348	0.009142691170853997	0.0031807954509483942	0.0018911586304014745	0.0	0.0030069136467143756	0.0062232670285200156	0.0062232670285200156	0.010620291671320368	0.007939561383237774	0.11267730930986157	0.1317019062945007	0.1253830725324971	0.06853031086195836	0.122164825143184	0.11057027783452908	0.06549639314675687	0.03513069126232276	0.006096341170807366	0.02538353162063246	0.030518766186172934	0.016641900228698322	0.013056665701181667	0.02252607451903987	0.016095375700282712	0.009140894278163308	0.009139894277663279	0.007409476441135427	0.020354996966743137	0.01811603664711111	0.12578844369885353	0.13622955098124465	0.11291855867971291	0.12542891097281775	0.2905024207297594	0.2805234139981734	0.29088915696304485	0.30285498962831175	0.35181605821307843	0.2882181299742681	0.2942819921893629	0.08424866246619055	0.047566305424956976	0.12880530913216284	0.12197347700102185	0.08363208191614394	0.013140291299248553	0.011641480154062701	0.010244239869478543	0.015804493318587784	0.015879716485636814	0.018240028934774437	0.02000299120488025	0.016694894800849513	0.017930270754051778	0.015520427365744934	0.016984324174117903	0.01448610502964733	0.007702325863969444	0.00496983265777169	0.016710843518331697	0.015201189626978896	0.015143551257145406	0.022594117848382878	0.018022393981597516	0.012819386374353701	0.01435556237098638	0.018622336558786763	0.0195676812587499	0.027835057683459077	0.15113214424298577	0.13221063388373283	0.13813438922080884	0.1344867284036212	0.12349373916890856	0.038657490860875734	0.035204972112198855	0.030635610717419725	0.021967563239941854	0.018633889436985032	0.02056694100570748	0.019200192906256984	0.017698228005244898	0.027284384919360898	0.13616937932810075	0.09530761606956245	0.12504072021355456	0.11750383313521318	0.015238935960170725	0.011389355134060915	0.015236090829049788	0.012433898878662792	0.016571160107251293
w16pp	0.01564966613567875	0.015249602058577514	0.013341904776196395	0.010728608122235844	0.009216857906752874	0.009215857906252845	0.009637363163833361	0.0036754674439277582	0.004896072276115791	0.0030069136467143756	0.0	0.003819838846844687	0.003819838846844687	0.008216863489645041	0.008434233376217138	0.11317198130284092	0.13219657828748008	0.12587774452547645	0.06902498285493772	0.12265949713616335	0.11106494982750843	0.06599106513973624	0.03562536325530213	0.0065910131637867304	0.025878203613611823	0.031013438179152298	0.017136572221677686	0.01355133769416103	0.023020746512019234	0.016590047693262076	0.009635566271142672	0.009634566270642643	0.00790414843411479	0.0208496689597225	0.01861070864009047	0.12628311569183287	0.13672422297422399	0.11341323067269228	0.12592358296579712	0.29099709272273877	0.28101808599115274	0.2913838289560242	0.3033496616212911	0.3523107302060578	0.28871280196724747	0.2947766641823423	0.08474333445916991	0.048060977417936336	0.1292999811251422	0.12246814899400121	0.0841267539091233	0.013634963292227917	0.012136152147042065	0.010738911862457907	0.016299165311567148	0.016374388478616178	0.018734700927753804	0.02049766319785961	0.01718956679382888	0.018424942747031145	0.016015099358724298	0.017478996167097263	0.014980777022626695	0.008196997856948808	0.005464504650751054	0.01720551551131106	0.01569586161995826	0.015638223250124768	0.023088789841362242	0.018517065974576884	0.013314058367333065	0.014850234363965743	0.019117008551766124	0.020062353251729267	0.02832972967643844	0.1516268162359651	0.1327053058767122	0.13862906121378818	0.13498140039660056	0.12398841116188793	0.0391521628538551	0.035699644105178216	0.03113028271039909	0.022462235232921214	0.019128561429964393	0.02106161299868685	0.01969486489923635	0.018192899998224262	0.027779056912340262	0.1366640513210801	0.09580228806254182	0.1255353922065339	0.11799850512819254	0.01573360795315009	0.01188402712704028	0.015730762822029152	0.012928570871642156	0.017065832100230657
w19pp	0.018866019517484383	0.01846595544038315	0.01655825815800203	0.013944961504041484	0.012433211288558515	0.012432211288058485	0.012853716545639002	0.006891820825733397	0.008112425657921432	0.0062232670285200156	0.003819838846844687	0.0	2.00000100005818e-06	0.006996961213251437	0.011650586758022777	0.11638833468464657	0.13541293166928572	0.1290940979072821	0.07224133623674336	0.12587585051796898	0.11428130320931408	0.06920741852154187	0.03884171663710777	0.00980736654559237	0.02909455699541746	0.034229791560957935	0.020352925603483327	0.01676769107596667	0.02623709989382487	0.019806401075067717	0.012851919652948312	0.012850919652448282	0.01112050181592043	0.02406602234152814	0.02182706202189611	0.12949946907363852	0.13994057635602963	0.11662958405449791	0.12913993634760276	0.2942134461045444	0.2842344393729584	0.29460018233782986	0.30656601500309677	0.35552708358786345	0.2919291553490531	0.2979930175641479	0.08795968784097555	0.05127733079974198	0.13251633450694786	0.12568450237580686	0.08734310729092894	0.016851316674033556	0.015352505528847704	0.013955265244263547	0.019515518693372785	0.01959074186042182	0.02195105430955944	0.02371401657966525	0.02040592017563452	0.021641296128836782	0.01923145274052994	0.020695349548902904	0.018197130404432334	0.011413351238754447	0.008680858032556695	0.0204218688931167	0.0189122150017639	0.01885457663193041	0.026305143223167883	0.021733419356382525	0.016530411749138704	0.018066587745771384	0.022333361933571765	0.02327870663353491	0.03154608305824408	0.15484316961777075	0.13592165925851785	0.14184541459559383	0.1381977537784062	0.12720476454369356	0.042368516235660736	0.038915997486983864	0.03434663609220473	0.025678588614726855	0.022344914811770034	0.02427796638049249	0.022911218281041992	0.021409253380029903	0.030995410294145903	0.13988040470288574	0.09901864144434745	0.12875174558833954	0.12121485850999818	0.01894996133495573	0.01510038050884592	0.018947116203834793	0.016144924253447795	0.02028218548203629
f15pp	0.018866019517484383	0.01846595544038315	0.01655825815800203	0.013944961504041484	0.012433211288558515	0.012432211288058485	0.012853716545639002	0.006891820825733397	0.008112425657921432	0.0062232670285200156	0.003819838846844687	2.00000100005818e-06	0.0	0.006996961213251437	0.011650586758022777	0.11638833468464657	0.13541293166928572	0.1290940979072821	0.07224133623674336	0.12587585051796898	0.11428130320931408	0.06920741852154187	0.03884171663710777	0.00980736654559237	0.02909455699541746	0.034229791560957935	0.020352925603483327	0.01676769107596667	0.02623709989382487	0.019806401075067717	0.012851919652948312	0.012850919652448282	0.01112050181592043	0.02406602234152814	0.02182706202189611	0.12949946907363852	0.13994057635602963	0.11662958405449791	0.12913993634760276	0.2942134461045444	0.2842344393729584	0.29460018233782986	0.30656601500309677	0.35552708358786345	0.2919291553490531	0.2979930175641479	0.08795968784097555	0.05127733079974198	0.13251633450694786	0.12568450237580686	0.08734310729092894	0.016851316674033556	0.015352505528847704	0.013955265244263547	0.019515518693372785	0.01959074186042182	0.02195105430955944	0.02371401657966525	0.02040592017563452	0.021641296128836782	0.01923145274052994	0.020695349548902904	0.018197130404432334	0.011413351238754447	0.008680858032556695	0.0204218688931167	0.0189122150017639	0.01885457663193041	0.026305143223167883	0.021733419356382525	0.016530411749138704	0.018066587745771384	0.022333361933571765	0.02327870663353491	0.03154608305824408	0.15484316961777075	0.13592165925851785	0.14184541459559383	0.1381977537784062	0.12720476454369356	0.042368516235660736	0.038915997486983864	0.03434663609220473	0.025678588614726855	0.022344914811770034	0.02427796638049249	0.022911218281041992	0.021409253380029903	0.030995410294145903	0.13988040470288574	0.09901864144434745	0.12875174558833954	0.12121485850999818	0.01894996133495573	0.01510038050884592	0.018947116203834793	0.016144924253447795	0.02028218548203629
w15pp	0.023263044160284737	0.022862980083183503	0.020955282800802385	0.01834198614684184	0.016830235931358867	0.01682923593085884	0.017250741188439358	0.01128884546853375	0.012509450300721783	0.010620291671320368	0.008216863489645041	0.006996961213251437	0.006996961213251437	0.0	0.01604761140082313	0.12078535932744693	0.13980995631208606	0.13349112255008244	0.07663836087954372	0.13027287516076935	0.11867832785211443	0.07360444316434223	0.04323874127990812	0.014204391188392724	0.03349158163821782	0.03862681620375829	0.02474995024628368	0.021164715718767026	0.030634124536625226	0.02420342571786807	0.017248944295748664	0.017247944295248636	0.015517526458720784	0.028463046984328493	0.026224086664696465	0.13389649371643889	0.14433760099883	0.12102660869729827	0.1335369609904031	0.29861047074734476	0.28863146401575873	0.2989972069806302	0.3109630396458971	0.3599241082306638	0.29632617999185346	0.30239004220694826	0.0923567124837759	0.05567435544254233	0.1369133591497482	0.1300815270186072	0.09174013193372929	0.02124834131683391	0.019749530171648058	0.018352289887063902	0.02391254333617314	0.023987766503222173	0.026348078952359796	0.028111041222465605	0.024802944818434872	0.026038320771637136	0.023628477383330293	0.025092374191703258	0.022594155047232688	0.015810375881554803	0.013077882675357049	0.024818893535917055	0.023309239644564255	0.023251601274730763	0.030702167865968237	0.02613044399918288	0.020927436391939058	0.022463612388571738	0.02673038657637212	0.027675731276335262	0.03594310770104443	0.15924019426057112	0.14031868390131821	0.1462424392383942	0.14259477842120657	0.13160178918649393	0.04676554087846109	0.04331302212978422	0.038743660735005084	0.03007561325752721	0.026741939454570388	0.028674991023292844	0.027308242923842346	0.025806278022830257	0.03539243493694626	0.1442774293456861	0.1034156660871478	0.1331487702311399	0.12561188315279853	0.023346985977756085	0.019497405151646274	0.023344140846635147	0.02054194889624815	0.024679210124836645
f7pp	0.016602090278677647	0.016202026201576413	0.014294328919195295	0.011681032265234741	0.010169282049751774	0.010168282049251744	0.01058978730683226	0.00615535582352259	0.009828720012639191	0.007939561383237774	0.008434233376217138	0.011650586758022777	0.011650586758022777	0.01604761140082313	0.0	0.10473974792762385	0.12376434491226303	0.11744551115025938	0.060592749479720646	0.11422726376094627	0.10263271645229136	0.05755883176451916	0.027193129880085043	0.0023894992430543906	0.021676689692879482	0.026811924258419956	0.012935058300945346	0.009349823773428691	0.018819232591286893	0.012388533772529737	0.005434052350410333	0.005433052349910303	0.003702634513382451	0.021802093102721402	0.01956313278308937	0.1272355398348318	0.1376766471172229	0.11436565481569118	0.126876007108796	0.29194951686573767	0.28197051013415164	0.2923362530990231	0.30430208576429	0.3532631543490567	0.28966522611024637	0.29572908832534117	0.08569575860216881	0.049013401560935234	0.1302524052681411	0.12342057313700011	0.0850791780521222	0.014587387435226817	0.013088576290040965	0.011691336005456807	0.01725158945456605	0.017326812621615076	0.019687125070752702	0.02145008734085851	0.01814199093682778	0.019377366890030043	0.016967523501723196	0.018431420310096164	0.015933201165625594	0.009149421999947708	0.0064169287937499535	0.01815793965430996	0.01664828576295716	0.01659064739312367	0.02404121398436114	0.01946949011757578	0.014266482510331965	0.01580265850696464	0.020069432694765025	0.021014777394728165	0.029282153819437343	0.152579240378964	0.1336577300197111	0.13958148535678708	0.13593382453959946	0.12494083530488682	0.040104586996854	0.03665206824817712	0.03208270685339799	0.023414659375920115	0.020080985572963294	0.022014037141685747	0.02064728904223525	0.019145324141223163	0.02873148105533916	0.13761647546407899	0.09675471220554072	0.1264878163495328	0.11895092927119144	0.016686032096148988	0.012836451270039179	0.016683186965028053	0.013880995014641056	0.018018256243229554
S10H1	0.12133983820530145	0.12093977412820021	0.1190320768458191	0.11641878019185854	0.11490702997637557	0.11490602997587554	0.11532753523345607	0.11089310375014638	0.11456646793926298	0.11267730930986157	0.11317198130284092	0.11638833468464657	0.11638833468464657	0.12078535932744693	0.10473974792762385	0.0	0.17983227566018334	0.1735134418981797	0.13425438613113294	0.19619696521014474	0.1846024179014898	0.1395285332137176	0.12091623003944124	0.10712724716967818	0.12641443761950327	0.13154967218504374	0.11767280622756913	0.11408757170005249	0.12355698051791068	0.11712628169915353	0.11017180027703412	0.11017080027653409	0.10844038244000624	0.1265398410293452	0.12430088070971317	0.2319732877614556	0.2424143950438467	0.219103402742315	0.2316137550354198	0.39668726479236144	0.3867082580607754	0.3970740010256469	0.4090398336909138	0.45800090227568047	0.39440297403687014	0.40046683625196494	0.1904335065287926	0.15375114948755902	0.2349901531947649	0.2281583210636239	0.189816925978746	0.11932513536185062	0.11782632421666477	0.1164290839320806	0.12198933738118985	0.12206456054823887	0.12442487299737649	0.1261878352674823	0.12287973886345158	0.12411511481665384	0.121705271428347	0.12316916823671996	0.12067094909224939	0.11388716992657151	0.11115467672037375	0.12289568758093376	0.12138603368958095	0.12132839531974747	0.12877896191098495	0.12420723804419959	0.11900423043695577	0.12054040643358845	0.12480718062138882	0.12575252532135198	0.13401990174606115	0.2573169883055878	0.23839547794633492	0.24431923328341087	0.24067157246622328	0.22967858323151064	0.1448423349234778	0.14138981617480093	0.13682045478002178	0.1281524073025439	0.1248187334995871	0.12675178506830956	0.12538503696885905	0.12388307206784696	0.13346922898196295	0.24235422339070278	0.2014924601321645	0.2312255642761566	0.22368867719781524	0.12142378002277279	0.11757419919666298	0.12142093489165186	0.11861874294126486	0.12275600416985336
F23HpA	0.1403644351899406	0.13996437111283938	0.13805667383045825	0.13544337717649768	0.1339316269610147	0.13393062696051466	0.1343521322180952	0.12991770073478554	0.13359106492390213	0.1317019062945007	0.13219657828748008	0.13541293166928572	0.13541293166928572	0.13980995631208606	0.12376434491226303	0.17983227566018334	0.0	0.16121383768922148	0.15327898311577215	0.2152215621947839	0.203627014886129	0.1585531301983568	0.13994082702408042	0.12615184415431735	0.14543903460414243	0.15057426916968292	0.1366974032122083	0.13311216868469164	0.14258157750254985	0.1361508786837927	0.12919639726167328	0.12919539726117327	0.1274649794246454	0.14556443801398433	0.1433254776943523	0.25099788474609475	0.26143899202848586	0.23812799972695411	0.25063835202005896	0.4157118617770006	0.40573285504541456	0.41609859801028604	0.42806443067555294	0.4770254992603196	0.4134275710215093	0.4194914332366041	0.20945810351343175	0.17277574647219818	0.25401475017940406	0.24718291804826303	0.20884152296338515	0.13834973234648976	0.1368509212013039	0.13545368091671975	0.14101393436582899	0.141089157532878	0.14344946998201563	0.14521243225212144	0.1419043358480907	0.14313971180129298	0.14072986841298613	0.1421937652213591	0.13969554607688853	0.13291176691121065	0.13017927370501287	0.1419202845655729	0.1404106306742201	0.1403529923043866	0.14780355889562408	0.1432318350288387	0.1380288274215949	0.13956500341822758	0.14383177760602797	0.1447771223059911	0.15304449873070028	0.27634158529022695	0.2574200749309741	0.26334383026805	0.2596961694508624	0.24870318021614976	0.16386693190811694	0.16041441315944005	0.15584505176466093	0.14717700428718306	0.14384333048422623	0.14577638205294868	0.14440963395349818	0.14290766905248609	0.1524938259666021	0.26137882037534194	0.22051705711680364	0.25025016126079574	0.24271327418245436	0.14044837700741192	0.13659879618130213	0.140445531876291	0.13764333992590402	0.1417806011544925
F32H1	0.134045601427937	0.13364553735083579	0.13173784006845465	0.1291245434144941	0.12761279319901112	0.12761179319851107	0.1280332984560916	0.12359886697278191	0.1272722311618985	0.1253830725324971	0.12587774452547645	0.1290940979072821	0.1290940979072821	0.13349112255008244	0.11744551115025938	0.1735134418981797	0.16121383768922148	0.0	0.1469601493537685	0.20890272843278024	0.19730818112412535	0.15223429643635314	0.13362199326207677	0.11983301039231371	0.1391202008421388	0.14425543540767927	0.13037856945020468	0.12679333492268802	0.1362627437405462	0.12983204492178907	0.12287756349966965	0.12287656349916962	0.12114614566264177	0.13924560425198074	0.1370066439323487	0.2446790509840911	0.2551201582664822	0.2318091659649505	0.24431951825805534	0.409393028014997	0.39941402128341097	0.40977976424828244	0.42174559691354935	0.470706665498316	0.4071087372595057	0.4131725994746005	0.20313926975142815	0.16645691271019455	0.24769591641740044	0.24086408428625944	0.20252268920138153	0.13203089858448613	0.13053208743930028	0.12913484715471613	0.13469510060382536	0.1347703237708744	0.13713063622001204	0.13889359849011784	0.1355855020860871	0.13682087803928936	0.13441103465098253	0.1358749314593555	0.13337671231488493	0.12659293314920703	0.12386043994300928	0.1356014508035693	0.1340917969122165	0.13403415854238301	0.14148472513362048	0.13691300126683512	0.1317099936595913	0.133246169656224	0.13751294384402438	0.1384582885439875	0.14672566496869668	0.27002275152822336	0.2511012411689705	0.25702499650604643	0.2533773356888588	0.24238434645414617	0.15754809814611334	0.15409557939743646	0.14952621800265734	0.14085817052517946	0.13752449672222264	0.1394575482909451	0.13809080019149458	0.1365888352904825	0.1461749922045985	0.25505998661333834	0.21419822335480004	0.24393132749879215	0.23639444042045077	0.13412954324540832	0.13027996241929854	0.1341266981142874	0.13132450616390043	0.1354617673924889
S2Hp	0.07719283975739824	0.076792775680297	0.07488507839791589	0.07227178174395534	0.07076003152847236	0.07075903152797233	0.07118053678555286	0.06674610530224317	0.07041946949135977	0.06853031086195836	0.06902498285493772	0.07224133623674336	0.07224133623674336	0.07663836087954372	0.060592749479720646	0.13425438613113294	0.15327898311577215	0.1469601493537685	0.0	0.15204996676224153	0.1404554194535866	0.0953815347658144	0.07676923159153805	0.06298024872177498	0.08226743917160007	0.08740267373714054	0.07352580777966593	0.06994057325214928	0.07940998207000748	0.07297928325125032	0.06602480182913091	0.06602380182863088	0.06429338399210303	0.08239284258144199	0.08015388226180996	0.18782628931355239	0.1982673965959435	0.17495640429441178	0.1874667565875166	0.35254026634445823	0.3425612596128722	0.3529270025777437	0.3648928352430106	0.41385390382777726	0.35025597558896693	0.35631983780406173	0.1462865080808894	0.10960415103965582	0.1908431547468617	0.1840113226157207	0.1456699275308428	0.07517813691394741	0.07367932576876156	0.07228208548417739	0.07784233893328664	0.07791756210033567	0.08027787454947329	0.0820408368195791	0.07873274041554837	0.07996811636875063	0.0775582729804438	0.07902216978881675	0.07652395064434618	0.0697401714786683	0.06700767827247055	0.07874868913303056	0.07723903524167774	0.07718139687184426	0.08463196346308173	0.08006023959629638	0.07485723198905256	0.07639340798568524	0.08066018217348561	0.08160552687344876	0.08987290329815793	0.2131699898576846	0.19424847949843171	0.20017223483550767	0.19652457401832008	0.18553158478360743	0.10069533647557459	0.09724281772689772	0.09267345633211858	0.08400540885464071	0.08067173505168389	0.08260478662040634	0.08123803852095585	0.07973607361994375	0.08932223053405976	0.19820722494279958	0.1573454616842613	0.18707856582825338	0.17954167874991203	0.07727678157486959	0.07342720074875977	0.07727393644374865	0.07447174449336165	0.07860900572195015
F8H1	0.1308273540386239	0.13042728996152267	0.12851959267914154	0.12590629602518097	0.124394545809698	0.12439354580919798	0.1248150510667785	0.12038061958346881	0.1240539837725854	0.122164825143184	0.12265949713616335	0.12587585051796898	0.12587585051796898	0.13027287516076935	0.11422726376094627	0.19619696521014474	0.2152215621947839	0.20890272843278024	0.15204996676224153	0.0	0.1676440583613788	0.13695625133700876	0.13040374587276365	0.11661476300300061	0.13590195345282569	0.14103718801836618	0.12716032206089156	0.12357508753337491	0.1330444963512331	0.12661379753247595	0.11965931611035655	0.11965831610985653	0.11792789827332867	0.13602735686266762	0.1337883965430356	0.241460803594778	0.2519019108771691	0.2285909185756374	0.24110127086874222	0.4061747806256839	0.3961957738940979	0.40656151685896935	0.4185273495242362	0.4674884181090029	0.4038904898701926	0.4099543520852874	0.19992102236211504	0.16323866532088147	0.24447766902808732	0.23764583689694635	0.1993044418120684	0.12881265119517304	0.1273138400499872	0.12591659976540304	0.13147685321451227	0.1315520763815613	0.13391238883069892	0.13567535110080473	0.132367254696774	0.13360263064997627	0.1311927872616694	0.13265668407004239	0.13015846492557182	0.12337468575989394	0.12064219255369618	0.1323832034142562	0.1308735495229034	0.1308159111530699	0.13826647774430736	0.133694753877522	0.12849174627027818	0.13002792226691087	0.13429469645471126	0.1352400411546744	0.14350741757938357	0.2668045041389102	0.24788299377965733	0.2538067491167333	0.2501590882995457	0.23916609906483305	0.15432985075680022	0.15087733200812334	0.14630797061334422	0.13763992313586634	0.13430624933290952	0.13623930090163197	0.13487255280218147	0.1333705879011694	0.1429567448152854	0.2518417392240252	0.21097997596548695	0.24071308010947903	0.23317619303113768	0.1309112958560952	0.12706171502998542	0.13090845072497428	0.1281062587745873	0.1322435200031758
