	s31pp	w10pp	s10pp	S12Hp	530451	w16pp	s16pp	s29pp	S21H1	s9pp	w18pp	s21pp	530055	s12pp	s20pp	S13Hp	s13pp	F7H1	s24pp	S3Hp	S27H1	w11pp	s7pp	S9H1	s1pp	s11pp	s25pp	s19pp	S14Hp	s32pp	S8Hp	S26Hp	s26pp	s22pp	S22Hp	S18H1	S20H1	S11Hp	w15pp	w27pp	s27pp	w4pp	S16H2	s4pp	f16ppA	530331	f8pp	f18pp	F6H1	s3pp	f21pp	f30pp	f14ppB	s14pp	w14pp	f25pp	S19H1	f4pp	f6ppB	w6pp	S1Hp	F23HpA	S4Hp	s18pp	w13pp	s30pp	s17pp	s15pp	w30pp	s2pp	s28pp	S28Hp
s31pp	0.0	0.004705272386713476	0.004705272386713476	0.09427312069039158	0.2722673476645586	0.34120997711098344	0.33312977863518756	0.40877440534539355	0.4079488459317532	0.35715291299905216	0.28744833130655223	0.3626864992313177	0.41251352207366665	0.2140099203394228	0.2665707025727087	0.36172275194250747	0.34862616873635366	0.341932231457376	0.31393185957750874	0.40740979841255254	0.341136284321292	0.30525743446334386	0.3648529167225836	0.4207802819447533	0.3693060673580906	0.30360928715901825	0.25718234261760264	0.2667379675304955	0.37927261078397945	0.37026772086436366	0.4057995129385322	0.3983087450554105	0.4545468603843538	0.39412698384589084	0.43941731307754267	0.43899441286374186	0.4271403822759022	0.40952444255355736	0.3909232322758751	0.4243011274852569	0.4215699940850426	0.3618500334030075	0.5524644916485155	0.3905469898131902	0.4131519717884947	0.8022306198141583	0.34775607856634383	0.4234154541699084	0.49368832505467564	0.3803637427540346	0.471136572808035	0.5221187867835461	0.4785493896822324	0.5024466452561374	0.5258155506235338	0.4822180539802112	0.5039006715324856	0.4961994738030048	0.561733440907529	0.5466232615241507	0.5950423142329392	0.4824275493376098	0.5021662961364262	0.45683387902721245	0.4281828695558223	0.3167748197767374	0.376072832811329	0.40241421284232015	0.33754574129271014	0.2549744794172593	0.31089627303805273	0.3294302064142954
w10pp	0.004705272386713476	0.0	2.00000100005818e-06	0.08977018024915254	0.2677644072233196	0.33670703666974444	0.32862683819394845	0.40427146490415455	0.40344590549051407	0.35264997255781305	0.2829453908653132	0.3581835587900786	0.4080105816324276	0.20950697989818373	0.26206776213146965	0.3572198115012684	0.3441232282951146	0.33742929101613695	0.3094289191362697	0.4029068579713135	0.33663334388005295	0.30075449402210475	0.36034997628134446	0.41627734150351425	0.3648031269168515	0.29910634671777925	0.2526794021763636	0.26223502708925644	0.3747696703427404	0.36576478042312455	0.40129657249729317	0.3938058046141714	0.45004391994311477	0.38962404340465173	0.4349143726363036	0.43449147242250274	0.4226374418346631	0.40502150211231824	0.386420291834636	0.41979818704401783	0.41706705364380353	0.3573470929617685	0.5479615512072764	0.38604404937195114	0.4086490313472556	0.7977276793729193	0.34325313812510483	0.41891251372866933	0.4891853846134366	0.3758608023127955	0.46663363236679595	0.5176158463423071	0.4740464492409933	0.49794370481489825	0.5213126101822947	0.47771511353897217	0.49939773109124663	0.4916965333617657	0.55723050046629	0.5421203210829117	0.5905393737917002	0.47792460889637073	0.4976633556951871	0.4523309385859734	0.4236799291145833	0.3122718793354983	0.37156989237008997	0.39791127240108104	0.3330428008514711	0.25047153897602026	0.3063933325968137	0.3249272659730563
s10pp	0.004705272386713476	2.00000100005818e-06	0.0	0.08977018024915254	0.2677644072233196	0.33670703666974444	0.32862683819394845	0.40427146490415455	0.40344590549051407	0.35264997255781305	0.2829453908653132	0.3581835587900786	0.4080105816324276	0.20950697989818373	0.26206776213146965	0.3572198115012684	0.3441232282951146	0.33742929101613695	0.3094289191362697	0.4029068579713135	0.33663334388005295	0.30075449402210475	0.36034997628134446	0.41627734150351425	0.3648031269168515	0.29910634671777925	0.2526794021763636	0.26223502708925644	0.3747696703427404	0.36576478042312455	0.40129657249729317	0.3938058046141714	0.45004391994311477	0.38962404340465173	0.4349143726363036	0.43449147242250274	0.4226374418346631	0.40502150211231824	0.386420291834636	0.41979818704401783	0.41706705364380353	0.3573470929617685	0.5479615512072764	0.38604404937195114	0.4086490313472556	0.7977276793729193	0.34325313812510483	0.41891251372866933	0.4891853846134366	0.3758608023127955	0.46663363236679595	0.5176158463423071	0.4740464492409933	0.49794370481489825	0.5213126101822947	0.47771511353897217	0.49939773109124663	0.4916965333617657	0.55723050046629	0.5421203210829117	0.5905393737917002	0.47792460889637073	0.4976633556951871	0.4523309385859734	0.4236799291145833	0.3122718793354983	0.37156989237008997	0.39791127240108104	0.3330428008514711	0.25047153897602026	0.3063933325968137	0.3249272659730563
S12Hp	0.09427312069039158	0.08977018024915254	0.08977018024915254	0.0	0.2705362791478346	0.33947890859425944	0.33139871011846345	0.40704333682866956	0.40621777741502907	0.35542184448232805	0.2857172627898282	0.36095543071459363	0.4107824535569426	0.21227885182269873	0.26483963405598465	0.3599916834257834	0.3468951002196296	0.34020116294065195	0.3122007910607847	0.4056787298958285	0.33940521580456795	0.30352636594661975	0.36312184820585947	0.41904921342802925	0.3675749988413665	0.30187821864229425	0.2554512741008786	0.26500689901377145	0.3775415422672554	0.36853665234763955	0.40406844442180817	0.3965776765386864	0.45281579186762977	0.39239591532916673	0.4376862445608186	0.43726334434701775	0.4254093137591781	0.40779337403683324	0.389192163759151	0.42257005896853284	0.41983892556831853	0.3601189648862835	0.5507334231317914	0.38881592129646614	0.4114209032717706	0.8004995512974342	0.34602501004961983	0.42168438565318433	0.4919572565379516	0.3786326742373105	0.46940550429131095	0.520387718266822	0.4768183211655083	0.5007155767394132	0.5240844821068098	0.48048698546348717	0.5021696030157616	0.4944684052862807	0.560002372390805	0.5448921930074266	0.5933112457162151	0.48069648082088573	0.5004352276197022	0.4551028105104884	0.4264518010390983	0.3150437512600133	0.374341764294605	0.40068314432559604	0.3358146727759861	0.25324341090053526	0.3091652045213287	0.3276991378975713
530451	0.2722673476645586	0.2677644072233196	0.2677644072233196	0.2705362791478346	0.0	0.34604775139496097	0.337967552919165	0.4136121796293711	0.41278662021573065	0.36199068728302963	0.2922861055905297	0.36752427351529515	0.4173512963576441	0.2188476946234003	0.2714084768566862	0.36656052622648494	0.35346394302033113	0.3467700057413535	0.31876963386148627	0.41224757269653	0.34597405860526953	0.3100952087473213	0.36969069100656105	0.42561805622873083	0.37414384164206804	0.3084470614429958	0.26202011690158017	0.27157574181447297	0.3841103850679569	0.37510549514834113	0.4106372872225097	0.40314651933938794	0.45938463466833135	0.3989647581298683	0.4442550873615202	0.4438321871477193	0.4319781565598797	0.4143622168375348	0.3957610065598526	0.4291389017692344	0.42640776836902006	0.366687807686985	0.557302265932493	0.3953847640971677	0.4179897460724722	0.8070683940981358	0.35259385285032135	0.4282532284538859	0.4985260993386531	0.3852015170380121	0.4759743470920125	0.5269565610675235	0.48338716396620984	0.5072844195401148	0.5306533249075113	0.4870558282641887	0.5087384458164632	0.5010372480869822	0.5665712151915065	0.5514610358081282	0.5998800885169167	0.48726532362158725	0.5070040704204036	0.46167165331119	0.4330206438397998	0.32161259406071485	0.3809106070953065	0.4072519871262976	0.3423835155766876	0.2598122537012368	0.3157340473220302	0.33426798069827285
w16pp	0.34120997711098344	0.33670703666974444	0.33670703666974444	0.33947890859425944	0.34604775139496097	0.0	0.10989173265658245	0.1855363593667885	0.1847107999531481	0.13391486702044708	0.19061487120921278	0.2658530391339783	0.3156800619763272	0.1515068014451982	0.2543131491936422	0.38130344752068446	0.36820686431453065	0.36151292703555304	0.3335125551556858	0.4269904939907295	0.36071697989946905	0.32483813004152085	0.38443361230076056	0.44036097752293035	0.38888676293626756	0.3231899827371953	0.2767630381957797	0.2863186631086725	0.39885330636215643	0.38984841644254065	0.4253802085167092	0.41788944063358746	0.47412755596253087	0.41370767942406783	0.4589980086557197	0.45857510844191884	0.4467210778540792	0.42910513813173434	0.4105039278540521	0.44388182306343393	0.4411506896632196	0.3814307289811845	0.5720451872266925	0.41012768539136724	0.4327326673666717	0.8218113153923353	0.3673367741445209	0.44299614974808543	0.5132690206328526	0.3999444383322116	0.490717268386212	0.541699482361723	0.49813008526040936	0.5220273408343143	0.5453962462017108	0.5017987495583882	0.5234813671106627	0.5157801693811818	0.5813141364857061	0.5662039571023277	0.6146230098111162	0.5020082449157868	0.5217469917146031	0.4764145746053895	0.44776356513399934	0.33635551535491437	0.395653528389506	0.42199490842049714	0.35712643687088713	0.2745551749954363	0.3304769686162297	0.34901090199247237
s16pp	0.33312977863518756	0.32862683819394845	0.32862683819394845	0.33139871011846345	0.337967552919165	0.10989173265658245	0.0	0.13118183419737112	0.1303562747837307	0.0795603418510297	0.18253467273341684	0.2577728406581823	0.30759986350053126	0.14342660296940227	0.24623295071784623	0.37322324904488857	0.36012666583873476	0.35343272855975705	0.3254323566798898	0.41891029551493364	0.35263678142367305	0.3167579315657249	0.3763534138249646	0.43228077904713436	0.3808065644604717	0.31510978426139935	0.26868283971998375	0.2782384646328766	0.39077310788636055	0.3817682179667447	0.4173000100409133	0.4098092421577916	0.46604735748673487	0.4056274809482719	0.4509178101799237	0.4504949099661229	0.4386408793782832	0.4210249396559384	0.40242372937825616	0.43580162458763794	0.4330704911874237	0.3733505305053886	0.5639649887508965	0.40204748691557124	0.42465246889087577	0.8137311169165394	0.35925657566872493	0.43491595127228944	0.5051888221570567	0.39186423985641566	0.4826370699104161	0.5336192838859272	0.4900498867846135	0.5139471423585183	0.5373160477259149	0.4937185510825923	0.5154011686348667	0.5076999709053859	0.5732339380099101	0.5581237586265319	0.6065428113353203	0.4939280464399909	0.5136667932388073	0.4683343761295935	0.4396833666582034	0.32827531687911843	0.3875733299137101	0.41391470994470114	0.3490462383950912	0.26647497651964036	0.3223967701404338	0.3409307035166764
s29pp	0.40877440534539355	0.40427146490415455	0.40427146490415455	0.40704333682866956	0.4136121796293711	0.1855363593667885	0.13118183419737112	0.0	0.11471294806458479	0.08509992319691427	0.2581792994436229	0.3334174673683884	0.3832444902107373	0.21907122967960832	0.3218775774280523	0.4488678757550946	0.4357712925489408	0.42907735526996316	0.4010769833900959	0.4945549222251397	0.42828140813387916	0.39240255827593096	0.4519980405351707	0.5079254057573405	0.45645119117067773	0.39075441097160546	0.3443274664301898	0.35388309134308266	0.4664177345965666	0.45741284467695076	0.4929446367511194	0.48545386886799763	0.541691984196941	0.48127210765847794	0.5265624368901298	0.526139536676329	0.5142855060884893	0.49666956636614445	0.4780683560884622	0.511446251297844	0.5087151178976297	0.4489951572155947	0.6396096154611026	0.47769211362577735	0.5002970956010818	0.8893757436267455	0.43490120237893104	0.5105605779824955	0.5808334488672628	0.4675088665666217	0.5582816966206221	0.6092639105961333	0.5656945134948195	0.5895917690687245	0.6129606744361209	0.5693631777927983	0.5910457953450728	0.583344597615592	0.6488785647201162	0.633768385336738	0.6821874380455264	0.5695726731501969	0.5893114199490133	0.5439790028397996	0.5153279933684095	0.40391994358932454	0.4632179566239162	0.48955933665490725	0.4246908651052973	0.34211960322984647	0.3980413968506399	0.41657533022688253
S21H1	0.4079488459317532	0.40344590549051407	0.40344590549051407	0.40621777741502907	0.41278662021573065	0.1847107999531481	0.1303562747837307	0.11471294806458479	0.0	0.08427436378327387	0.25735374002998246	0.3325919079547479	0.3824189307970969	0.2182456702659679	0.32105201801441186	0.4480423163414542	0.4349457331353004	0.4282517958563227	0.40025142397645547	0.49372936281149926	0.42745584872023873	0.3915769988622906	0.4511724811215303	0.5070998463437	0.4556256317570373	0.389928851557965	0.34350190701654937	0.3530575319294422	0.46559217518292617	0.4565872852633104	0.49211907733747895	0.4846283094543572	0.5408664247833006	0.48044654824483757	0.5257368774764895	0.5253139772626886	0.5134599466748488	0.4958440069525041	0.47724279667482183	0.5106206918842036	0.5078895584839893	0.4481695978019542	0.6387840560474622	0.4768665542121369	0.49947153618744144	0.888550184213105	0.43407564296529055	0.5097350185688552	0.5800078894536224	0.46668330715298134	0.5574561372069817	0.6084383511824928	0.5648689540811791	0.5887662096550841	0.6121351150224805	0.568537618379158	0.5902202359314324	0.5825190382019515	0.6480530053064757	0.6329428259230975	0.6813618786318859	0.5687471137365565	0.5884858605353729	0.5431534434261591	0.514502433954769	0.4030943841756841	0.46239239721027575	0.4887337772412669	0.42386530569165687	0.34129404381620604	0.39721583743699945	0.4157497708132421
s9pp	0.35715291299905216	0.35264997255781305	0.35264997255781305	0.35542184448232805	0.36199068728302963	0.13391486702044708	0.0795603418510297	0.08509992319691427	0.08427436378327387	0.0	0.20655780709728144	0.2817959750220469	0.33162299786439586	0.16744973733326687	0.27025608508171084	0.3972463834087532	0.38414980020259937	0.37745586292362165	0.3494554910437544	0.44293342987879825	0.37665991578753766	0.3407810659295895	0.40037654818882923	0.45630391341099896	0.4048296988243363	0.33913291862526396	0.29270597408384835	0.3022615989967412	0.41479624225022516	0.4057913523306093	0.44132314440477793	0.4338323765216562	0.4900704918505995	0.4296506153121365	0.4749409445437883	0.4745180443299875	0.46266401374214783	0.445048074019803	0.42644686374212076	0.45982475895150254	0.4570936255512883	0.3973736648692532	0.5879881231147611	0.42607062127943585	0.4486756032547404	0.837754251280404	0.38327971003258954	0.45893908563615404	0.5292119565209213	0.41588737422028027	0.5066602042742807	0.5576424182497918	0.5140730211484781	0.537970276722383	0.5613391820897795	0.5177416854464569	0.5394243029987313	0.5317231052692505	0.5972570723737747	0.5821468929903965	0.6305659456991849	0.5179511808038555	0.5376899276026719	0.4923575104934581	0.463706501022068	0.35229845124298304	0.4115964642775747	0.43793784430856575	0.3730693727589558	0.29049811088350497	0.3464199045042984	0.36495383788054103
w18pp	0.28744833130655223	0.2829453908653132	0.2829453908653132	0.2857172627898282	0.2922861055905297	0.19061487120921278	0.18253467273341684	0.2581792994436229	0.25735374002998246	0.20655780709728144	0.0	0.19076617207736837	0.2405931949197173	0.09774515564076694	0.20055150338921093	0.32754180171625324	0.31444521851009943	0.3077512812311218	0.2797509093512545	0.3732288481862983	0.3069553340950378	0.27107648423708963	0.33067196649632935	0.3865993317184991	0.33512511713183635	0.269428336932764	0.22300139239134845	0.23255701730424128	0.3450916605577252	0.33608677063810943	0.371618562712278	0.36412779482915625	0.4203659101580996	0.3599460336196366	0.40523636285128845	0.40481346263748763	0.39295943204964795	0.37534349232730313	0.3567422820496209	0.39012017725900267	0.38738904385878836	0.32766908317675325	0.5182835414222613	0.35636603958693597	0.3789710215622405	0.7680496695879041	0.3135751283400896	0.38923450394365416	0.4595073748284214	0.3461827925277804	0.4369556225817808	0.48793783655729184	0.44436843945597815	0.4682656950298831	0.4916346003972796	0.448037103753957	0.46971972130623146	0.46201852357675055	0.5275524906812747	0.5124423112978965	0.560861364006685	0.44824659911135556	0.46798534591017193	0.4226529288009582	0.3940019193295681	0.28259386955048316	0.3418918825850748	0.3682332626160659	0.3033647910664559	0.22079352919100512	0.2767153228117985	0.29524925618804115
s21pp	0.3626864992313177	0.3581835587900786	0.3581835587900786	0.36095543071459363	0.36752427351529515	0.2658530391339783	0.2577728406581823	0.3334174673683884	0.3325919079547479	0.2817959750220469	0.19076617207736837	0.0	0.27643457967974666	0.17298332356553242	0.2757896713139764	0.4027799696410187	0.3896833864348649	0.38298944915588723	0.35498907727601997	0.44846701611106377	0.38219350201980323	0.3463146521618551	0.4059101344210948	0.46183749964326454	0.4103632850566018	0.3446665048575295	0.29823956031611387	0.30779518522900673	0.4203298284824907	0.4113249385628749	0.44685673063704345	0.4393659627539217	0.49560407808286505	0.43518420154440207	0.4804745307760539	0.4800516305622531	0.4681975999744134	0.4505816602520686	0.43198044997438634	0.4653583451837681	0.4626272117835538	0.4029072511015187	0.5935217093470266	0.4316042075117014	0.45420918948700595	0.8432878375126696	0.38881329626485506	0.4644726718684196	0.5347455427531869	0.42142096045254585	0.5121937905065462	0.5631760044820573	0.5196066073807436	0.5435038629546485	0.566872768322045	0.5232752716787225	0.544957889230997	0.537256691501516	0.6027906586060403	0.587680479222662	0.6360995319314504	0.523484767036121	0.5432235138349374	0.4978910967257237	0.4692400872543335	0.3578320374752486	0.41713005050984026	0.4434714305408314	0.37860295899122137	0.29603169711577054	0.35195349073656396	0.3704874241128066
530055	0.41251352207366665	0.4080105816324276	0.4080105816324276	0.4107824535569426	0.4173512963576441	0.3156800619763272	0.30759986350053126	0.3832444902107373	0.3824189307970969	0.33162299786439586	0.2405931949197173	0.27643457967974666	0.0	0.22281034640788136	0.3256166941563253	0.45260699248336766	0.43951040927721385	0.4328164719982362	0.40481610011836894	0.49829403895341273	0.4320205248621522	0.39614167500420405	0.45573715726344377	0.5116645224856136	0.46019030789895077	0.39449352769987844	0.34806658315846284	0.3576222080713557	0.47015685132483964	0.46115196140522385	0.4966837534793924	0.48919298559627067	0.545431100925214	0.48501122438675104	0.5303015536184028	0.529878653404602	0.5180246228167624	0.5004086830944176	0.4818074728167353	0.5151853680261171	0.5124542346259028	0.45273427394386767	0.6433487321893756	0.4814312303540504	0.5040362123293549	0.8931148603550185	0.438640319107204	0.5142996947107685	0.5845725655955358	0.4712479832948948	0.5620208133488952	0.6130030273244063	0.5694336302230926	0.5933308857969974	0.616699791164394	0.5731022945210714	0.5947849120733459	0.587083714343865	0.6526176814483893	0.637507502065011	0.6859265547737994	0.57331178987847	0.5930505366772864	0.5477181195680727	0.5190671100966825	0.4076590603175976	0.4669570733521892	0.49329845338318035	0.42842998183357034	0.3458587199581195	0.4017805135789129	0.4203144469551556
s12pp	0.2140099203394228	0.20950697989818373	0.20950697989818373	0.21227885182269873	0.2188476946234003	0.1515068014451982	0.14342660296940227	0.21907122967960832	0.2182456702659679	0.16744973733326687	0.09774515564076694	0.17298332356553242	0.22281034640788136	0.0	0.12711309242208152	0.2541033907491238	0.24100680754297	0.23431287026399233	0.20631249838412508	0.29979043721916887	0.23351692312790834	0.1976380732699602	0.2572335555291999	0.3131609207513697	0.2616867061647069	0.19598992596563464	0.14956298142421903	0.15911860633711186	0.2716532495905958	0.26264835967098	0.29818015174514856	0.2906893838620268	0.3469274991909702	0.2865076226525072	0.33179795188415906	0.3313750516703582	0.31952102108251856	0.3019050813601737	0.28330387108249144	0.3166817662918733	0.3139506328916589	0.25423067220962386	0.44484513045513185	0.2829276286198066	0.30553261059511105	0.6946112586207747	0.24013671737296022	0.3157960929765248	0.38606896386129197	0.27274438156065095	0.36351721161465134	0.4144994255901624	0.3709300284888487	0.3948272840627537	0.41819618943015013	0.37459869278682756	0.3962813103391021	0.3885801126096211	0.4541140797141454	0.4390039003307671	0.4874229530395555	0.3748081881442261	0.3945469349430425	0.34921451783382884	0.3205635083624387	0.20915545858335374	0.26845347161794536	0.2947948516489365	0.22992638009932648	0.14735511822387568	0.20327691184466903	0.2218108452209117
s20pp	0.2665707025727087	0.26206776213146965	0.26206776213146965	0.26483963405598465	0.2714084768566862	0.2543131491936422	0.24623295071784623	0.3218775774280523	0.32105201801441186	0.27025608508171084	0.20055150338921093	0.2757896713139764	0.3256166941563253	0.12711309242208152	0.0	0.3066641729824097	0.2935675897762559	0.28687365249727825	0.258873280617411	0.3523512194524548	0.28607770536119426	0.25019885550324605	0.30979433776248577	0.36572170298465556	0.3142474883979928	0.24855070819892053	0.20212376365750492	0.21167938857039775	0.3242140318238817	0.31520914190426585	0.3507409339784345	0.3432501660953127	0.3994882814242561	0.33906840488579304	0.3843587341174449	0.38393583390364405	0.3720818033158044	0.35446586359345955	0.3358646533157773	0.36924254852515914	0.36651141512494484	0.3067914544429098	0.4974059126884177	0.33548841085309244	0.3580933928283969	0.7471720408540605	0.29269749960624614	0.36835687520981064	0.4386297460945779	0.3253051637939368	0.41607799384793726	0.4670602078234483	0.4234908107221346	0.44738806629603955	0.47075697166343605	0.4271594750201135	0.44884209257238794	0.441140894842907	0.5066748619474313	0.491564682564053	0.5399837352728414	0.42736897037751204	0.4471077171763284	0.4017753000671147	0.3731242905957246	0.26171624081663963	0.3210142538512313	0.34735563388222235	0.2824871623326124	0.1999159004571616	0.255837694077955	0.27437162745419763
S13Hp	0.36172275194250747	0.3572198115012684	0.3572198115012684	0.3599916834257834	0.36656052622648494	0.38130344752068446	0.37322324904488857	0.4488678757550946	0.4480423163414542	0.3972463834087532	0.32754180171625324	0.4027799696410187	0.45260699248336766	0.2541033907491238	0.3066641729824097	0.0	0.07121328782918498	0.2544116803709716	0.22641130849110433	0.3198892473261481	0.2536157332348876	0.30187363979812576	0.3614691220573655	0.4173964872795352	0.3659222726928725	0.30022549249380015	0.25379854795238455	0.2633541728652774	0.37588881611876135	0.36688392619914556	0.4024157182733141	0.3949249503901924	0.4511630657191357	0.39074318918067275	0.43603351841232457	0.43561061819852376	0.4237565876106841	0.40614064788833926	0.387539437610657	0.4209173328200388	0.4181861994198245	0.3584662387377894	0.5490806969832973	0.3871631951479721	0.4097681771232766	0.7988468251489402	0.34437228390112573	0.4200316595046903	0.49030453038945754	0.3769799480888165	0.4677527781428169	0.518734992118328	0.4751655950170143	0.4990628505909192	0.5224317559583157	0.4788342593149931	0.5005168768672676	0.4928156791377867	0.558349646242311	0.5432394668589327	0.5916585195677211	0.4790437546723917	0.49878250147120806	0.45345008436199435	0.4247990748906042	0.3133910251115193	0.37268903814611093	0.39903041817710205	0.33416194662749205	0.2515906847520412	0.30751247837283463	0.3260464117490773
s13pp	0.34862616873635366	0.3441232282951146	0.3441232282951146	0.3468951002196296	0.35346394302033113	0.36820686431453065	0.36012666583873476	0.4357712925489408	0.4349457331353004	0.38414980020259937	0.31444521851009943	0.3896833864348649	0.43951040927721385	0.24100680754297	0.2935675897762559	0.07121328782918498	0.0	0.24131509716481778	0.2133147252849505	0.3067926641199943	0.24051915002873375	0.28877705659197195	0.34837253885121167	0.4042999040733814	0.35282568948671866	0.28712890928764634	0.24070196474623076	0.2502575896591236	0.36279223291260754	0.35378734299299175	0.3893191350671603	0.38182836718403856	0.4380664825129819	0.37764660597451893	0.42293693520617076	0.42251403499236995	0.41066000440453027	0.39304406468218545	0.3744428544045032	0.407820749613885	0.4050896162136707	0.34536965553163557	0.5359841137771435	0.3740666119418183	0.3966715939171228	0.7857502419427864	0.3312757006949719	0.4069350762985365	0.4772079471833037	0.3638833648826627	0.4546561949366631	0.5056384089121742	0.46206901181086046	0.4859662673847654	0.5093351727521619	0.4657376761088393	0.4874202936611138	0.47971909593163287	0.5452530630361572	0.5301428836527788	0.5785619363615673	0.4659471714662379	0.48568591826505425	0.44035350115584054	0.4117024916844504	0.3002944419053655	0.3595924549399571	0.38593383497094824	0.32106536342133823	0.23849410154588743	0.2944158951666808	0.31294982854292347
F7H1	0.341932231457376	0.33742929101613695	0.33742929101613695	0.34020116294065195	0.3467700057413535	0.36151292703555304	0.35343272855975705	0.42907735526996316	0.4282517958563227	0.37745586292362165	0.3077512812311218	0.38298944915588723	0.4328164719982362	0.23431287026399233	0.28687365249727825	0.2544116803709716	0.24131509716481778	0.0	0.09076538175349019	0.184243320588534	0.11796980649727346	0.28208311931299423	0.34167860157223395	0.39760596679440374	0.346131752207741	0.28043497200866874	0.2340080274672531	0.24356365238014593	0.3560982956336299	0.34709340571401404	0.38262519778818266	0.3751344299050609	0.43137254523400426	0.3709526686955412	0.4162429979271931	0.41582009771339223	0.4039660671255526	0.38635012740320773	0.3677489171255255	0.4011268123349073	0.398395678934693	0.33867571825265796	0.5292901764981659	0.3673726746628406	0.3899776566381451	0.7790563046638088	0.3245817634159943	0.4002411390195588	0.47051400990432607	0.357189427603685	0.44796225765768544	0.4989444716331965	0.4553750745318828	0.47927233010578774	0.5026412354731842	0.45904373882986166	0.4807263563821361	0.4730251586526552	0.5385591257571795	0.5234489463738012	0.5718679990825897	0.4592532341872602	0.4789919809860766	0.4336595638768629	0.4050085544054728	0.2936005046263878	0.35289851766097946	0.37923989769197053	0.3143714261423606	0.23180016426690978	0.28772195788770316	0.3062558912639458
s24pp	0.31393185957750874	0.3094289191362697	0.3094289191362697	0.3122007910607847	0.31876963386148627	0.3335125551556858	0.3254323566798898	0.4010769833900959	0.40025142397645547	0.3494554910437544	0.2797509093512545	0.35498907727601997	0.40481610011836894	0.20631249838412508	0.258873280617411	0.22641130849110433	0.2133147252849505	0.09076538175349019	0.0	0.10601362965662753	0.06071218295882849	0.254082747433127	0.3136782296923667	0.3696055949145365	0.31813138032787375	0.2524346001288015	0.20600765558738585	0.21556328050027868	0.3280979237537626	0.3190930338341468	0.3546248259083154	0.34713405802519365	0.403372173354137	0.34295229681567396	0.38824262604732585	0.387819725833525	0.37596569524568535	0.3583497555233405	0.33974854524565823	0.37312644045504006	0.37039530705482576	0.3106753463727907	0.5012898046182986	0.33937230278297337	0.36197728475827784	0.7510559327839414	0.29658139153612706	0.37224076713969156	0.4425136380244588	0.32918905572381774	0.4199618857778182	0.47094409975332924	0.42737470265201555	0.4512719582259205	0.474640863593317	0.4310433669499944	0.45272598450226886	0.44502478677278795	0.5105587538773122	0.4954485744939339	0.5438676272027223	0.43125286230739296	0.45099160910620933	0.4056591919969956	0.37700818252560553	0.26560013274652056	0.3248981457811122	0.35123952581210327	0.2863710542624933	0.20379979238704252	0.2597215860078359	0.27825551938407855
S3Hp	0.40740979841255254	0.4029068579713135	0.4029068579713135	0.4056787298958285	0.41224757269653	0.4269904939907295	0.41891029551493364	0.4945549222251397	0.49372936281149926	0.44293342987879825	0.3732288481862983	0.44846701611106377	0.49829403895341273	0.29979043721916887	0.3523512194524548	0.3198892473261481	0.3067926641199943	0.184243320588534	0.10601362965662753	0.0	0.1541901217938723	0.3475606862681708	0.40715616852741054	0.4630835337495803	0.41160931916291754	0.3459125389638452	0.2994855944224296	0.30904121933532247	0.4215758625888064	0.4125709726691906	0.4481027647433592	0.44061199686023744	0.4968501121891808	0.4364302356507178	0.48172056488236964	0.4812976646685688	0.46944363408072914	0.4518276943583843	0.4332264840807021	0.46660437929008386	0.46387324588986956	0.40415328520783445	0.5947677434533425	0.43285024161801716	0.4554552235933217	0.8445338716189853	0.3900593303711708	0.46571870597473536	0.5359915768595026	0.4226669945588616	0.513439824612862	0.564422038588373	0.5208526414870593	0.5447498970609643	0.5681188024283608	0.5245213057850382	0.5462039233373126	0.5385027256078317	0.6040366927123559	0.5889265133289777	0.6373455660377662	0.5247308011424368	0.5444695479412531	0.4991371308320394	0.47048612136064927	0.35907807158156435	0.418376084616156	0.4447174646471471	0.3798489930975371	0.2972777312220863	0.3531995248428797	0.37173345821912235
S27H1	0.341136284321292	0.33663334388005295	0.33663334388005295	0.33940521580456795	0.34597405860526953	0.36071697989946905	0.35263678142367305	0.42828140813387916	0.42745584872023873	0.37665991578753766	0.3069553340950378	0.38219350201980323	0.4320205248621522	0.23351692312790834	0.28607770536119426	0.2536157332348876	0.24051915002873375	0.11796980649727346	0.06071218295882849	0.1541901217938723	0.0	0.28128717217691024	0.34088265443614996	0.39681001965831975	0.345335805071657	0.27963902487258474	0.2332120803311691	0.24276770524406194	0.3553023484975459	0.34629745857793004	0.38182925065209866	0.3743384827689769	0.43057659809792026	0.3701567215594572	0.4154470507911091	0.41502415057730824	0.4031701199894686	0.38555418026712374	0.3669529699894415	0.4003308651988233	0.397599731798609	0.33787977111657397	0.5284942293620819	0.36657672752675663	0.3891817095020611	0.7782603575277247	0.3237858162799103	0.3994451918834748	0.4697180627682421	0.356393480467601	0.44716631052160144	0.4981485244971125	0.4545791273957988	0.47847638296970374	0.5018452883371003	0.45824779169377766	0.4799304092460521	0.4722292115165712	0.5377631786210955	0.5226529992377171	0.5710720519465056	0.4584572870511762	0.4781960338499926	0.4328636167407789	0.4042126072693888	0.2928045574903038	0.35210257052489546	0.37844395055588653	0.3135754790062766	0.23100421713082578	0.28692601075161916	0.3054599441278618
w11pp	0.30525743446334386	0.30075449402210475	0.30075449402210475	0.30352636594661975	0.3100952087473213	0.32483813004152085	0.3167579315657249	0.39240255827593096	0.3915769988622906	0.3407810659295895	0.27107648423708963	0.3463146521618551	0.39614167500420405	0.1976380732699602	0.25019885550324605	0.30187363979812576	0.28877705659197195	0.28208311931299423	0.254082747433127	0.3475606862681708	0.28128717217691024	0.0	0.12176659759153749	0.17769396281370722	0.12621974822704451	0.0605229680279722	0.13685100731214306	0.1464066322250359	0.25894127547851986	0.24993638555890402	0.28546817763307264	0.2779774097499509	0.3342155250788942	0.2737956485404312	0.31908597777208303	0.3186630775582822	0.30680904697044253	0.2891931072480977	0.27059189697041547	0.30396979217979725	0.301238658779583	0.2415186980975479	0.4321331563430558	0.27021565450773055	0.2928206364830351	0.6818992845086987	0.22742474326088424	0.30308411886444875	0.37335698974921605	0.260032407448575	0.3508052375025754	0.4017874514780865	0.3582180543767728	0.38211530995067766	0.4054842153180742	0.36188671867475164	0.38356933622702605	0.3758681384975452	0.4414021056020694	0.42629192621869116	0.4747109789274796	0.3620962140321502	0.3818349608309666	0.3365025437217528	0.3078515342503627	0.22682018713198376	0.2861182001665754	0.3124595801975665	0.24759110864795653	0.16501984677250572	0.22094164039329908	0.23947557376954176
s7pp	0.3648529167225836	0.36034997628134446	0.36034997628134446	0.36312184820585947	0.36969069100656105	0.38443361230076056	0.3763534138249646	0.4519980405351707	0.4511724811215303	0.40037654818882923	0.33067196649632935	0.4059101344210948	0.45573715726344377	0.2572335555291999	0.30979433776248577	0.3614691220573655	0.34837253885121167	0.34167860157223395	0.3136782296923667	0.40715616852741054	0.34088265443614996	0.12176659759153749	0.0	0.14101804877117885	0.08954383418451613	0.07201684302295074	0.19644648957138278	0.2060021144842756	0.3185367577377596	0.30953186781814374	0.34506365989231236	0.3375728920091906	0.3938110073381339	0.3333911307996709	0.37868146003132275	0.37825855981752193	0.36640452922968225	0.34878858950733743	0.3301873792296552	0.36356527443903697	0.3608341410388227	0.3011141803567876	0.49172863860229554	0.32981113676697027	0.3524161187422748	0.7414947667679385	0.28702022552012396	0.36267960112368847	0.43295247200845577	0.3196278897078147	0.41040071976181514	0.4613829337373262	0.4178135366360125	0.4417107922099174	0.46507969757731393	0.42148220093399136	0.44316481848626577	0.4354636207567849	0.5009975878613091	0.4858874084779309	0.5343064611867193	0.4216916962913899	0.4414304430902063	0.39609802598099253	0.36744701650960243	0.2864156693912235	0.3457136824258151	0.3720550624568062	0.30718659090719624	0.22461532903174544	0.28053712265253883	0.2990710560287815
S9H1	0.4207802819447533	0.41627734150351425	0.41627734150351425	0.41904921342802925	0.42561805622873083	0.44036097752293035	0.43228077904713436	0.5079254057573405	0.5070998463437	0.45630391341099896	0.3865993317184991	0.46183749964326454	0.5116645224856136	0.3131609207513697	0.36572170298465556	0.4173964872795352	0.4042999040733814	0.39760596679440374	0.3696055949145365	0.4630835337495803	0.39681001965831975	0.17769396281370722	0.14101804877117885	0.0	0.09847287482556931	0.12794420824512046	0.25237385479355257	0.26192947970644537	0.3744641229599293	0.36545923304031347	0.4009910251144821	0.39350025723136034	0.4497383725603037	0.38931849602184065	0.43460882525349254	0.43418592503969167	0.42233189445185204	0.40471595472950717	0.3861147444518249	0.41949263966120676	0.41676150626099245	0.3570415455789574	0.5476560038244653	0.38573850198914006	0.40834348396444453	0.7974221319901083	0.34294759074229375	0.41860696634585826	0.4888798372306255	0.37555525492998443	0.46632808498398487	0.517310298959496	0.47374090185818224	0.49763815743208717	0.5210070627994836	0.4774095661561611	0.49909218370843556	0.49139098597895464	0.5569249530834789	0.5418147737001007	0.5902338264088891	0.47761906151355965	0.497357808312376	0.4520253912031623	0.4233743817317722	0.34234303461339327	0.4016410476479849	0.427982427678976	0.36311395612936603	0.2805426942539152	0.3364644878747086	0.35499842125095127
s1pp	0.3693060673580906	0.3648031269168515	0.3648031269168515	0.3675749988413665	0.37414384164206804	0.38888676293626756	0.3808065644604717	0.45645119117067773	0.4556256317570373	0.4048296988243363	0.33512511713183635	0.4103632850566018	0.46019030789895077	0.2616867061647069	0.3142474883979928	0.3659222726928725	0.35282568948671866	0.346131752207741	0.31813138032787375	0.41160931916291754	0.345335805071657	0.12621974822704451	0.08954383418451613	0.09847287482556931	0.0	0.07646999365845776	0.2008996402068898	0.21045526511978263	0.3229899083732666	0.3139850184536508	0.34951681052781935	0.3420260426446976	0.39826415797364095	0.337844281435178	0.3831346106668298	0.382711710453029	0.3708576798651893	0.3532417401428445	0.33464052986516224	0.368018425074544	0.3652872916743297	0.3055673309922946	0.4961817892378026	0.3342642874024773	0.35686926937778185	0.7459479174034455	0.29147337615563096	0.3671327517591955	0.43740562264396277	0.32408104034332175	0.41485387039732213	0.4658360843728332	0.4222666872715195	0.44616394284542443	0.46953284821282093	0.42593535156949835	0.4476179691217728	0.4399167713922919	0.5054507384968161	0.4903405591134379	0.5387596118222263	0.4261448469268969	0.4458835937257133	0.4005511766164996	0.37190016714510943	0.29086882002673053	0.3501668330613222	0.3765082130923133	0.3116397415427033	0.2290684796672525	0.2849902732880459	0.30352420666428853
s11pp	0.30360928715901825	0.29910634671777925	0.29910634671777925	0.30187821864229425	0.3084470614429958	0.3231899827371953	0.31510978426139935	0.39075441097160546	0.389928851557965	0.33913291862526396	0.269428336932764	0.3446665048575295	0.39449352769987844	0.19598992596563464	0.24855070819892053	0.30022549249380015	0.28712890928764634	0.28043497200866874	0.2524346001288015	0.3459125389638452	0.27963902487258474	0.0605229680279722	0.07201684302295074	0.12794420824512046	0.07646999365845776	0.0	0.1352028600078175	0.14475848492071033	0.25729312817419425	0.24828823825457846	0.28382003032874703	0.2763292624456253	0.3325673777745687	0.27214750123610565	0.31743783046775753	0.31701493025395666	0.30516089966611704	0.28754495994377216	0.2689437496660899	0.30232164487547175	0.2995905114752574	0.23987055079322234	0.4304850090387303	0.26856750720340505	0.2911724891787095	0.6802511372043731	0.2257765959565587	0.30143597156012325	0.37170884244489044	0.2583842601442494	0.3491570901982498	0.40013930417376087	0.3565699070724472	0.38046716264635216	0.4038360680137486	0.36023857137042603	0.38192118892270055	0.3742199911932196	0.4397539582977439	0.42464377891436556	0.473062831623154	0.3604480667278246	0.38018681352664097	0.3348543964174273	0.30620338694603716	0.2251720398276582	0.28447005286224986	0.310811432893241	0.24594296134363097	0.16337169946818017	0.21929349308897353	0.2378274264652162
s25pp	0.25718234261760264	0.2526794021763636	0.2526794021763636	0.2554512741008786	0.26202011690158017	0.2767630381957797	0.26868283971998375	0.3443274664301898	0.34350190701654937	0.29270597408384835	0.22300139239134845	0.29823956031611387	0.34806658315846284	0.14956298142421903	0.20212376365750492	0.25379854795238455	0.24070196474623076	0.2340080274672531	0.20600765558738585	0.2994855944224296	0.2332120803311691	0.13685100731214306	0.19644648957138278	0.25237385479355257	0.2008996402068898	0.1352028600078175	0.0	0.046872405386387844	0.1594070486398718	0.15040215872025597	0.18593395079442457	0.17844318291130282	0.23468129824024617	0.17426142170178316	0.219551750933435	0.24854575402000822	0.23669172343216857	0.21907578370982372	0.20047457343214148	0.2338524686415233	0.23112133524130898	0.1714013745592739	0.3620158328047819	0.2000983309694566	0.2227033129447611	0.6117819609704247	0.15730741972261025	0.23296679532617479	0.303239666210942	0.18991508391030099	0.28068791396430137	0.33167012793981243	0.28810073083849874	0.3119979864124037	0.33536689177980017	0.2917693951364776	0.3134520126887521	0.30575081495927114	0.37128478206379545	0.3561746026804171	0.40459365538920555	0.29197889049387615	0.31171763729269253	0.2663852201834789	0.23773421071208872	0.1787450952862426	0.23804310832083425	0.2643844883518254	0.19951601680221537	0.11694475492676457	0.17286654854755792	0.1914004819238006
s19pp	0.2667379675304955	0.26223502708925644	0.26223502708925644	0.26500689901377145	0.27157574181447297	0.2863186631086725	0.2782384646328766	0.35388309134308266	0.3530575319294422	0.3022615989967412	0.23255701730424128	0.30779518522900673	0.3576222080713557	0.15911860633711186	0.21167938857039775	0.2633541728652774	0.2502575896591236	0.24356365238014593	0.21556328050027868	0.30904121933532247	0.24276770524406194	0.1464066322250359	0.2060021144842756	0.26192947970644537	0.21045526511978263	0.14475848492071033	0.046872405386387844	0.0	0.13002906917843005	0.12102417925881423	0.15655597133298282	0.14906520344986107	0.20530331877880442	0.14488344224034141	0.19017377147199327	0.2581013789329011	0.2462473483450614	0.22863140862271655	0.2100301983450343	0.24340809355441612	0.2406769601542018	0.18095699947216673	0.3715714577176747	0.20965395588234942	0.23225893785765392	0.6213375858833176	0.16686304463550308	0.24252242023906762	0.31279529112383486	0.19947070882319382	0.29024353887719423	0.3412257528527053	0.2976563557513916	0.32155361132529653	0.344922516692693	0.30132502004937045	0.3230076376016449	0.315306439872164	0.38084040697668825	0.36573022759331	0.4141492803020984	0.301534515406769	0.3212732622055854	0.2759408450963717	0.24728983562498155	0.18830072019913546	0.2475987332337271	0.2739401132647182	0.20907164171510823	0.1265003798396574	0.18242217346045078	0.20095610683669346
