	f7pp	w24pp	w14pp	F3H1	F6H1	f4pp	S2Hp	F1H1	S9H1	F7H1	F16H1	w25pp	s28pp	S28Hp	S27H1	f8pp	w17pp	F8H1	S14Hp	S13Hp	S1Hp	F32H1	F23HpA	s24H1	S11Hp	w23pp	f21pp	S12Hp	w3pp	S8Hp	S4Hp	F22HpB	S26Hp	S22Hp	31300	S18H1	S29H1	S19H1	f6ppA	530451	w13pp	s29pp	w20pp	f16ppA	f16ppB	w16pp	f32pp	f25pp	S3Hp	F14H1A	S15Hp	s24pp	f31pp	f6ppB	f24pp	S17H1	F14H1B	S7Hp	f1pp	f12ppB	w11pp
f7pp	0.0	0.09704481557172273	0.16346045310765664	0.25471184519846657	0.25278908338290973	0.19565092418750793	0.2734259273024353	0.3242766016002957	0.2789834746568516	0.287343272845275	0.2912118002666171	0.21867392254126652	0.2514859807375383	0.2808109338340666	0.26896404022917086	0.1710186305107033	0.20535848658887557	0.30540764113892255	0.27606138594188234	0.296991505784445	0.22495442289764567	0.2888713931193991	0.29642890545972833	0.32005628547512494	0.2836208860952431	0.25088139700268325	0.22363293912714707	0.15916090497503022	0.18631142643621004	0.19303059996008431	0.23327721935266008	0.3226952396537504	0.38418781694265786	0.5237500775076279	0.5442568837235863	0.277183467433935	0.31405028712381844	0.33644608407227866	0.19262379334362623	0.29819732827297335	0.23779799569571403	0.2575486370902898	0.21443230545800226	0.2371919782376748	0.2480664007294398	0.25158657847919474	0.25349146846083587	0.2219190072914338	0.3003919741184032	0.27257028873328343	0.2791850353370272	0.2836913208365379	0.20835784100035276	0.1801639841728751	0.15887596972616722	0.2457315766320608	0.26682092001513313	0.2526133186031641	0.15011634374205116	0.12729504557705398	0.13528704679155895
w24pp	0.09704481557172273	0.0	0.14954793812002082	0.24079933021083078	0.23887656839527394	0.1817384091998721	0.2595134123147995	0.3103640866126599	0.2650709596692158	0.27343075785763915	0.2772992852789813	0.2047614075536307	0.2375734657499025	0.26689841884643073	0.25505152524153507	0.15710611552306747	0.19144597160123974	0.2914951261512867	0.26214887095424655	0.2830789907968092	0.21104190791000985	0.2749588781317633	0.28251639047209254	0.30614377048748914	0.26970837110760726	0.23696888201504746	0.20972042413951125	0.14524838998739442	0.17239891144857422	0.1791180849724485	0.21936470436502425	0.3087827246661146	0.37027530195502206	0.509837562519992	0.5303443687359504	0.2632709524462992	0.30013777213618265	0.32253356908464287	0.1787112783559904	0.28428481328533756	0.2238854807080782	0.24363612210265398	0.20051979047036644	0.22327946325003897	0.23415388574180399	0.23767406349155892	0.23957895347320007	0.20800649230379797	0.2864794591307674	0.2586577737456476	0.2652725203493914	0.2697788058489021	0.19444532601271694	0.16625146918523928	0.1449634547385314	0.23181906164442498	0.25290840502749734	0.2387008036155283	0.13620382875441533	0.11338253058941818	0.12137453180392314
w14pp	0.16346045310765664	0.14954793812002082	0.0	0.23762141002859105	0.2356986482130342	0.1955919697421167	0.27336697285704414	0.32421764715490453	0.27892452021146036	0.2872843183998838	0.29115284582122586	0.2186149680958753	0.2514270262921471	0.28075197938867535	0.26890508578377964	0.1709596760653121	0.20529953214348434	0.3053486866935313	0.2760024314964912	0.29693255133905383	0.22489546845225444	0.28881243867400785	0.29636995101433716	0.31999733102973377	0.2835619316498519	0.250822442557292	0.22357398468175585	0.15910195052963902	0.18625247199081885	0.1929716455146931	0.23321826490726885	0.32263628520835924	0.38412886249726663	0.5236911230622366	0.544197929278195	0.2771245129885438	0.31399133267842727	0.33638712962688744	0.192564838898235	0.2981383738275821	0.2377390412503228	0.2574896826448986	0.21437335101261104	0.23713302379228357	0.24800744628404858	0.2515276240338035	0.25343251401544464	0.22186005284604257	0.30033301967301196	0.2725113342878922	0.27912608089163604	0.28363236639114675	0.20829888655496154	0.18010502972748388	0.15881701528077602	0.24567262218666958	0.2667619655697419	0.2525543641577729	0.17708819067523662	0.15426689251023948	0.1754842623711098
F3H1	0.25471184519846657	0.24079933021083078	0.23762141002859105	0.0	0.2767606990626347	0.28684336183292664	0.36461836494785405	0.41546903924571443	0.3701759123022703	0.3785357104906937	0.3824042379120358	0.30986636018668523	0.34267841838295704	0.37200337147948526	0.3601564778745896	0.26221106815612205	0.2965509242342943	0.3966000787843412	0.3672538235873011	0.38818394342986373	0.3161468605430644	0.3800638307648178	0.38762134310514706	0.4112487231205437	0.3748133237406618	0.342073834648102	0.3148253767725658	0.25035334262044895	0.27750386408162875	0.28422303760550305	0.3244696569980788	0.4138876772991692	0.4753802545880766	0.6149425151530465	0.6354493213690049	0.36837590507935375	0.4052427247692372	0.4276385217176974	0.28381623098904496	0.3893897659183921	0.32899043334113276	0.3487410747357085	0.30562474310342097	0.32838441588309353	0.3392588383748585	0.3427790161246135	0.3446839061062546	0.3131114449368525	0.3915844117638219	0.3637627263787021	0.37037747298244594	0.37488375848195665	0.29955027864577144	0.27135642181829384	0.250068407371586	0.33692401427747953	0.35801335766055187	0.34380575624858284	0.2683395827660466	0.2455182846010494	0.26673565446191977
F6H1	0.25278908338290973	0.23887656839527394	0.2356986482130342	0.2767606990626347	0.0	0.2849206000173698	0.3626956031322972	0.4135462774301576	0.3682531504867135	0.37661294867513684	0.380481476096479	0.3079435983711284	0.3407556565674002	0.3700806096639284	0.35823371605903276	0.2602883063405652	0.29462816241873746	0.3946773169687844	0.36533106177174424	0.3862611816143069	0.31422409872750756	0.37814106894926097	0.3856985812895902	0.4093259613049869	0.37289056192510495	0.34015107283254514	0.31290261495700894	0.2484305808048921	0.2755811022660719	0.2823002757899462	0.32254689518252194	0.41196491548361236	0.47345749277251975	0.6130197533374897	0.633526559553448	0.3664531432637969	0.40331996295368033	0.42571575990214056	0.2818934691734881	0.38746700410283524	0.3270676715255759	0.34681831292015164	0.30370198128786413	0.3264616540675367	0.33733607655930165	0.34085625430905664	0.34276114429069776	0.31118868312129566	0.3896616499482651	0.36183996456314527	0.3684547111668891	0.3729609966663998	0.2976275168302146	0.269433660002737	0.2481456455560291	0.3350012524619227	0.35609059584499503	0.341882994433026	0.26641682095048974	0.24359552278549257	0.26481289264636293
f4pp	0.19565092418750793	0.1817384091998721	0.1955919697421167	0.28684336183292664	0.2849206000173698	0.0	0.2051079349587581	0.2559586092566185	0.24353194475483642	0.25189174294325983	0.2557602703646019	0.18322239263925133	0.21603445083552317	0.2453594039320514	0.2335125103271557	0.14795058862159222	0.18229044469976446	0.28233959924981145	0.2529933440527713	0.27392346389533395	0.20188638100853457	0.26580335123028803	0.2733608635706173	0.2969882435860139	0.260552844206132	0.2278133551135722	0.20056489723803597	0.13609286308591914	0.1768350065133316	0.1835541800372058	0.2238007994297816	0.31321881973087196	0.37471139701977935	0.5142736575847493	0.5347804638007077	0.26770704751105656	0.30457386720094	0.3269696641494002	0.18314737342074772	0.2887209083500949	0.22832157577283554	0.24807221716741132	0.20495588553512378	0.2277155583147963	0.23858998080656132	0.24211015855631626	0.2440150485379574	0.2124425873685553	0.29091555419552473	0.263093868810405	0.26970861541414876	0.27421490091365947	0.19888142107747428	0.19250588855673384	0.17121787411002595	0.25807348101591954	0.27916282439899187	0.26495522298702284	0.2092786617550879	0.18645736359009074	0.2076747334509611
S2Hp	0.2734259273024353	0.2595134123147995	0.27336697285704414	0.36461836494785405	0.3626956031322972	0.2051079349587581	0.0	0.3186930697352624	0.3213069478697639	0.32966674605818724	0.3335352734795294	0.2609973957541788	0.2938094539504506	0.3231344070469788	0.31128751344208316	0.22572559173651963	0.2600654478146919	0.3601146023647389	0.3307683471676987	0.35169846701026136	0.279661384123462	0.34357835434521544	0.3511358666855447	0.3747632467009413	0.33832784732105947	0.3055883582284996	0.2783399003529634	0.21386786620084658	0.25461000962825897	0.2613291831521332	0.301575802544709	0.3909938228457994	0.45248640013470676	0.5920486606996768	0.6125554669156351	0.34548205062598397	0.3823488703158674	0.40474466726432756	0.2609223765356751	0.3664959114650223	0.306096578887763	0.3258472202823387	0.2827308886500512	0.30549056142972375	0.3163649839214887	0.3198851616712437	0.3217900516528848	0.2902175904834827	0.36869055731045214	0.34086887192533233	0.34748361852907617	0.3519899040285869	0.27665642419240166	0.27028089167166125	0.24899287722495336	0.3358484841308469	0.3569378275139192	0.34273022610195025	0.2870536648700153	0.26423236670501815	0.2854497365658885
F1H1	0.3242766016002957	0.3103640866126599	0.32421764715490453	0.41546903924571443	0.4135462774301576	0.2559586092566185	0.3186930697352624	0.0	0.37215762216762427	0.38051742035604763	0.38438594777738977	0.3118480700520392	0.344660128248311	0.3739850813448392	0.36213818773994355	0.27657626603438	0.31091612211255226	0.4109652766625993	0.3816190214655591	0.40254914130812175	0.33051205842132236	0.39442902864307583	0.4019865409834051	0.4256139209988017	0.38917852161891986	0.35643903252636	0.3291905746508238	0.26471854049870697	0.30546068392611936	0.3121798574499936	0.3524264768425694	0.4418444971436598	0.5033370744325671	0.6428993349975372	0.6634061412134955	0.39633272492384436	0.4331995446137278	0.45559534156218795	0.3117730508335355	0.4173465857628827	0.35694725318562337	0.3766978945801991	0.3335815629479116	0.35634123572758414	0.3672156582193491	0.3707358359691041	0.3726407259507452	0.3410682647813431	0.4195412316083125	0.3917195462231927	0.39833429282693655	0.40284057832644726	0.32750709849026205	0.32113156596952164	0.2998435515228137	0.3866991584287073	0.4077885018117796	0.39358090039981064	0.3379043391678757	0.31508304100287854	0.3363004108637489
S9H1	0.2789834746568516	0.2650709596692158	0.27892452021146036	0.3701759123022703	0.3682531504867135	0.24353194475483642	0.3213069478697639	0.37215762216762427	0.0	0.2798141332898206	0.28368266071116266	0.25025121362088626	0.28306327181715807	0.31238822491368634	0.3005413313087906	0.23128313909093587	0.26562299516910814	0.3656721497191551	0.3363258945221149	0.3572560143646776	0.28521893147787825	0.3491359016996317	0.3566934140399609	0.38032079405535757	0.3438853946754757	0.3111459055829159	0.2838974477073796	0.21942541355526282	0.26016755698267524	0.2668867305065495	0.3071333498991252	0.39655137020021564	0.458043947489123	0.597606208054093	0.6181130142700514	0.3510395979804002	0.38790641767028367	0.41030221461874383	0.2664799238900914	0.3720534588194385	0.3116541262421792	0.33140476763675497	0.2882884360044674	0.31104810878413996	0.321922531275905	0.3254427090256599	0.32734759900730104	0.295775137837899	0.37424810466486835	0.3464264192797486	0.35304116588349244	0.35754745138300315	0.28221397154681793	0.27583843902607746	0.2545504245793696	0.34140603148526316	0.3624953748683355	0.3482877734563665	0.29261121222443154	0.2697899140594344	0.2910072839203047
F7H1	0.287343272845275	0.27343075785763915	0.2872843183998838	0.3785357104906937	0.37661294867513684	0.25189174294325983	0.32966674605818724	0.38051742035604763	0.2798141332898206	0.0	0.24396661791982885	0.2586110118093097	0.29142307000558154	0.32074802310210976	0.30890112949721404	0.23964293727935929	0.27398279335753156	0.37403194790757854	0.3446856927105384	0.36561581255310105	0.2935787296663016	0.3574956998880551	0.3650532122283844	0.388680592243781	0.3522451928638991	0.31950570377133924	0.29225724589580304	0.22778521174368624	0.26852735517109866	0.2752465286949729	0.3154931480875487	0.40491116838863905	0.4664037456775464	0.6059660062425164	0.6264728124584747	0.35939939616882366	0.396266215858707	0.41866201280716725	0.2748397220785148	0.380413257007862	0.3200139244306026	0.3397645658251784	0.2966482341928909	0.3194079069725634	0.3302823294643284	0.33380250721408333	0.3357073971957245	0.30413493602632236	0.3826079028532918	0.354786217468172	0.3614009640719158	0.3659072495714265	0.29057376973524135	0.2841982372145009	0.262910222767793	0.3497658296736866	0.3708551730567589	0.3566475716447899	0.300971010412855	0.27814971224785784	0.29936708210872814
F16H1	0.2912118002666171	0.2772992852789813	0.29115284582122586	0.3824042379120358	0.380481476096479	0.2557602703646019	0.3335352734795294	0.38438594777738977	0.28368266071116266	0.24396661791982885	0.0	0.26247953923065176	0.29529159742692357	0.32461655052345184	0.3127696569185561	0.24351146470070137	0.27785132077887364	0.3779004753289206	0.3485542201318804	0.3694843399744431	0.29744725708764375	0.3613642273093972	0.3689217396497264	0.39254911966512307	0.3561137202852412	0.3233742311926814	0.2961257733171451	0.23165373916502832	0.27239588259244074	0.279115056116315	0.3193616755088907	0.40877969580998114	0.4702722730988885	0.6098345336638585	0.6303413398798169	0.3632679235901657	0.40013474328004917	0.42253054022850933	0.2787082494998569	0.384281784429204	0.3238824518519447	0.34363309324652047	0.3005167616142329	0.32327643439390547	0.3341508568856705	0.3376710346354254	0.33957592461706654	0.3080034634476645	0.38647643027463385	0.3586547448895141	0.36526949149325794	0.36977577699276865	0.29444229715658343	0.28806676463584296	0.2667787501891351	0.35363435709502866	0.374723700478101	0.360516099066132	0.30483953783419704	0.2820182396691999	0.3032356095300702
w25pp	0.21867392254126652	0.2047614075536307	0.2186149680958753	0.30986636018668523	0.3079435983711284	0.18322239263925133	0.2609973957541788	0.3118480700520392	0.25025121362088626	0.2586110118093097	0.26247953923065176	0.0	0.19813687239831612	0.22746182549484434	0.21561493188994862	0.1709735869753508	0.20531344305352306	0.30536259760357004	0.2760163424065299	0.29694646224909255	0.22490937936229316	0.2888263495840466	0.2963838619243759	0.3200112419397725	0.2835758425598906	0.2508363534673308	0.22358789559179457	0.15911586143967774	0.19985800486709018	0.2065771783909644	0.2468237977835402	0.3362418180846306	0.39773439537353794	0.537296655938508	0.5578034621544663	0.29073004586481516	0.3275968655546986	0.34999266250315875	0.2061703717745063	0.3117439067038535	0.25134457412659417	0.2710952155211699	0.22797888388888238	0.25073855666855493	0.2616129791603199	0.2651331569100749	0.267038046891716	0.2354655857223139	0.3139385525492833	0.2861168671641635	0.29273161376790735	0.29723789926741806	0.22190441943123287	0.21552888691049243	0.19424087246378455	0.2810964793696781	0.3021858227527504	0.28797822134078144	0.2323016601088465	0.20948036194384934	0.2306977318047197
s28pp	0.2514859807375383	0.2375734657499025	0.2514270262921471	0.34267841838295704	0.3407556565674002	0.21603445083552317	0.2938094539504506	0.344660128248311	0.28306327181715807	0.29142307000558154	0.29529159742692357	0.19813687239831612	0.0	0.12831904506416042	0.21248455845867673	0.20378564517162262	0.23812550124979487	0.33817465579984185	0.3088284006028017	0.32975852044536436	0.25772143755856497	0.32163840778031844	0.3291959201206477	0.35282330013604435	0.3163879007561624	0.2836484116636026	0.2563999537880664	0.19192791963594957	0.232670063063362	0.2393892365872362	0.279635855979812	0.36905387628090236	0.43054645356980975	0.5701087141347798	0.5906155203507382	0.32354210406108697	0.3604089237509704	0.3828047206994306	0.23898242997077812	0.3445559649001253	0.2841566323228659	0.30390727371744175	0.2607909420851542	0.2835506148648267	0.29442503735659176	0.29794521510634664	0.2998501050879878	0.2682776439185857	0.34675061074555513	0.3189289253604354	0.32554367196417916	0.33004995746368987	0.2547164776275047	0.24834094510676424	0.22705293066005636	0.31390853756594994	0.3349978809490223	0.32079027953705325	0.2651137183051183	0.24229242014012115	0.2635097900009915
S28Hp	0.2808109338340666	0.26689841884643073	0.28075197938867535	0.37200337147948526	0.3700806096639284	0.2453594039320514	0.3231344070469788	0.3739850813448392	0.31238822491368634	0.32074802310210976	0.32461655052345184	0.22746182549484434	0.12831904506416042	0.0	0.24180951155520497	0.23311059826815086	0.26745045434632314	0.3674996088963701	0.33815335369933	0.35908347354189263	0.2870463906550932	0.35096336087684665	0.35852087321717596	0.38214825323257257	0.3457128538526907	0.3129733647601308	0.2857249068845946	0.22125287273247782	0.26199501615989024	0.2687141896837645	0.30896080907634027	0.39837882937743063	0.45987140666633797	0.599433667231308	0.6199404734472663	0.35286705715761524	0.3897338768474986	0.41212967379595883	0.2683073830673064	0.3738809179966536	0.3134815854193942	0.33323222681396997	0.29011589518168246	0.31287556796135496	0.32374999045312	0.3272701682028749	0.3291750581845161	0.29760259701511393	0.3760755638420834	0.3482538784569636	0.3548686250607074	0.3593749105602181	0.28404143072403293	0.27766589820329246	0.2563778837565846	0.34323349066247816	0.3643228340455505	0.35011523263358146	0.2944386714016466	0.2716173732366494	0.2928347430975197
S27H1	0.26896404022917086	0.25505152524153507	0.26890508578377964	0.3601564778745896	0.35823371605903276	0.2335125103271557	0.31128751344208316	0.36213818773994355	0.3005413313087906	0.30890112949721404	0.3127696569185561	0.21561493188994862	0.21248455845867673	0.24180951155520497	0.0	0.22126370466325515	0.2556035607414274	0.3556527152914744	0.3263064600944342	0.34723657993699686	0.27519949705019753	0.339116467271951	0.3466739796122802	0.37030135962767685	0.33386596024779497	0.30112647115523516	0.2738780132796989	0.2094059791275821	0.2501481225549945	0.25686729607886877	0.2971139154714445	0.3865319357725349	0.4480245130614423	0.5875867736264123	0.6080935798423707	0.34102016355271947	0.37788698324260295	0.4002827801910631	0.2564604894624107	0.3620340243917578	0.3016346918144985	0.32138533320907425	0.2782690015767867	0.30102867435645925	0.31190309684822426	0.3154232745979792	0.3173281645796203	0.2857557034102183	0.36422867023718764	0.3364069848520679	0.3430217314558117	0.3475280169553224	0.2721945371191372	0.26581900459839675	0.2445309901516889	0.33138659705758244	0.3524759404406548	0.3382683390286858	0.2825917777967508	0.2597704796317537	0.280987849492624
f8pp	0.1710186305107033	0.15710611552306747	0.1709596760653121	0.26221106815612205	0.2602883063405652	0.14795058862159222	0.22572559173651963	0.27657626603438	0.23128313909093587	0.23964293727935929	0.24351146470070137	0.1709735869753508	0.20378564517162262	0.23311059826815086	0.22126370466325515	0.0	0.12794574212717602	0.227994896677223	0.1986486414801828	0.21957876132274545	0.1475416784359461	0.21145864865769953	0.21901616099802879	0.24264354101342545	0.20620814163354356	0.1734686525409837	0.1462201946654475	0.10224141906909236	0.15220271283652698	0.1589218863604012	0.19916850575297695	0.28858652605406737	0.3500791033429747	0.4896413639079447	0.5101481701239031	0.24307475383425192	0.27994157352413535	0.30233737047259557	0.1585150797439431	0.26408861467329026	0.20368928209603093	0.2234399234906067	0.18032359185831914	0.2030832646379917	0.2139576871297567	0.21747786487951165	0.21938275486115277	0.18781029369175067	0.2662832605187201	0.23846157513360033	0.24507632173734412	0.24958260723685483	0.17424912740066967	0.1678735948799292	0.14658558043322134	0.2334411873391149	0.25453053072218723	0.24032292931021823	0.18464636807828327	0.16182506991328613	0.18304243977415646
w17pp	0.20535848658887557	0.19144597160123974	0.20529953214348434	0.2965509242342943	0.29462816241873746	0.18229044469976446	0.2600654478146919	0.31091612211255226	0.26562299516910814	0.27398279335753156	0.27785132077887364	0.20531344305352306	0.23812550124979487	0.26745045434632314	0.2556035607414274	0.12794574212717602	0.0	0.22537370759883102	0.1960274524017908	0.21695757224435347	0.14492048935755408	0.23628466106397747	0.24384217340430672	0.26746955341970335	0.23103415403982147	0.19829466494726167	0.17104620707172544	0.13658127514726462	0.18654256891469922	0.19326174243857347	0.23350836183114923	0.3229263821322396	0.384418959421147	0.523981219986117	0.5444880262020754	0.27741460991242417	0.31428142960230765	0.3366772265507678	0.19285493582211538	0.2984284707514625	0.23802913817420318	0.25777977956877896	0.21466344793649142	0.23742312071616395	0.24829754320792896	0.2518177209576839	0.253722610939325	0.22215014976992295	0.30062311659689234	0.2728014312117726	0.2794161778155164	0.28392246331502713	0.20858898347884192	0.20221345095810145	0.1809254365113936	0.26778104341728715	0.2888703868003595	0.2746627853883905	0.21898622415645555	0.19616492599145838	0.2173822958523287
F8H1	0.30540764113892255	0.2914951261512867	0.3053486866935313	0.3966000787843412	0.3946773169687844	0.28233959924981145	0.3601146023647389	0.4109652766625993	0.3656721497191551	0.37403194790757854	0.3779004753289206	0.30536259760357004	0.33817465579984185	0.3674996088963701	0.3556527152914744	0.227994896677223	0.22537370759883102	0.0	0.2760868747612423	0.29701699460380493	0.22497991171700554	0.3363338156140244	0.34389132795435373	0.36751870796975034	0.33108330858986845	0.29834381949730865	0.2710953616217724	0.2366304296973116	0.2865917234647462	0.29331089698862045	0.33355751638119624	0.4229755366822866	0.48446811397119394	0.624030374536164	0.6445371807521223	0.3774637644624712	0.4143305841523546	0.4367263811008148	0.29290409037216236	0.39847762530150954	0.33807829272425016	0.35782893411882594	0.31471260248653843	0.33747227526621093	0.34834669775797594	0.3518668755077309	0.35377176548937206	0.3221993043199699	0.4006722711469394	0.37285058576181956	0.37946533236556335	0.38397161786507406	0.3086381380288889	0.30226260550814843	0.28097459106144057	0.3678301979673341	0.38891954135040646	0.37471193993843743	0.31903537870650256	0.2962140805415054	0.3174314504023757
S14Hp	0.27606138594188234	0.26214887095424655	0.2760024314964912	0.3672538235873011	0.36533106177174424	0.2529933440527713	0.3307683471676987	0.3816190214655591	0.3363258945221149	0.3446856927105384	0.3485542201318804	0.2760163424065299	0.3088284006028017	0.33815335369933	0.3263064600944342	0.1986486414801828	0.1960274524017908	0.2760868747612423	0.0	0.23848863633699213	0.16645155345019275	0.3069875604169843	0.3145450727573135	0.33817245277271013	0.3017370533928283	0.26899756430026844	0.24174910642473224	0.20728417450027142	0.257245468267706	0.26396464179158025	0.30421126118415603	0.39362928148524645	0.4551218587741538	0.5946841193391238	0.6151909255550821	0.348117509265431	0.3849843289553144	0.4073801259037746	0.26355783517512216	0.36913137010446934	0.30873203752721	0.32848267892178573	0.2853663472894982	0.3081260200691708	0.31900044256093574	0.32252062031069073	0.32442551029233185	0.29285304912292975	0.37132601594989917	0.34350433056477936	0.3501190771685232	0.3546253626680339	0.2792918828318487	0.2729163503111083	0.25162833586440037	0.3384839427702939	0.35957328615336626	0.3453656847413973	0.28968912350946235	0.2668678253444652	0.28808519520533554
S13Hp	0.296991505784445	0.2830789907968092	0.29693255133905383	0.38818394342986373	0.3862611816143069	0.27392346389533395	0.35169846701026136	0.40254914130812175	0.3572560143646776	0.36561581255310105	0.3694843399744431	0.29694646224909255	0.32975852044536436	0.35908347354189263	0.34723657993699686	0.21957876132274545	0.21695757224435347	0.29701699460380493	0.23848863633699213	0.0	0.10901605650093817	0.32791768025954693	0.3354751925998762	0.3591025726152728	0.32266717323539096	0.2899276841428311	0.2626792262672949	0.22821429434283408	0.27817558811026866	0.2848947616341429	0.3251413810267187	0.4145594013278091	0.47605197861671644	0.6156142391816865	0.6361210453976448	0.36904762910799366	0.4059144487978771	0.42831024574633725	0.2844879550176848	0.390061489947032	0.32966215736977267	0.3494127987643484	0.3062964671320609	0.32905613991173344	0.3399305624034984	0.3434507401532534	0.3453556301348945	0.3137831689654924	0.3922561357924618	0.364434450407342	0.37104919701108585	0.37555548251059656	0.30022200267441135	0.29384647015367094	0.272558455706963	0.3594140626128566	0.3805034059959289	0.36629580458395994	0.310619243352025	0.28779794518702784	0.3090153150478982
S1Hp	0.22495442289764567	0.21104190791000985	0.22489546845225444	0.3161468605430644	0.31422409872750756	0.20188638100853457	0.279661384123462	0.33051205842132236	0.28521893147787825	0.2935787296663016	0.29744725708764375	0.22490937936229316	0.25772143755856497	0.2870463906550932	0.27519949705019753	0.1475416784359461	0.14492048935755408	0.22497991171700554	0.16645155345019275	0.10901605650093817	0.0	0.25588059737274754	0.2634381097130768	0.28706548972847346	0.25063009034859157	0.21789060125603174	0.1906421433804955	0.1561772114560347	0.20613850522346933	0.21285767874734354	0.2531042981399193	0.3425223184410097	0.40401489572991706	0.5435771562948871	0.5640839625108455	0.29701054622119427	0.3338773659110777	0.3562731628595379	0.21245087213088545	0.3180244070602326	0.2576250744829733	0.27737571587754906	0.2342593842452615	0.25701905702493405	0.26789347951669906	0.271413657266454	0.2733185472480951	0.24174608607869302	0.32021905290566244	0.2923973675205427	0.29901211412428647	0.3035183996237972	0.22818491978761202	0.22180938726687155	0.2005213728201637	0.28737697972605725	0.3084663231091296	0.2942587216971606	0.23858216046522565	0.21576086230022848	0.2369782321610988
F32H1	0.2888713931193991	0.2749588781317633	0.28881243867400785	0.3800638307648178	0.37814106894926097	0.26580335123028803	0.34357835434521544	0.39442902864307583	0.3491359016996317	0.3574956998880551	0.3613642273093972	0.2888263495840466	0.32163840778031844	0.35096336087684665	0.339116467271951	0.21145864865769953	0.23628466106397747	0.3363338156140244	0.3069875604169843	0.32791768025954693	0.25588059737274754	0.0	0.24692077783266037	0.3172433559839065	0.2808079566040246	0.24806846751146477	0.23657536726041278	0.22009418167778816	0.2700554754452228	0.276774648969097	0.31702126836167277	0.40643928866276313	0.4679318659516705	0.6074941265166405	0.6280009327325988	0.36092751644294774	0.39779433613283116	0.4201901330812914	0.2763678423526389	0.38194137728198607	0.3215420447047267	0.3412926860993025	0.29817635446701496	0.32093602724668746	0.33181044973845253	0.3353306274882074	0.3372355174698486	0.3056630563004465	0.3841360231274159	0.35631433774229615	0.36292908434603993	0.36743536984555064	0.2921018900093655	0.285726357488625	0.26443834304191716	0.3512939499478107	0.37238329333088305	0.358175691918914	0.3024991306869791	0.2796778325219819	0.3008952023828523
F23HpA	0.29642890545972833	0.28251639047209254	0.29636995101433716	0.38762134310514706	0.3856985812895902	0.2733608635706173	0.3511358666855447	0.4019865409834051	0.3566934140399609	0.3650532122283844	0.3689217396497264	0.2963838619243759	0.3291959201206477	0.35852087321717596	0.3466739796122802	0.21901616099802879	0.24384217340430672	0.34389132795435373	0.3145450727573135	0.3354751925998762	0.2634381097130768	0.24692077783266037	0.0	0.3248008683242357	0.2883654689443539	0.255625979851794	0.24413287960074204	0.2276516940181174	0.277612987785552	0.28433216130942623	0.324578780702002	0.41399680100309244	0.4754893782919998	0.6150516388569698	0.6355584450729281	0.368485028783277	0.4053518484731604	0.4277476454216206	0.28392535469296815	0.3894988896223153	0.329099557045056	0.3488501984396317	0.3057338668073442	0.32849353958701677	0.3393679620787817	0.3428881398285367	0.34479302981017784	0.31322056864077574	0.39169353546774516	0.36387185008262535	0.3704865966863692	0.3749928821858799	0.2996594023496947	0.29328386982895427	0.27199585538224635	0.3588514622881399	0.37994080567121225	0.36573320425924327	0.31005664302730834	0.28723534486231117	0.30845271472318153
s24H1	0.32005628547512494	0.30614377048748914	0.31999733102973377	0.4112487231205437	0.4093259613049869	0.2969882435860139	0.3747632467009413	0.4256139209988017	0.38032079405535757	0.388680592243781	0.39254911966512307	0.3200112419397725	0.35282330013604435	0.38214825323257257	0.37030135962767685	0.24264354101342545	0.26746955341970335	0.36751870796975034	0.33817245277271013	0.3591025726152728	0.28706548972847346	0.3172433559839065	0.3248008683242357	0.0	0.27481035894059896	0.2631427800283944	0.2677602596161387	0.251279074033514	0.30124036780094865	0.3079595413248229	0.3482061607173986	0.43762418101848904	0.49911675830739644	0.6386790188723664	0.6591858250883248	0.3921124087986736	0.4289792284885571	0.45137502543701724	0.3075527347083648	0.41312626963771193	0.3527269370604526	0.3724775784550284	0.3293612468227408	0.3521209196024134	0.3629953420941784	0.3665155198439333	0.36842040982557445	0.3368479486561724	0.41532091548314176	0.387499230098022	0.39411397670176584	0.39862026220127655	0.32328678236509134	0.3169112498443509	0.295623235397643	0.38247884230353657	0.4035681856866089	0.38936058427463993	0.33368402304270495	0.3108627248777078	0.33208009473857814
S11Hp	0.2836208860952431	0.26970837110760726	0.2835619316498519	0.3748133237406618	0.37289056192510495	0.260552844206132	0.33832784732105947	0.38917852161891986	0.3438853946754757	0.3522451928638991	0.3561137202852412	0.2835758425598906	0.3163879007561624	0.3457128538526907	0.33386596024779497	0.20620814163354356	0.23103415403982147	0.33108330858986845	0.3017370533928283	0.32266717323539096	0.25063009034859157	0.2808079566040246	0.2883654689443539	0.27481035894059896	0.0	0.22670738064851254	0.23132486023625679	0.21484367465363216	0.26480496842106677	0.271524141944941	0.3117707613375168	0.40118878163860716	0.4626813589275145	0.6022436194924845	0.6227504257084429	0.35567700941879177	0.39254382910867514	0.41493962605713536	0.2711173353284829	0.3766908702578301	0.3162915376805707	0.3360421790751465	0.292925847442859	0.3156855202225315	0.3265599427142965	0.33008012046405144	0.3319850104456926	0.30041254927629046	0.37888551610325993	0.3510638307181401	0.3576785773218839	0.3621848628213946	0.28685138298520946	0.280475850464469	0.25918783601776113	0.3460434429236547	0.367132786306727	0.352925184894758	0.2972486236628231	0.27442732549782595	0.29564469535869625
w23pp	0.25088139700268325	0.23696888201504746	0.250822442557292	0.342073834648102	0.34015107283254514	0.2278133551135722	0.3055883582284996	0.35643903252636	0.3111459055829159	0.31950570377133924	0.3233742311926814	0.2508363534673308	0.2836484116636026	0.3129733647601308	0.30112647115523516	0.1734686525409837	0.19829466494726167	0.29834381949730865	0.26899756430026844	0.2899276841428311	0.21789060125603174	0.24806846751146477	0.255625979851794	0.2631427800283944	0.22670738064851254	0.0	0.19858537114369695	0.18210418556107233	0.23206547932850694	0.23878465285238115	0.27903127224495694	0.3684492925460473	0.4299418698349547	0.5695041303999246	0.590010936615883	0.3229375203262319	0.35980434001611533	0.38220013696457555	0.23837784623592306	0.34395138116527024	0.28355204858801086	0.3033026899825867	0.26018635835029913	0.28294603112997163	0.2938204536217367	0.2973406313714916	0.29924552135313276	0.26767306018373066	0.3461460270107001	0.3183243416255803	0.3249390882293241	0.3294453737288348	0.25411189389264965	0.2477363613719092	0.2264483469252013	0.3133039538310949	0.3343932972141672	0.3201856958021982	0.26450913457026326	0.2416878364052661	0.26290520626613645
f21pp	0.22363293912714707	0.20972042413951125	0.22357398468175585	0.3148253767725658	0.31290261495700894	0.20056489723803597	0.2783399003529634	0.3291905746508238	0.2838974477073796	0.29225724589580304	0.2961257733171451	0.22358789559179457	0.2563999537880664	0.2857249068845946	0.2738780132796989	0.1462201946654475	0.17104620707172544	0.2710953616217724	0.24174910642473224	0.2626792262672949	0.1906421433804955	0.23657536726041278	0.24413287960074204	0.2677602596161387	0.23132486023625679	0.19858537114369695	0.0	0.15485572768553613	0.20481702145297073	0.21153619497684495	0.25178281436942074	0.3412008346705111	0.4026934119594185	0.5422556725243886	0.5627624787403469	0.2956890624506957	0.33255588214057913	0.35495167908903935	0.21112938836038686	0.31670292328973404	0.25630359071247466	0.2760542321070505	0.23293790047476293	0.25569757325443543	0.2665719957462005	0.2700921734959554	0.27199706347759656	0.24042460230819446	0.31889756913516387	0.2910758837500441	0.2976906303537879	0.3021969158532986	0.22686343601711342	0.22048790349637298	0.1991998890496651	0.2860554959555587	0.307144839338631	0.292937237926662	0.23726067669472706	0.21443937852972988	0.23565674839060025
S12Hp	0.15916090497503022	0.14524838998739442	0.15910195052963902	0.25035334262044895	0.2484305808048921	0.13609286308591914	0.21386786620084658	0.26471854049870697	0.21942541355526282	0.22778521174368624	0.23165373916502832	0.15911586143967774	0.19192791963594957	0.22125287273247782	0.2094059791275821	0.10224141906909236	0.13658127514726462	0.2366304296973116	0.20728417450027142	0.22821429434283408	0.1561772114560347	0.22009418167778816	0.2276516940181174	0.251279074033514	0.21484367465363216	0.18210418556107233	0.15485572768553613	0.0	0.1403449873008539	0.14706416082472812	0.1873107802173039	0.2767288005183943	0.33822137780730166	0.47778363837227167	0.49829044458823	0.23121702829857887	0.2680838479884623	0.29047964493692247	0.14665735420827003	0.2522308891376172	0.19183155656035786	0.21158219795493363	0.1684658663226461	0.19122553910231863	0.20209996159408364	0.20562013934383858	0.20752502932547973	0.17595256815607763	0.25442553498304704	0.22660384959792726	0.23321859620167107	0.23772488170118178	0.1623914018649966	0.15601586934425615	0.13472785489754827	0.22158346180344182	0.24267280518651416	0.22846520377454516	0.17278864254261023	0.14996734437761305	0.1711847142384834
w3pp	0.18631142643621004	0.17239891144857422	0.18625247199081885	0.27750386408162875	0.2755811022660719	0.1768350065133316	0.25461000962825897	0.30546068392611936	0.26016755698267524	0.26852735517109866	0.27239588259244074	0.19985800486709018	0.232670063063362	0.26199501615989024	0.2501481225549945	0.15220271283652698	0.18654256891469922	0.2865917234647462	0.257245468267706	0.27817558811026866	0.20613850522346933	0.2700554754452228	0.277612987785552	0.30124036780094865	0.26480496842106677	0.23206547932850694	0.20481702145297073	0.1403449873008539	0.0	0.07481152361278257	0.16042992033681153	0.2498479406379019	0.3113405179268093	0.45090277849177923	0.4714095847077376	0.2043361684180865	0.24120298810796992	0.2635987850564301	0.1422041579112322	0.24777769284057938	0.18737836026332	0.22113066513955543	0.1780143335072679	0.20077400628694042	0.21164842877870543	0.21516860652846037	0.21707349651010152	0.18550103534069942	0.26397400216766886	0.23615231678254905	0.24276706338629286	0.24727334888580357	0.17698891183172422	0.18316639080543595	0.1618783763587281	0.24873398326462165	0.269823326647694	0.25561572523572496	0.19993916400379003	0.17711786583879288	0.19833523569966321
S8Hp	0.19303059996008431	0.1791180849724485	0.1929716455146931	0.28422303760550305	0.2823002757899462	0.1835541800372058	0.2613291831521332	0.3121798574499936	0.2668867305065495	0.2752465286949729	0.279115056116315	0.2065771783909644	0.2393892365872362	0.2687141896837645	0.25686729607886877	0.1589218863604012	0.19326174243857347	0.29331089698862045	0.26396464179158025	0.2848947616341429	0.21285767874734354	0.276774648969097	0.28433216130942623	0.3079595413248229	0.271524141944941	0.23878465285238115	0.21153619497684495	0.14706416082472812	0.07481152361278257	0.0	0.16714909386068574	0.25656711416177613	0.3180596914506835	0.4576219520156535	0.47812875823161183	0.2110553419419607	0.24792216163184413	0.27031795858030433	0.14892333143510644	0.25449686636445357	0.19409753378719424	0.22784983866342967	0.1847335070311421	0.20749317981081467	0.21836760230257968	0.22188778005233462	0.22379267003397574	0.19222020886457364	0.27069317569154305	0.2428714903064233	0.24948623691016708	0.2539925224096778	0.18370808535559846	0.1898855643293102	0.16859754988260234	0.2554531567884959	0.27654250017156823	0.26233489875959926	0.20665833752766427	0.18383703936266713	0.20505440922353746
S4Hp	0.23327721935266008	0.21936470436502425	0.23321826490726885	0.3244696569980788	0.32254689518252194	0.2238007994297816	0.301575802544709	0.3524264768425694	0.3071333498991252	0.3154931480875487	0.3193616755088907	0.2468237977835402	0.279635855979812	0.30896080907634027	0.2971139154714445	0.19916850575297695	0.23350836183114923	0.33355751638119624	0.30421126118415603	0.3251413810267187	0.2531042981399193	0.31702126836167277	0.324578780702002	0.3482061607173986	0.3117707613375168	0.27903127224495694	0.25178281436942074	0.1873107802173039	0.16042992033681153	0.16714909386068574	0.0	0.15762607051717697	0.21911864780608437	0.35868090837105426	0.3791877145870126	0.2310484731053537	0.2679152927952371	0.2903110897436973	0.1891699508276822	0.29474348575702936	0.23434415317977	0.2680964580560054	0.2249801264237179	0.2477397992033904	0.2586142216951554	0.26213439944491035	0.2640392894265515	0.23246682825714943	0.31093979508411884	0.28311810969899903	0.28973285630274287	0.2942391418022536	0.2239547047481742	0.23013218372188599	0.2088441692751781	0.2956997761810717	0.316789119564144	0.302581518152175	0.24690495692024006	0.2240836587552429	0.24530102861611325
F22HpB	0.3226952396537504	0.3087827246661146	0.32263628520835924	0.4138876772991692	0.41196491548361236	0.31321881973087196	0.3909938228457994	0.4418444971436598	0.39655137020021564	0.40491116838863905	0.40877969580998114	0.3362418180846306	0.36905387628090236	0.39837882937743063	0.3865319357725349	0.28858652605406737	0.3229263821322396	0.4229755366822866	0.39362928148524645	0.4145594013278091	0.3425223184410097	0.40643928866276313	0.41399680100309244	0.43762418101848904	0.40118878163860716	0.3684492925460473	0.3412008346705111	0.2767288005183943	0.2498479406379019	0.25656711416177613	0.15762607051717697	0.0	0.276192616322911	0.4157548768878809	0.4362616831038392	0.32046649340644406	0.35733331309632754	0.3797291100447877	0.2785879711287726	0.3841615060581197	0.3237621734808604	0.3575144783570958	0.31439814672480826	0.3371578195044808	0.34803224199624583	0.35155241974600077	0.3534573097276419	0.32188484855823984	0.4003578153852092	0.37253613000008945	0.3791508766038333	0.383657162103344	0.3133727250492646	0.31955020402297635	0.2982621895762685	0.38511779648216204	0.4062071398652344	0.3919995384532654	0.3363229772213304	0.31350167905633325	0.3347190489172036
S26Hp	0.38418781694265786	0.37027530195502206	0.38412886249726663	0.4753802545880766	0.47345749277251975	0.37471139701977935	0.45248640013470676	0.5033370744325671	0.458043947489123	0.4664037456775464	0.4702722730988885	0.39773439537353794	0.43054645356980975	0.45987140666633797	0.4480245130614423	0.3500791033429747	0.384418959421147	0.48446811397119394	0.4551218587741538	0.47605197861671644	0.40401489572991706	0.4679318659516705	0.4754893782919998	0.49911675830739644	0.4626813589275145	0.4299418698349547	0.4026934119594185	0.33822137780730166	0.3113405179268093	0.3180596914506835	0.21911864780608437	0.276192616322911	0.0	0.41910767806733396	0.4396144842832924	0.3819590706953515	0.4188258903852349	0.4412216873336951	0.34008054841768	0.4456540833470271	0.3852547507697678	0.41900705564600316	0.37589072401371565	0.3986503967933882	0.40952481928515316	0.41304499703490816	0.4149498870165493	0.3833774258471472	0.4618503926741166	0.4340287072889968	0.4406434538927406	0.44514973939225133	0.37486530233817195	0.38104278131188374	0.3597547668651759	0.44661037377106944	0.46769971715414177	0.45349211574217274	0.39781555451023787	0.3749942563452407	0.39621162620611106
