	S18H1	s17pp	w6pp	f6ppA	f6ppB	s13pp	f20ppB	f14ppB	f16ppA	f23ppA	f21pp	f18pp	f14ppA	F23HpA	f8pp	s26pp	F7H1	f26pp	s16pp	s25pp	s24pp	S15Hp	s29pp	S28Hp	s12pp	s27pp	F6H1	s18pp	S11Hp	s2pp	f3pp	F14H1A	S26Hp	S9H1	S22Hp	f1pp	s1pp	S1Hp	f16ppB	w9pp	s3pp	f30pp	w3pp	s30pp	w30pp	f4pp	f23ppB
S18H1	0.0	0.3421418297848169	0.4301495789829081	0.38303131726028883	0.35008512098571287	0.39005278670184906	0.38727348134790684	0.2788516656507093	0.3174962598527717	0.3072771696005965	0.28572626489740033	0.2848638485737003	0.4349969115877369	0.5119894447880524	0.35258883782753825	0.5731576457301424	0.6421218977909813	0.5337315373274591	0.5610044215153511	0.694424089832147	0.5769708273269962	0.6008334143680598	0.6001011649410978	0.6567281557780892	0.47824292634680465	0.5943858341579504	0.6181711998705598	0.5068986800749857	0.6065974421208804	0.33799276581850923	0.49904255476097925	0.6028751859682918	0.6054303022848078	0.5870119534451788	0.49744951214279753	0.4368874530984803	0.36609796116740373	0.45271048682970927	0.4511292206667879	0.5660452961254943	0.40172030716220897	0.5096686545515404	0.5588374469550553	0.44813919141225506	0.40654931402172345	0.2787788728381486	0.4440571226125364
s17pp	0.3421418297848169	0.0	0.374618511278162	0.3275002495555427	0.29455405328096673	0.3345217189971029	0.3317424136431607	0.2233205979459631	0.26196519214802555	0.25174610189585034	0.2301951971926542	0.22933278086895414	0.37946584388299076	0.4564583770833063	0.2970577701227921	0.5176265780253961	0.586590830086235	0.47820046962271295	0.5054733538106051	0.6388930221274007	0.52143975962225	0.5453023466633137	0.5445700972363516	0.601197088073343	0.4227118586420585	0.5388547664532044	0.5626401321658137	0.45136761237023953	0.5510663744161344	0.2824616981137631	0.4435114870562331	0.5473441182635457	0.5498992345800616	0.5314808857404326	0.4419184444380514	0.3813563853937342	0.3105668934626576	0.39717941912496313	0.39559815296204176	0.5105142284207481	0.3461892394574628	0.4541375868467943	0.5033063792503092	0.3926081237075089	0.3510182463169773	0.22324780513340245	0.38852605490779024
w6pp	0.4301495789829081	0.374618511278162	0.0	0.12073420016506978	0.15562490155465702	0.2513994433298045	0.30954842115559056	0.22832174864964605	0.2669663428517085	0.2567472525995333	0.23519634789633714	0.2343339315726371	0.3844669945866737	0.4614595277869892	0.3020589208264751	0.5226277287290791	0.591591980789918	0.4832016203263959	0.510474504514288	0.6438941728310837	0.526440910325933	0.5503034973669967	0.5495712479400345	0.6061982387770259	0.4277130093457414	0.5438559171568873	0.5676412828694966	0.4563687630739225	0.5560675251198173	0.2874628488174461	0.44851263775991607	0.5523452689672286	0.5549003852837446	0.5364820364441156	0.4469195951417344	0.3863575360974171	0.31556804416634054	0.40218056982864603	0.4005993036657247	0.5155153791244311	0.3511903901611457	0.45913873755047724	0.5083075299539921	0.39760927441119187	0.3560193970206602	0.2282489558370854	0.39352720561147314
f6ppA	0.38303131726028883	0.3275002495555427	0.12073420016506978	0.0	0.10850663983203775	0.20428118160718522	0.26243015943297127	0.18120348692702676	0.2198480811290892	0.209628990876914	0.18807808617371785	0.1872156698500178	0.3373487328640544	0.41434126606436994	0.25494065910385577	0.47550946700645985	0.5444737190672988	0.4360833586037766	0.4633562427916687	0.5967759111084645	0.4793226486033137	0.5031852356443773	0.5024529862174153	0.5590799770544067	0.3805947476231222	0.496737655434268	0.5205230211468773	0.4092505013513032	0.5089492633971979	0.24034458709482678	0.4013943760372968	0.5052270072446093	0.5077821235611253	0.4893637747214963	0.39980133341911506	0.33923927437479784	0.26844978244372125	0.3550623081060268	0.3534810419431054	0.4683971174018118	0.3040721284385265	0.41202047582785795	0.46118926823137285	0.3504910126885726	0.308901135298041	0.1811306941144661	0.3464089438888539
f6ppB	0.35008512098571287	0.29455405328096673	0.15562490155465702	0.10850663983203775	0.0	0.17133498533260927	0.2294839631583953	0.14825729065245083	0.18690188485451326	0.17668279460233804	0.15513188989914192	0.15426947357544185	0.30440253658947847	0.381395069789794	0.22199446282927987	0.44256327073188395	0.5115275227927228	0.4031371623292007	0.4304100465170928	0.5638297148338886	0.4463764523287378	0.4702390393698014	0.46950678994283934	0.5261337807798308	0.3476485513485462	0.4637914591596921	0.48757682487230136	0.3763043050767273	0.4760030671226221	0.20739839082025086	0.3684481797627208	0.4722808109700334	0.47483592728654933	0.4564175784469203	0.36685513714453916	0.3062930781002219	0.2355035861691453	0.32211611183145084	0.3205348456685295	0.4354509211272358	0.27112593216395053	0.379074279553282	0.4282430719567969	0.3175448164139967	0.275954939023465	0.14818449783989018	0.31346274761427795
s13pp	0.39005278670184906	0.3345217189971029	0.2513994433298045	0.20428118160718522	0.17133498533260927	0.0	0.26945162887453145	0.18822495636858697	0.2268695505706494	0.21665046031847418	0.19509955561527806	0.194237139291578	0.34437020230561466	0.4213627355059301	0.261962128545416	0.48253093644802003	0.5514951885088589	0.4431048280453368	0.4703777122332289	0.6037973805500246	0.4863441180448739	0.5102067050859376	0.5094744556589755	0.5661014464959669	0.38761621706468236	0.5037591248758282	0.5275444905884376	0.4162719707928634	0.5159707328387582	0.247366056536387	0.408415845478857	0.5122484766861696	0.5148035930026855	0.4963852441630565	0.4068228028606753	0.346260743816358	0.27547125188528143	0.36208377754758697	0.3605025113846656	0.475418586843372	0.31109359788008667	0.4190419452694182	0.4682107376729331	0.35751248213013276	0.31592260473960115	0.18815216355602632	0.3534304133304141
f20ppB	0.38727348134790684	0.3317424136431607	0.30954842115559056	0.26243015943297127	0.2294839631583953	0.26945162887453145	0.0	0.18544565101464477	0.22409024521670723	0.21387115496453202	0.19232025026133587	0.19145783393763582	0.34159089695167244	0.41858343015198796	0.2591828231914738	0.47975163109407787	0.5487158831549168	0.44032552269139463	0.4675984068792867	0.6010180751960825	0.4835648126909317	0.5074273997319954	0.5066951503050333	0.5633221411420247	0.3848369117107402	0.500979819521886	0.5247651852344953	0.4134926654389212	0.5131914274848159	0.2445867511824448	0.4056365401249148	0.5094691713322274	0.5120242876487433	0.4936059388091143	0.4040434975067331	0.34348143846241586	0.27269194653133927	0.3593044721936448	0.35772320603072344	0.4726392814894298	0.3083142925261445	0.41626263991547596	0.46543143231899087	0.3547331767761906	0.313143299385659	0.18537285820208413	0.3506511079764719
f14ppB	0.2788516656507093	0.2233205979459631	0.22832174864964605	0.18120348692702676	0.14825729065245083	0.18822495636858697	0.18544565101464477	0.0	0.06416492203548932	0.0539458317833141	0.047438838096481695	0.04657642177278164	0.19670948478681827	0.2737020179871338	0.11430141102661964	0.3348702189292237	0.4038344709900626	0.29544411052654046	0.32271699471443255	0.4561366630312283	0.33868340052607754	0.3625459875671412	0.36181373814017914	0.41844072897717055	0.239955499545886	0.35609840735703185	0.37988377306964116	0.26861125327406704	0.3683100153199618	0.09970533901759063	0.2607551279600606	0.3645877591673732	0.36714287548388913	0.3487245266442601	0.25916208534187896	0.19860002629756165	0.1278105343664851	0.2144230600287906	0.21284179386586927	0.3277578693245756	0.1634328803612903	0.2713812277506218	0.3205500201541367	0.20985176461133642	0.1682618872208048	0.04049144603722996	0.20576969581161772
f16ppA	0.3174962598527717	0.26196519214802555	0.2669663428517085	0.2198480811290892	0.18690188485451326	0.2268695505706494	0.22409024521670723	0.06416492203548932	0.0	0.07447619885481718	0.08608343229854414	0.08522101597484408	0.23535407898888072	0.3123466121891962	0.15294600522868207	0.37351481313128615	0.44247906519212504	0.3340887047286029	0.361361588916495	0.49478125723329075	0.37732799472814	0.40119058176920364	0.4004583323422416	0.457085323179233	0.2786000937479484	0.3947430015590943	0.4185283672717036	0.3072558474761295	0.4069546095220243	0.13834993321965305	0.29939972216212307	0.40323235336943564	0.4057874696859516	0.3873691208463226	0.29780667954394135	0.23724462049962408	0.16645512856854752	0.25306765423085303	0.2514863880679317	0.3664024635266381	0.20207747456335273	0.31002582195268424	0.35919461435619915	0.24849635881339888	0.20690648142286722	0.0791360402392924	0.24441429001368015
f23ppA	0.3072771696005965	0.25174610189585034	0.2567472525995333	0.209628990876914	0.17668279460233804	0.21665046031847418	0.21387115496453202	0.0539458317833141	0.07447619885481718	0.0	0.07586434204636891	0.07500192572266887	0.22513498873670548	0.30212752193702097	0.14272691497650686	0.36329572287911094	0.43225997493994983	0.3238696144764277	0.3511424986643198	0.48456216698111554	0.3671089044759648	0.3909714915170284	0.3902392420900664	0.4468662329270578	0.2683810034957732	0.3845239113069191	0.4083092770195284	0.2970367572239543	0.39673551926984907	0.12813084296747784	0.28918063190994786	0.3930132631172604	0.3955683794337764	0.37715003059414737	0.28758758929176614	0.22702553024744887	0.1562360383163723	0.24284856397867782	0.24126729781575648	0.35618337327446287	0.19185838431117752	0.29980673170050903	0.34897552410402394	0.23827726856122364	0.196687391170692	0.06891694998711718	0.23419519976150494
f21pp	0.28572626489740033	0.2301951971926542	0.23519634789633714	0.18807808617371785	0.15513188989914192	0.19509955561527806	0.19232025026133587	0.047438838096481695	0.08608343229854414	0.07586434204636891	0.0	0.03505318019961756	0.18518624321365418	0.2621787764139697	0.10277816945345555	0.32334697735605966	0.39231122941689855	0.2839208689533764	0.3111937531412685	0.44461342145806426	0.3271601589529135	0.35102274599397715	0.3502904965670151	0.4069174874040065	0.2284322579727219	0.3445751657838678	0.36836053149647713	0.25708801170090295	0.3567867737467978	0.08818209744442654	0.24923188638689653	0.35306451759420915	0.3556196339107251	0.3372012850710961	0.24763884376871484	0.18707678472439757	0.11628729279332099	0.20289981845562652	0.20131855229270518	0.3162346277514116	0.15190963878812622	0.2598579861774577	0.30902677858097266	0.19832852303817233	0.1567386456476407	0.02896820446406588	0.19783936651343428
f18pp	0.2848638485737003	0.22933278086895414	0.2343339315726371	0.1872156698500178	0.15426947357544185	0.194237139291578	0.19145783393763582	0.04657642177278164	0.08522101597484408	0.07500192572266887	0.03505318019961756	0.0	0.15379803415876353	0.23079056735907902	0.07957807687901053	0.3001468847816146	0.3691111368424535	0.2607207763789314	0.28799366056682346	0.4214133288836192	0.30396006637846845	0.3278226534195321	0.32709040399257006	0.38371739482956146	0.20523216539827685	0.32137507320942277	0.3451604389220321	0.2338879191264579	0.33358668117235274	0.06498200486998151	0.22603179381245148	0.3298644250197641	0.33241954133628004	0.31400119249665104	0.2244387511942698	0.1638766921499525	0.09308720021887595	0.17969972588118147	0.17811845971826012	0.29303453517696654	0.12870954621368116	0.23665789360301265	0.2858266860065276	0.17512843046372728	0.13353855307319565	0.01870090262716066	0.1969769501897342
f14ppA	0.4349969115877369	0.37946584388299076	0.3844669945866737	0.3373487328640544	0.30440253658947847	0.34437020230561466	0.34159089695167244	0.19670948478681827	0.23535407898888072	0.22513498873670548	0.18518624321365418	0.15379803415876353	0.0	0.31241870735677374	0.22971113989304714	0.45027994779565117	0.5192441998564901	0.41085383939296793	0.43812672358086	0.5715463918976558	0.454093129392505	0.4779557164335687	0.47722346700660667	0.5338504578435981	0.35536522841231344	0.47150813622345933	0.4952935019360687	0.3840209821404945	0.4837197441863893	0.21511506788401813	0.3761648568264881	0.4799974880338007	0.48255260435031666	0.46413425551068765	0.37457181420830643	0.3140097551639891	0.24322026323291257	0.32983278889521805	0.32825152273229674	0.44316759819100315	0.27884260922771775	0.38679095661704926	0.4359597490205642	0.3252614934777639	0.28367161608723224	0.1688339656411973	0.3471100132037709
F23HpA	0.5119894447880524	0.4564583770833063	0.4614595277869892	0.41434126606436994	0.381395069789794	0.4213627355059301	0.41858343015198796	0.2737020179871338	0.3123466121891962	0.30212752193702097	0.2621787764139697	0.23079056735907902	0.31241870735677374	0.0	0.3067036730933626	0.5272724809959667	0.5962367330568056	0.48784637259328345	0.5151192567811755	0.6485389250979713	0.5310856625928205	0.5549482496338842	0.5542160002069221	0.6108429910439135	0.43235776161262895	0.5485006694237748	0.5722860351363841	0.46101351534081003	0.5607122773867048	0.2921076010843336	0.45315739002680355	0.5569900212341161	0.5595451375506322	0.5411267887110032	0.4515643474086219	0.3910022883643046	0.3202127964332281	0.40682532209553357	0.40524405593261226	0.5201601313913187	0.35583514242803327	0.4637834898173647	0.5129522822208796	0.4022540266780794	0.36066414928754775	0.24582649884151275	0.42410254640408634
f8pp	0.35258883782753825	0.2970577701227921	0.3020589208264751	0.25494065910385577	0.22199446282927987	0.261962128545416	0.2591828231914738	0.11430141102661964	0.15294600522868207	0.14272691497650686	0.10277816945345555	0.07957807687901053	0.22971113989304714	0.3067036730933626	0.0	0.2935231731429167	0.3624874252037556	0.25409706474023347	0.2813699489281255	0.4147896172449213	0.29733635473977055	0.3211989417808342	0.32046669235387215	0.37709368319086356	0.19860845375957892	0.31475136157072486	0.33853672728333417	0.22726420748776	0.32696296953365483	0.07956867002953127	0.24061845897200124	0.34445109017931386	0.3470062064958298	0.3285878576562008	0.23902541635381955	0.2002588583702072	0.12946936643913065	0.21608189210143616	0.21450062593851482	0.32941670139722123	0.16509171243393586	0.27304005982326734	0.3222088522267823	0.21151059668398198	0.16992071929345035	0.08642589188099865	0.26470193944357223
s26pp	0.5731576457301424	0.5176265780253961	0.5226277287290791	0.47550946700645985	0.44256327073188395	0.48253093644802003	0.47975163109407787	0.3348702189292237	0.37351481313128615	0.36329572287911094	0.32334697735605966	0.3001468847816146	0.45027994779565117	0.5272724809959667	0.2935231731429167	0.0	0.4306442209850122	0.3222538605214901	0.4145701429140918	0.5479898112308875	0.43053654872573677	0.4543991357668004	0.45366688633983837	0.5102938771768297	0.38264487665056424	0.4987877844617101	0.5225731501743194	0.41130063037874526	0.5109993924246401	0.30013747793213535	0.4611872668746053	0.5650198980819179	0.5675750143984339	0.5491566655588049	0.4595942242564236	0.4208276662728113	0.35003817434173473	0.43665070000404027	0.4350694338411189	0.5499855092998254	0.38566052033653997	0.4936088677258714	0.5427776601293863	0.43207940458658606	0.39048952719605445	0.3069946997836027	0.48527074734617626
F7H1	0.6421218977909813	0.586590830086235	0.591591980789918	0.5444737190672988	0.5115275227927228	0.5514951885088589	0.5487158831549168	0.4038344709900626	0.44247906519212504	0.43225997493994983	0.39231122941689855	0.3691111368424535	0.5192441998564901	0.5962367330568056	0.3624874252037556	0.4306442209850122	0.0	0.35565963869857026	0.48353439497493067	0.6169540632917264	0.49950080078657566	0.5233633878276394	0.5226311384006772	0.5792581292376686	0.45160912871140313	0.567752036522549	0.5915374022351583	0.48026488243958415	0.579963644485479	0.36910172999297425	0.5301515189354442	0.6339841501427568	0.6365392664592728	0.6181209176196438	0.5285584763172625	0.4897919183336502	0.4190024264025736	0.5056149520648792	0.5040336859019579	0.6189497613606643	0.45462477239737886	0.5625731197867103	0.6117419121902252	0.501043656647425	0.45945377925689335	0.3759589518444416	0.5542349994070151
f26pp	0.5337315373274591	0.47820046962271295	0.4832016203263959	0.4360833586037766	0.4031371623292007	0.4431048280453368	0.44032552269139463	0.29544411052654046	0.3340887047286029	0.3238696144764277	0.2839208689533764	0.2607207763789314	0.41085383939296793	0.48784637259328345	0.25409706474023347	0.3222538605214901	0.35565963869857026	0.0	0.37514403451140854	0.5085637028282043	0.39111044032305353	0.4149730273641172	0.41424077793715514	0.47086776877414654	0.343218768247881	0.4593616760590269	0.4831470417716362	0.371874521976062	0.47157328402195686	0.2607113695294521	0.4217611584719221	0.5255937896792346	0.5281489059957507	0.5097305571561217	0.42016811585374036	0.3814015578701281	0.3106120659390515	0.39722459160135704	0.39564332543843567	0.5105594008971421	0.34623441193385673	0.4541827593231882	0.5033515517267031	0.3926532961839028	0.3510634187933712	0.2675685913809195	0.445844638943493
s16pp	0.5610044215153511	0.5054733538106051	0.510474504514288	0.4633562427916687	0.4304100465170928	0.4703777122332289	0.4675984068792867	0.32271699471443255	0.361361588916495	0.3511424986643198	0.3111937531412685	0.28799366056682346	0.43812672358086	0.5151192567811755	0.2813699489281255	0.4145701429140918	0.48353439497493067	0.37514403451140854	0.0	0.22312120883864417	0.20083217808857506	0.2246947651296387	0.22396251570267667	0.2805895065396681	0.37049165243577303	0.486634560246919	0.5104199259595282	0.39914740616395405	0.49884616820984895	0.2879842537173442	0.44903404265981417	0.5528666738671268	0.5554217901836427	0.5370034413440137	0.44744100004163245	0.40867444205802017	0.3378849501269436	0.4244974757892491	0.42291620962632775	0.5378322850850341	0.3735072961217488	0.4814556435110803	0.5306244359145953	0.4199261803717949	0.3783363029812633	0.2948414755688116	0.4731175231313851
s25pp	0.694424089832147	0.6388930221274007	0.6438941728310837	0.5967759111084645	0.5638297148338886	0.6037973805500246	0.6010180751960825	0.4561366630312283	0.49478125723329075	0.48456216698111554	0.44461342145806426	0.4214133288836192	0.5715463918976558	0.6485389250979713	0.4147896172449213	0.5479898112308875	0.6169540632917264	0.5085637028282043	0.22312120883864417	0.0	0.33425184640537087	0.3581144334464345	0.35738218401947247	0.4140091748564639	0.5039113207525688	0.6200542285637147	0.643839594276324	0.5325670744807498	0.6322658365266447	0.42140392203413995	0.5824537109766099	0.6862863421839225	0.6888414585004385	0.6704231096608095	0.5808606683584282	0.5420941103748159	0.47130461844373933	0.5579171441060449	0.5563358779431236	0.67125195340183	0.5069269644385446	0.614875311827876	0.6640441042313909	0.5533458486885907	0.511755971298059	0.4282611438856073	0.6065371914481809
s24pp	0.5769708273269962	0.52143975962225	0.526440910325933	0.4793226486033137	0.4463764523287378	0.4863441180448739	0.4835648126909317	0.33868340052607754	0.37732799472814	0.3671089044759648	0.3271601589529135	0.30396006637846845	0.454093129392505	0.5310856625928205	0.29733635473977055	0.43053654872573677	0.49950080078657566	0.39111044032305353	0.20083217808857506	0.33425184640537087	0.0	0.12235847528695745	0.12162622585999543	0.17825321669698685	0.3864580582474181	0.502600966058564	0.5263863317711732	0.4151138119755991	0.5148125740214939	0.3039506595289892	0.46500044847145916	0.5688330796787717	0.5713881959952878	0.5529698471556588	0.46340740585327744	0.42464084786966516	0.3538513559385886	0.4404638816008941	0.43888261543797275	0.5537986908966792	0.3894737019333938	0.49742204932272527	0.5465908417262402	0.4358925861834399	0.3943027087929083	0.31080788138045656	0.4890839289430301
S15Hp	0.6008334143680598	0.5453023466633137	0.5503034973669967	0.5031852356443773	0.4702390393698014	0.5102067050859376	0.5074273997319954	0.3625459875671412	0.40119058176920364	0.3909714915170284	0.35102274599397715	0.3278226534195321	0.4779557164335687	0.5549482496338842	0.3211989417808342	0.4543991357668004	0.5233633878276394	0.4149730273641172	0.2246947651296387	0.3581144334464345	0.12235847528695745	0.0	0.07242961828810954	0.12905660912510095	0.41032064528848167	0.5264635530996276	0.5502489188122369	0.43897639901666274	0.5386751610625575	0.32781324657005284	0.4888630355125228	0.5926956667198354	0.5952507830363514	0.5768324341967224	0.48726999289434114	0.44850343491072875	0.3777139429796522	0.4643264686419577	0.4627452024790364	0.5776612779377428	0.4133362889744574	0.5212846363637889	0.5704534287673039	0.45975517322450354	0.4181652958339719	0.3346704684215202	0.5129465159840938
s29pp	0.6001011649410978	0.5445700972363516	0.5495712479400345	0.5024529862174153	0.46950678994283934	0.5094744556589755	0.5066951503050333	0.36181373814017914	0.4004583323422416	0.3902392420900664	0.3502904965670151	0.32709040399257006	0.47722346700660667	0.5542160002069221	0.32046669235387215	0.45366688633983837	0.5226311384006772	0.41424077793715514	0.22396251570267667	0.35738218401947247	0.12162622585999543	0.07242961828810954	0.0	0.09816041592120575	0.4095883958615196	0.5257313036726656	0.5495166693852749	0.4382441495897007	0.5379429116355956	0.3270809971430908	0.48813078608556076	0.5919634172928734	0.5945185336093893	0.5761001847697603	0.4865377434673791	0.4477711854837667	0.3769816935526902	0.46359421921499566	0.46201295305207435	0.5769290285107808	0.41260403954749536	0.5205523869368269	0.5697211793403418	0.4590229237975415	0.41743304640700984	0.33393821899455817	0.5122142665571318
S28Hp	0.6567281557780892	0.601197088073343	0.6061982387770259	0.5590799770544067	0.5261337807798308	0.5661014464959669	0.5633221411420247	0.41844072897717055	0.457085323179233	0.4468662329270578	0.4069174874040065	0.38371739482956146	0.5338504578435981	0.6108429910439135	0.37709368319086356	0.5102938771768297	0.5792581292376686	0.47086776877414654	0.2805895065396681	0.4140091748564639	0.17825321669698685	0.12905660912510095	0.09816041592120575	0.0	0.46621538669851104	0.582358294509657	0.6061436602222663	0.4948711404266921	0.594569902472587	0.3837079879800822	0.5447577769225522	0.6485904081298648	0.6511455244463807	0.6327271756067517	0.5431647343043705	0.5043981763207581	0.4336086843896816	0.5202212100519871	0.5186399438890658	0.6335560193477722	0.46923103038448677	0.5771793777738183	0.6263481701773332	0.5156499146345329	0.47406003724400125	0.3905652098315496	0.5688412573941232
s12pp	0.47824292634680465	0.4227118586420585	0.4277130093457414	0.3805947476231222	0.3476485513485462	0.38761621706468236	0.3848369117107402	0.239955499545886	0.2786000937479484	0.2683810034957732	0.2284322579727219	0.20523216539827685	0.35536522841231344	0.43235776161262895	0.19860845375957892	0.38264487665056424	0.45160912871140313	0.343218768247881	0.37049165243577303	0.5039113207525688	0.3864580582474181	0.41032064528848167	0.4095883958615196	0.46621538669851104	0.0	0.39229528851147805	0.41608065422408735	0.3048081344285132	0.404506896474408	0.2052227585487976	0.3662725474912676	0.47010517869858015	0.4726602950150961	0.4542419461754671	0.36467950487308587	0.32591294688947353	0.25512345495839694	0.3417359806207025	0.3401547144577811	0.45507078991648753	0.2907458009532022	0.3986941483425337	0.4478629407460486	0.33716468520324827	0.29557480781271667	0.212079980400265	0.3903560279628386
s27pp	0.5943858341579504	0.5388547664532044	0.5438559171568873	0.496737655434268	0.4637914591596921	0.5037591248758282	0.500979819521886	0.35609840735703185	0.3947430015590943	0.3845239113069191	0.3445751657838678	0.32137507320942277	0.47150813622345933	0.5485006694237748	0.31475136157072486	0.4987877844617101	0.567752036522549	0.4593616760590269	0.486634560246919	0.6200542285637147	0.502600966058564	0.5264635530996276	0.5257313036726656	0.582358294509657	0.39229528851147805	0.0	0.4394140569060585	0.3863476550872226	0.48604641713311747	0.3213656663599435	0.4824154553024135	0.5862480865097262	0.588803202826242	0.570384853986613	0.48082241268423176	0.4420558547006195	0.3712663627695429	0.45787888843184843	0.45629762226892706	0.5712136977276334	0.40688870876434813	0.5148370561536796	0.5640058485571946	0.4533075930143942	0.4117177156238626	0.3282228882114109	0.5064989357739844
F6H1	0.6181711998705598	0.5626401321658137	0.5676412828694966	0.5205230211468773	0.48757682487230136	0.5275444905884376	0.5247651852344953	0.37988377306964116	0.4185283672717036	0.4083092770195284	0.36836053149647713	0.3451604389220321	0.4952935019360687	0.5722860351363841	0.33853672728333417	0.5225731501743194	0.5915374022351583	0.4831470417716362	0.5104199259595282	0.643839594276324	0.5263863317711732	0.5502489188122369	0.5495166693852749	0.6061436602222663	0.41608065422408735	0.4394140569060585	0.0	0.4101330207998319	0.5098317828457268	0.3451510320725528	0.5062008210150228	0.6100334522223354	0.6125885685388514	0.5941702196992223	0.5046077783968411	0.46584122041322873	0.3950517284821522	0.4816642541444577	0.48008298798153637	0.5949990634402428	0.4306740744769574	0.538622421866289	0.5877912142698039	0.4770929587270035	0.43550308133647186	0.3520082539240202	0.5302843014865938
s18pp	0.5068986800749857	0.45136761237023953	0.4563687630739225	0.4092505013513032	0.3763043050767273	0.4162719707928634	0.4134926654389212	0.26861125327406704	0.3072558474761295	0.2970367572239543	0.25708801170090295	0.2338879191264579	0.3840209821404945	0.46101351534081003	0.22726420748776	0.41130063037874526	0.48026488243958415	0.371874521976062	0.39914740616395405	0.5325670744807498	0.4151138119755991	0.43897639901666274	0.4382441495897007	0.4948711404266921	0.3048081344285132	0.3863476550872226	0.4101330207998319	0.0	0.34444087191116307	0.23387851227697865	0.3949283012194486	0.4987609324267612	0.5013160487432772	0.48289769990364817	0.39333525860126695	0.35456870061765455	0.283779208686578	0.3703917343488835	0.3688104681859622	0.4837265436446686	0.3194015546813832	0.4273499020707147	0.4765186944742297	0.36582043893142935	0.3242305615408977	0.24073573412844607	0.4190117816910196
S11Hp	0.6065974421208804	0.5510663744161344	0.5560675251198173	0.5089492633971979	0.4760030671226221	0.5159707328387582	0.5131914274848159	0.3683100153199618	0.4069546095220243	0.39673551926984907	0.3567867737467978	0.33358668117235274	0.4837197441863893	0.5607122773867048	0.32696296953365483	0.5109993924246401	0.579963644485479	0.47157328402195686	0.49884616820984895	0.6322658365266447	0.5148125740214939	0.5386751610625575	0.5379429116355956	0.594569902472587	0.404506896474408	0.48604641713311747	0.5098317828457268	0.34444087191116307	0.0	0.3335772743228735	0.49462706326534345	0.5984596944726561	0.601014810789172	0.582596461949543	0.49303402064716173	0.45426746266354945	0.38347797073247286	0.4700904963947784	0.46850923023185703	0.5834253056905634	0.4191003167272781	0.5270486641166096	0.5762174565201246	0.4655192009773242	0.4239293235867926	0.34043449617434085	0.5187105437369144
s2pp	0.33799276581850923	0.2824616981137631	0.2874628488174461	0.24034458709482678	0.20739839082025086	0.247366056536387	0.2445867511824448	0.09970533901759063	0.13834993321965305	0.12813084296747784	0.08818209744442654	0.06498200486998151	0.21511506788401813	0.2921076010843336	0.07956867002953127	0.30013747793213535	0.36910172999297425	0.2607113695294521	0.2879842537173442	0.42140392203413995	0.3039506595289892	0.32781324657005284	0.3270809971430908	0.3837079879800822	0.2052227585487976	0.3213656663599435	0.3451510320725528	0.23387851227697865	0.3335772743228735	0.0	0.1977315283961107	0.3015641596034233	0.30411927591993926	0.28570092708031025	0.196138485777929	0.18566278636117817	0.11487329443010162	0.20148582009240712	0.1999045539294858	0.3148206293881922	0.15049564042490682	0.25844398781423833	0.3076127802177533	0.19691452467495296	0.1553246472844213	0.07182981987196964	0.2501058674345432
f3pp	0.49904255476097925	0.4435114870562331	0.44851263775991607	0.4013943760372968	0.3684481797627208	0.408415845478857	0.4056365401249148	0.2607551279600606	0.29939972216212307	0.28918063190994786	0.24923188638689653	0.22603179381245148	0.3761648568264881	0.45315739002680355	0.24061845897200124	0.4611872668746053	0.5301515189354442	0.4217611584719221	0.44903404265981417	0.5824537109766099	0.46500044847145916	0.4888630355125228	0.48813078608556076	0.5447577769225522	0.3662725474912676	0.4824154553024135	0.5062008210150228	0.3949283012194486	0.49462706326534345	0.1977315283961107	0.0	0.39224053668779385	0.3947956530043098	0.4220786888253456	0.3325162475229644	0.3467125753036482	0.2759230833725716	0.36253560903487714	0.36095434287195577	0.4758704183306622	0.31154542936737684	0.4194937767567083	0.46866256916022325	0.3579643136174229	0.3163744362268913	0.23287960881443964	0.41115565637701323
F14H1A	0.6028751859682918	0.5473441182635457	0.5523452689672286	0.5052270072446093	0.4722808109700334	0.5122484766861696	0.5094691713322274	0.3645877591673732	0.40323235336943564	0.3930132631172604	0.35306451759420915	0.3298644250197641	0.4799974880338007	0.5569900212341161	0.34445109017931386	0.5650198980819179	0.6339841501427568	0.5255937896792346	0.5528666738671268	0.6862863421839225	0.5688330796787717	0.5926956667198354	0.5919634172928734	0.6485904081298648	0.47010517869858015	0.5862480865097262	0.6100334522223354	0.4987609324267612	0.5984596944726561	0.3015641596034233	0.39224053668779385	0.0	0.4372705363329005	0.5259113200326582	0.43634887873027695	0.45054520651096075	0.3797557145798842	0.4663682402421897	0.4647869740792684	0.5797030495379748	0.4153780605746894	0.523326407964021	0.5724952003675359	0.46179694482473554	0.4202070674342039	0.3367122400217522	0.5149882875843258
S26Hp	0.6054303022848078	0.5498992345800616	0.5549003852837446	0.5077821235611253	0.47483592728654933	0.5148035930026855	0.5120242876487433	0.36714287548388913	0.4057874696859516	0.3955683794337764	0.3556196339107251	0.33241954133628004	0.48255260435031666	0.5595451375506322	0.3470062064958298	0.5675750143984339	0.6365392664592728	0.5281489059957507	0.5554217901836427	0.6888414585004385	0.5713881959952878	0.5952507830363514	0.5945185336093893	0.6511455244463807	0.4726602950150961	0.588803202826242	0.6125885685388514	0.5013160487432772	0.601014810789172	0.30411927591993926	0.3947956530043098	0.4372705363329005	0.0	0.5284664363491742	0.4389039950467929	0.4531003228274767	0.38231083089640017	0.46892335655870565	0.46734209039578434	0.5822581658544908	0.41793317689120535	0.5258815242805368	0.5750503166840518	0.4643520611412515	0.42276218375071983	0.33926735633826816	0.5175434039008417
S9H1	0.5870119534451788	0.5314808857404326	0.5364820364441156	0.4893637747214963	0.4564175784469203	0.4963852441630565	0.4936059388091143	0.3487245266442601	0.3873691208463226	0.37715003059414737	0.3372012850710961	0.31400119249665104	0.46413425551068765	0.5411267887110032	0.3285878576562008	0.5491566655588049	0.6181209176196438	0.5097305571561217	0.5370034413440137	0.6704231096608095	0.5529698471556588	0.5768324341967224	0.5761001847697603	0.6327271756067517	0.4542419461754671	0.570384853986613	0.5941702196992223	0.48289769990364817	0.582596461949543	0.28570092708031025	0.4220786888253456	0.5259113200326582	0.5284664363491742	0.0	0.36160436690548825	0.4346819739878477	0.36389248205677116	0.45050500771907664	0.44892374155615533	0.5638398170148617	0.39951482805157634	0.5074631754409078	0.5566319678444228	0.4459337123016225	0.4043438349110908	0.32084900749863915	0.49912505506121274
S22Hp	0.49744951214279753	0.4419184444380514	0.4469195951417344	0.39980133341911506	0.36685513714453916	0.4068228028606753	0.4040434975067331	0.25916208534187896	0.29780667954394135	0.28758758929176614	0.24763884376871484	0.2244387511942698	0.37457181420830643	0.4515643474086219	0.23902541635381955	0.4595942242564236	0.5285584763172625	0.42016811585374036	0.44744100004163245	0.5808606683584282	0.46340740585327744	0.48726999289434114	0.4865377434673791	0.5431647343043705	0.36467950487308587	0.48082241268423176	0.5046077783968411	0.39333525860126695	0.49303402064716173	0.196138485777929	0.3325162475229644	0.43634887873027695	0.4389039950467929	0.36160436690548825	0.0	0.34511953268546647	0.27433004075438994	0.3609425664166954	0.3593613002537741	0.4742773757124805	0.3099523867491951	0.4179007341385266	0.4670695265420416	0.35637127099924126	0.3147813936087096	0.23128656619625793	0.4095626137588315
f1pp	0.4368874530984803	0.3813563853937342	0.3863575360974171	0.33923927437479784	0.3062930781002219	0.346260743816358	0.34348143846241586	0.19860002629756165	0.23724462049962408	0.22702553024744887	0.18707678472439757	0.1638766921499525	0.3140097551639891	0.3910022883643046	0.2002588583702072	0.4208276662728113	0.4897919183336502	0.3814015578701281	0.40867444205802017	0.5420941103748159	0.42464084786966516	0.44850343491072875	0.4477711854837667	0.5043981763207581	0.32591294688947353	0.4420558547006195	0.46584122041322873	0.35456870061765455	0.45426746266354945	0.18566278636117817	0.3467125753036482	0.45054520651096075	0.4531003228274767	0.4346819739878477	0.34511953268546647	0.0	0.11097493248932608	0.21316562120088217	0.27637068816187027	0.3912867636205766	0.22696177465729128	0.33491012204662274	0.3840789144501377	0.2733806589073374	0.23179078151680577	0.17072450715194065	0.34900055471451424
s1pp	0.36609796116740373	0.3105668934626576	0.31556804416634054	0.26844978244372125	0.2355035861691453	0.27547125188528143	0.27269194653133927	0.1278105343664851	0.16645512856854752	0.1562360383163723	0.11628729279332099	0.09308720021887595	0.24322026323291257	0.3202127964332281	0.12946936643913065	0.35003817434173473	0.4190024264025736	0.3106120659390515	0.3378849501269436	0.47130461844373933	0.3538513559385886	0.3777139429796522	0.3769816935526902	0.4336086843896816	0.25512345495839694	0.3712663627695429	0.3950517284821522	0.283779208686578	0.38347797073247286	0.11487329443010162	0.2759230833725716	0.3797557145798842	0.38231083089640017	0.36389248205677116	0.27433004075438994	0.11097493248932608	0.0	0.1423761292698056	0.20558119623079368	0.32049727168950004	0.15617228272621472	0.2641206301155462	0.3132894225190611	0.20259116697626084	0.1610012895857292	0.09993501522086409	0.27821106278343766
S1Hp	0.45271048682970927	0.39717941912496313	0.40218056982864603	0.3550623081060268	0.32211611183145084	0.36208377754758697	0.3593044721936448	0.2144230600287906	0.25306765423085303	0.24284856397867782	0.20289981845562652	0.17969972588118147	0.32983278889521805	0.40682532209553357	0.21608189210143616	0.43665070000404027	0.5056149520648792	0.39722459160135704	0.4244974757892491	0.5579171441060449	0.4404638816008941	0.4643264686419577	0.46359421921499566	0.5202212100519871	0.3417359806207025	0.45787888843184843	0.4816642541444577	0.3703917343488835	0.4700904963947784	0.20148582009240712	0.36253560903487714	0.4663682402421897	0.46892335655870565	0.45050500771907664	0.3609425664166954	0.21316562120088217	0.1423761292698056	0.0	0.2921937218930992	0.4071097973518056	0.24278480838852023	0.3507331557778517	0.39990194818136665	0.2892036926385664	0.24761381524803472	0.1865475408831696	0.3648235884457432
f16ppB	0.4511292206667879	0.39559815296204176	0.4005993036657247	0.3534810419431054	0.3205348456685295	0.3605025113846656	0.35772320603072344	0.21284179386586927	0.2514863880679317	0.24126729781575648	0.20131855229270518	0.17811845971826012	0.32825152273229674	0.40524405593261226	0.21450062593851482	0.4350694338411189	0.5040336859019579	0.39564332543843567	0.42291620962632775	0.5563358779431236	0.43888261543797275	0.4627452024790364	0.46201295305207435	0.5186399438890658	0.3401547144577811	0.45629762226892706	0.48008298798153637	0.3688104681859622	0.46850923023185703	0.1999045539294858	0.36095434287195577	0.4647869740792684	0.46734209039578434	0.44892374155615533	0.3593613002537741	0.27637068816187027	0.20558119623079368	0.2921937218930992	0.0	0.3782591710198252	0.21393418205653988	0.32188252944587137	0.3710513218493863	0.260353066306586	0.21876318891605437	0.1849662747202483	0.36324232228282183
w9pp	0.5660452961254943	0.5105142284207481	0.5155153791244311	0.4683971174018118	0.4354509211272358	0.475418586843372	0.4726392814894298	0.3277578693245756	0.3664024635266381	0.35618337327446287	0.3162346277514116	0.29303453517696654	0.44316759819100315	0.5201601313913187	0.32941670139722123	0.5499855092998254	0.6189497613606643	0.5105594008971421	0.5378322850850341	0.67125195340183	0.5537986908966792	0.5776612779377428	0.5769290285107808	0.6335560193477722	0.45507078991648753	0.5712136977276334	0.5949990634402428	0.4837265436446686	0.5834253056905634	0.3148206293881922	0.4758704183306622	0.5797030495379748	0.5822581658544908	0.5638398170148617	0.4742773757124805	0.3912867636205766	0.32049727168950004	0.4071097973518056	0.3782591710198252	0.0	0.20945178773240117	0.40863199119307747	0.4578007835965924	0.34710252805379205	0.30551265066326044	0.29988235017895465	0.47815839774152824
s3pp	0.40172030716220897	0.3461892394574628	0.3511903901611457	0.3040721284385265	0.27112593216395053	0.31109359788008667	0.3083142925261445	0.1634328803612903	0.20207747456335273	0.19185838431117752	0.15190963878812622	0.12870954621368116	0.27884260922771775	0.35583514242803327	0.16509171243393586	0.38566052033653997	0.45462477239737886	0.34623441193385673	0.3735072961217488	0.5069269644385446	0.3894737019333938	0.4133362889744574	0.41260403954749536	0.46923103038448677	0.2907458009532022	0.40688870876434813	0.4306740744769574	0.3194015546813832	0.4191003167272781	0.15049564042490682	0.31154542936737684	0.4153780605746894	0.41793317689120535	0.39951482805157634	0.3099523867491951	0.22696177465729128	0.15617228272621472	0.24278480838852023	0.21393418205653988	0.20945178773240117	0.0	0.24430700222979207	0.29347579463330703	0.1827775390905067	0.14118766169997507	0.1355573612156693	0.3138334087782429
f30pp	0.5096686545515404	0.4541375868467943	0.45913873755047724	0.41202047582785795	0.379074279553282	0.4190419452694182	0.41626263991547596	0.2713812277506218	0.31002582195268424	0.29980673170050903	0.2598579861774577	0.23665789360301265	0.38679095661704926	0.4637834898173647	0.27304005982326734	0.4936088677258714	0.5625731197867103	0.4541827593231882	0.4814556435110803	0.614875311827876	0.49742204932272527	0.5212846363637889	0.5205523869368269	0.5771793777738183	0.3986941483425337	0.5148370561536796	0.538622421866289	0.4273499020707147	0.5270486641166096	0.25844398781423833	0.4194937767567083	0.523326407964021	0.5258815242805368	0.5074631754409078	0.4179007341385266	0.33491012204662274	0.2641206301155462	0.3507331557778517	0.32188252944587137	0.40863199119307747	0.24430700222979207	0.0	0.23267933857005804	0.18978901188630726	0.2079450992565851	0.24350570860500081	0.4217817561675744
w3pp	0.5588374469550553	0.5033063792503092	0.5083075299539921	0.46118926823137285	0.4282430719567969	0.4682107376729331	0.46543143231899087	0.3205500201541367	0.35919461435619915	0.34897552410402394	0.30902677858097266	0.2858266860065276	0.4359597490205642	0.5129522822208796	0.3222088522267823	0.5427776601293863	0.6117419121902252	0.5033515517267031	0.5306244359145953	0.6640441042313909	0.5465908417262402	0.5704534287673039	0.5697211793403418	0.6263481701773332	0.4478629407460486	0.5640058485571946	0.5877912142698039	0.4765186944742297	0.5762174565201246	0.3076127802177533	0.46866256916022325	0.5724952003675359	0.5750503166840518	0.5566319678444228	0.4670695265420416	0.3840789144501377	0.3132894225190611	0.39990194818136665	0.3710513218493863	0.4578007835965924	0.29347579463330703	0.23267933857005804	0.0	0.2389578042898222	0.25711389166010007	0.2926745010085157	0.4709505485710893
s30pp	0.44813919141225506	0.3926081237075089	0.39760927441119187	0.3504910126885726	0.3175448164139967	0.35751248213013276	0.3547331767761906	0.20985176461133642	0.24849635881339888	0.23827726856122364	0.19832852303817233	0.17512843046372728	0.3252614934777639	0.4022540266780794	0.21151059668398198	0.43207940458658606	0.501043656647425	0.3926532961839028	0.4199261803717949	0.5533458486885907	0.4358925861834399	0.45975517322450354	0.4590229237975415	0.5156499146345329	0.33716468520324827	0.4533075930143942	0.4770929587270035	0.36582043893142935	0.4655192009773242	0.19691452467495296	0.3579643136174229	0.46179694482473554	0.4643520611412515	0.4459337123016225	0.35637127099924126	0.2733806589073374	0.20259116697626084	0.2892036926385664	0.260353066306586	0.34710252805379205	0.1827775390905067	0.18978901188630726	0.2389578042898222	0.0	0.14641563611729974	0.18197624546571545	0.360252293028289
