	F1H1	31021	S25Hp	S6Hp	S17H1	S2Hp	S29H1	S22Hp	F32H1	31328	s24H1	S21H1	F7H1	F23HpA	530258	31300	F8H1	530119	530050	S11Hp	s26pp	s27pp	S23Hp	s23pp	s2pp	s32pp	s1pp	w30pp	s22pp	s28pp	s13pp	s7pp	s25pp	31750	531414	F14H1B	S8Hp	S7Hp	s14pp	s19pp	s30pp	S30H1	s17pp	s24pp	s29pp	S10H1	s3pp	S28Hp	s12pp	s10pp	F29H1	S31Hp	S4Hp	S15Hp	31009	S3Hp	F22H1A	F6H1	S26Hp
F1H1	0.0	0.19332073766525626	0.14424587025379812	0.22992674011417222	0.31100008613696106	0.3116726522731537	0.34929621816654327	0.3536885173436889	0.3333629726002564	0.33811969479742376	0.34697154771554006	0.3523221430694766	0.3412342901138876	0.3026284583114606	0.36830464416890485	0.3415365974004881	0.32762206326060367	0.3484183611836673	0.369677754192516	0.32331503159306696	0.38401889574526776	0.4296790714779083	0.5011222096952477	0.5002388973824163	0.4005319250904669	0.41454001427619186	0.4408976564153975	0.5145421177429794	0.4482719384117889	0.4517240884095998	0.4580904215272808	0.4135604403575173	0.34908167633359616	0.4945223936929662	0.4872211097744531	0.41347741897869256	0.38556673226170646	0.3542726776487813	0.4780767052092045	0.4636473084035918	0.424230434838163	0.5072223703574339	0.40475413077050026	0.44562030944991976	0.4589559729757793	0.34817625923273593	0.3669593159285372	0.29290186186584394	0.3896368254779396	0.3547090054808419	0.3151658432791604	0.2565577972396712	0.28116011634814897	0.3509803873699824	0.33473770220542254	0.2879850383723591	0.2804913360764385	0.22058743657608873	0.1888681160851113
31021	0.19332073766525626	0.0	0.060784115002407074	0.2042753597674587	0.2853487057902475	0.2860212719264402	0.3236448378198298	0.32803713699697534	0.3077115922535429	0.3124683144507102	0.32132016736882657	0.32667076272276313	0.31558290976717407	0.27697707796474713	0.3426532638221913	0.3158852170537746	0.3019706829138902	0.32276698083695377	0.3440263738458025	0.29766365124635347	0.35836751539855427	0.4040276911311948	0.47547082934853413	0.4745875170357029	0.37488054474375343	0.38888863392947837	0.41524627606868403	0.48889073739626593	0.4226205580650754	0.42607270806288633	0.4324390411805673	0.38790906001080383	0.32343029598688267	0.4688710133462527	0.4615697294277396	0.38782603863197906	0.35991535191499296	0.3286212973020678	0.452425324862491	0.4379959280568783	0.3985790544914495	0.4815709900107204	0.37910275042378677	0.41996892910320627	0.4333045926290658	0.32252487888602244	0.3413079355818237	0.26725048151913045	0.3639854451312261	0.3290576251341284	0.2895144629324469	0.2309064168929577	0.2555087360014354	0.32532900702326883	0.30908632185870905	0.2623336580256456	0.254839955729725	0.1949360562293752	0.1632167357383978
S25Hp	0.14424587025379812	0.060784115002407074	0.0	0.15520049235600053	0.23627383837878935	0.23694640451498206	0.2745699704083716	0.2789622695855172	0.2586367248420847	0.26339344703925205	0.2722452999573684	0.27759589531130496	0.2665080423557159	0.22790221055328896	0.29357839641073313	0.2668103496423164	0.252895815502432	0.2736921134254956	0.2949515064343443	0.2485887838348953	0.3092926479870961	0.35495282371973663	0.42639596193707596	0.42551264962424473	0.32580567733229526	0.3398137665180202	0.36617140865722586	0.43981586998480776	0.37354569065361726	0.37699784065142816	0.38336417376910914	0.33883419259934566	0.2743554285754245	0.41979614593479453	0.41249486201628144	0.3387511712205209	0.3108404845035348	0.2795464298906096	0.4033504574510328	0.38892106064542015	0.3495041870799913	0.43249612259926223	0.3300278830123286	0.3708940616917481	0.3842297252176076	0.27345001147456427	0.29223306817036554	0.21817561410767228	0.31491057771976794	0.27998275772267023	0.24043959552098876	0.18183154948149954	0.20643386858997725	0.27625413961181067	0.2600114544472509	0.21325879061418745	0.20576508831826684	0.14586118881791704	0.11414186832693962
S6Hp	0.22992674011417222	0.2042753597674587	0.15520049235600053	0.0	0.2348486963000032	0.23552126243619587	0.2731448283295854	0.27753712750673104	0.25721158276329853	0.2619683049604659	0.2708201578785822	0.2761707532325188	0.26508290027692977	0.22647706847450277	0.292153254331947	0.26538520756353023	0.2514706734236458	0.27226697134670946	0.2935263643555581	0.24716364175610916	0.3078675059083099	0.35352768164095044	0.42497081985828977	0.42408750754545854	0.3243805352535091	0.338388624439234	0.36474626657843967	0.43839072790602157	0.37212054857483107	0.37557269857264197	0.38193903169032295	0.3374090505205595	0.2729302864966383	0.41837100385600834	0.41106971993749525	0.3373260291417347	0.3094153424247486	0.27812128781182344	0.4019253153722466	0.38749591856663396	0.3480790450012051	0.43107098052047604	0.3286027409335424	0.3694689196129619	0.38280458313882143	0.2720248693957781	0.29080792609157935	0.2167504720288861	0.31348543564098175	0.27855761564388404	0.23901445344220262	0.1804064074027134	0.20500872651119112	0.27482899753302453	0.2585863123684647	0.21183364853540132	0.2347640070394597	0.1748601075391099	0.16142645567027053
S17H1	0.31100008613696106	0.2853487057902475	0.23627383837878935	0.2348486963000032	0.0	0.061676799942789	0.26142350168139683	0.26581580085854245	0.24549025611510997	0.26689376948819576	0.27574562240631206	0.2810962177602486	0.2700083648046596	0.23140253300223262	0.29707871885967685	0.27031067209126014	0.2563961379513757	0.2771924358744393	0.29845182888328803	0.252089106283839	0.3439189115053287	0.3895790872379693	0.4610222254553086	0.46013891314247735	0.3604319408505279	0.3744400300362528	0.4007976721754585	0.47444213350304043	0.4081719541718499	0.4116241041696608	0.41799043728734175	0.3734604561175783	0.3089816920936571	0.45442240945302714	0.4471211255345141	0.3733774347387535	0.34546674802176747	0.31417269340884224	0.43797672096926543	0.4235473241636528	0.3841304505982239	0.4671223861174949	0.3646541465305613	0.4055203252099807	0.4188559887358403	0.3080762749927969	0.32685933168859815	0.2528018776259049	0.34953684123800055	0.31460902124090284	0.2750658590392214	0.2164578129997322	0.26694145559691085	0.33676172661874426	0.3205190414541844	0.27376637762112105	0.3158373530622485	0.2559334535618987	0.24249980169305935
S2Hp	0.3116726522731537	0.2860212719264402	0.23694640451498206	0.23552126243619587	0.061676799942789	0.0	0.26209606781758954	0.2664883669947351	0.24616282225130265	0.2675663356243884	0.2764181885425048	0.28176878389644133	0.27068093094085227	0.2320750991384253	0.2977512849958695	0.2709832382274528	0.2570687040875684	0.27786500201063197	0.2991243950194807	0.25276167242003167	0.3445914776415214	0.39025165337416196	0.4616947915915013	0.46081147927867006	0.3611045069867206	0.3751125961724455	0.4014702383116512	0.4751146996392331	0.4088445203080426	0.4122966703058535	0.41866300342353446	0.374133022253771	0.3096542582298498	0.45509497558921985	0.44779369167070676	0.3740500008749462	0.3461393141579601	0.31484525954503495	0.43864928710545814	0.42421989029984547	0.38480301673441664	0.46779495225368756	0.3653267126667539	0.4061928913461734	0.41952855487203294	0.3087488411289896	0.32753189782479086	0.2534744437620976	0.35020940737419326	0.31528158737709555	0.27573842517541414	0.21713037913592492	0.26761402173310356	0.33743429275493697	0.3211916075903771	0.2744389437573137	0.3165099191984412	0.2566060196980914	0.24317236782925203
S29H1	0.34929621816654327	0.3236448378198298	0.2745699704083716	0.2731448283295854	0.26142350168139683	0.26209606781758954	0.0	0.2756358315402244	0.25531028679679196	0.30518990151777803	0.3140417544358943	0.3193923497898309	0.3083044968342419	0.2696986650318149	0.3353748508892591	0.30860680412084235	0.29469226998095793	0.3154885679040216	0.33674796091287024	0.2903852383134212	0.382215043534911	0.4278752192675515	0.49931835748489084	0.4984350451720596	0.39872807288011014	0.4127361620658351	0.43909380420504074	0.5127382655326227	0.44646808620143213	0.44992023619924304	0.456286569316924	0.41175658814716054	0.3472778241232394	0.4927185414826094	0.4854172575640963	0.4116735667683358	0.3837628800513497	0.3524688254384245	0.4762728529988477	0.461843456193235	0.4224265826278062	0.5054185181470772	0.4029502785601435	0.443816457239563	0.4571521207654225	0.34637240702237915	0.3651554637181804	0.29109800965548716	0.3878329732675828	0.3529051532704851	0.3133619910688037	0.2547539450293145	0.3052375876264931	0.3750578586483265	0.3588151734837667	0.31206250965070326	0.35413348509183074	0.29422958559148094	0.28079593372264156
S22Hp	0.3536885173436889	0.32803713699697534	0.2789622695855172	0.27753712750673104	0.26581580085854245	0.2664883669947351	0.2756358315402244	0.0	0.22563347574363743	0.3095822006949236	0.3184340536130399	0.32378464896697645	0.31269679601138745	0.27409096420896045	0.3397671500664047	0.31299910329798797	0.29908456915810355	0.31988086708116714	0.34114026009001586	0.29477753749056684	0.38660734271205655	0.43226751844469713	0.5037106566620364	0.5028273443492052	0.4031203720572557	0.41712846124298064	0.4434861033821863	0.5171305647097683	0.45086038537857775	0.4543125353763886	0.4606788684940696	0.4161488873243061	0.35167012330038494	0.49711084065975497	0.48980955674124194	0.41606586594548134	0.3881551792284953	0.35686112461557007	0.48066515217599326	0.46623575537038064	0.42681888180495176	0.5098108173242227	0.4073425777372891	0.44820875641670854	0.4615444199425681	0.3507647061995247	0.369547762895326	0.2954903088326327	0.3922252724447284	0.35729745244763067	0.31775429024594926	0.25914624420646004	0.3096298868036387	0.3794501578254721	0.36320747266091225	0.3164548088278489	0.35852578426897636	0.29862188476862656	0.2851882328997872
F32H1	0.3333629726002564	0.3077115922535429	0.2586367248420847	0.25721158276329853	0.24549025611510997	0.24616282225130265	0.25531028679679196	0.22563347574363743	0.0	0.2892566559514911	0.29810850886960744	0.303459104223544	0.29237125126795493	0.253765419465528	0.31944160532297217	0.29267355855455546	0.27875902441467104	0.29955532233773463	0.32081471534658335	0.2744519927471344	0.3662817979686241	0.4119419737012646	0.48338511191860395	0.4825017996057727	0.38279482731382325	0.3968029164995482	0.42316055863875385	0.49680501996633575	0.43053484063514524	0.43398699063295615	0.4403533237506371	0.39582334258087365	0.3313445785569525	0.4767852959163225	0.4694840119978094	0.3957403212020489	0.3678296344850628	0.3365355798721376	0.4603396074325608	0.44591021062694813	0.4064933370615193	0.4894852725807902	0.3870170329938566	0.4278832116732761	0.4412188751991356	0.33043916145609226	0.3492222181518935	0.27516476408920026	0.3718997277012959	0.3369719077041982	0.29742874550251674	0.23882069946302759	0.28930434206020617	0.3591246130820396	0.3428819279174798	0.2961292640844164	0.3382002395255439	0.2782963400251941	0.26486268815635466
31328	0.33811969479742376	0.3124683144507102	0.26339344703925205	0.2619683049604659	0.26689376948819576	0.2675663356243884	0.30518990151777803	0.3095822006949236	0.2892566559514911	0.0	0.2830408998245004	0.288391495178437	0.2773036422228479	0.23869781042042093	0.30437399627786516	0.2776059495094484	0.263691415369564	0.2844877132926276	0.3057471063014763	0.2593843837020273	0.3710385201657914	0.416698695898432	0.4881418341157713	0.48725852180294005	0.3875515495109906	0.4015596386967155	0.4279172808359212	0.5015617421635031	0.43529156283231263	0.4387437128301235	0.44511004594780446	0.400580064778041	0.3361013007541198	0.48154201811348984	0.4742407341949768	0.4004970433992162	0.37258635668223017	0.34129230206930494	0.46509632962972813	0.4506669328241155	0.41125005925868663	0.4942419947779576	0.391773755191024	0.4326399338704434	0.445975597396303	0.3351958836532596	0.35397894034906086	0.2799214862863676	0.37665644989846325	0.34172862990136554	0.30218546769968413	0.24357742166019491	0.29406106425737355	0.36388133527920696	0.3476386501146471	0.30088598628158375	0.34295696172271123	0.28305306222236143	0.26961941035352205
s24H1	0.34697154771554006	0.32132016736882657	0.2722452999573684	0.2708201578785822	0.27574562240631206	0.2764181885425048	0.3140417544358943	0.3184340536130399	0.29810850886960744	0.2830408998245004	0.0	0.09360595317803119	0.23287879384613636	0.22597322699051675	0.291649412847961	0.2648813660795442	0.2509668319396598	0.27176312986272344	0.2930225228715721	0.24665980027212311	0.3798903730839078	0.4255505488165483	0.49699368703388763	0.4961103747210564	0.39640340242910693	0.41041149161483187	0.43676913375403753	0.5104135950816194	0.4441434157504289	0.44759556574823983	0.4539618988659208	0.40943191769615733	0.34495315367223617	0.4903938710316062	0.4830925871130931	0.40934889631733257	0.38143820960034647	0.3501441549874213	0.4739481825478445	0.4595187857422318	0.420101912176803	0.5030938476960739	0.4006256081091403	0.44149178678855977	0.4548274503144193	0.34404773657137594	0.3628307932671772	0.28877333920448395	0.3855083028165796	0.3505804828194819	0.31103732061780043	0.25242927457831127	0.30291291717548985	0.37273318819732326	0.3564905030327635	0.3097378391997001	0.3518088146408276	0.2919049151404778	0.27847126327163835
S21H1	0.3523221430694766	0.32667076272276313	0.27759589531130496	0.2761707532325188	0.2810962177602486	0.28176878389644133	0.3193923497898309	0.32378464896697645	0.303459104223544	0.288391495178437	0.09360595317803119	0.0	0.23822938920007292	0.2313238223444533	0.29700000820189754	0.27023196143348077	0.25631742729359636	0.27711372521666	0.29837311822550866	0.25201039562605965	0.38524096843784433	0.43090114417048486	0.5023442823878241	0.501460970074993	0.4017539977830435	0.41576208696876843	0.4421197291079741	0.515764190435556	0.4494940111043655	0.4529461611021764	0.45931249421985737	0.4147825130500939	0.35030374902617273	0.49574446638554276	0.48844318246702967	0.4146994916712691	0.386788804954283	0.35549475034135786	0.47929877790178105	0.4648693810961684	0.42545250753073954	0.5084444430500105	0.40597620346307683	0.44684238214249633	0.46017804566835585	0.3493983319253125	0.36818138862111377	0.2941239345584205	0.39085889817051617	0.35593107817341846	0.316387915971737	0.25777986993224783	0.3082635125294264	0.3780837835512598	0.36184109838670003	0.31508843455363666	0.35715940999476414	0.29725551049441434	0.2838218586255749
F7H1	0.3412342901138876	0.31558290976717407	0.2665080423557159	0.26508290027692977	0.2700083648046596	0.27068093094085227	0.3083044968342419	0.31269679601138745	0.29237125126795493	0.2773036422228479	0.23287879384613636	0.23822938920007292	0.0	0.22023596938886425	0.2859121552463085	0.2591441084778917	0.24522957433800732	0.26602587226107094	0.2872852652699196	0.24092254267047064	0.37415311548225527	0.41981329121489586	0.49125642943223513	0.4903731171194039	0.39066614482745443	0.40467423401317937	0.43103187615238503	0.504676337479967	0.4384061581487765	0.44185830814658733	0.4482246412642683	0.40369466009450483	0.33921589607058367	0.4846566134299537	0.47735532951144066	0.40361163871568007	0.375700951998694	0.3444068973857688	0.468210924946192	0.45378152814057937	0.4143646545751505	0.49735659009442146	0.39488835050748783	0.43575452918690727	0.44909019271276684	0.33831047896972344	0.3570935356655247	0.28303608160283145	0.3797710452149271	0.3448432252178294	0.305300063016148	0.24669201697665877	0.2971756595738374	0.3669959305956708	0.35075324543111097	0.3040005815980476	0.3460715570391751	0.2861676575388253	0.2727340056699859
F23HpA	0.3026284583114606	0.27697707796474713	0.22790221055328896	0.22647706847450277	0.23140253300223262	0.2320750991384253	0.2696986650318149	0.27409096420896045	0.253765419465528	0.23869781042042093	0.22597322699051675	0.2313238223444533	0.22023596938886425	0.0	0.21168630943993122	0.1849182626715145	0.1710037285316301	0.19180002645469368	0.2130594194635424	0.16669669686409339	0.33554728367982833	0.38120745941246886	0.4526505976298082	0.45176728531697696	0.3520603130250275	0.36606840221075243	0.3924260443499581	0.46607050567754	0.3998003263463495	0.4032524763441604	0.40961880946184137	0.3650888282920779	0.30061006426815673	0.44605078162752676	0.43874949770901367	0.36500580691325313	0.33709512019626703	0.30580106558334186	0.42960509314376505	0.4151756963381524	0.37575882277272354	0.45875075829199446	0.35628251870506084	0.39714869738448033	0.41048436091033985	0.2997046471672965	0.31848770386309777	0.2444302498004045	0.34116521341250017	0.30623739341540246	0.26669423121372104	0.20808618517423183	0.25856982777141047	0.3283900987932439	0.31214741362868403	0.2653947497956206	0.3074657252367481	0.24756182573639832	0.23412817386755894
530258	0.36830464416890485	0.3426532638221913	0.29357839641073313	0.292153254331947	0.29707871885967685	0.2977512849958695	0.3353748508892591	0.3397671500664047	0.31944160532297217	0.30437399627786516	0.291649412847961	0.29700000820189754	0.2859121552463085	0.21168630943993122	0.0	0.23122904542774497	0.21731451128786053	0.23811080921092415	0.2593702022197728	0.21300747962032385	0.4012234695372725	0.4468836452699131	0.5183267834872524	0.5174434711744211	0.41773649888247166	0.4317445880681966	0.45810223020740226	0.5317466915349842	0.4654765122037937	0.46892866220160456	0.47529499531928554	0.43076501414952206	0.3662862501256009	0.5117269674849709	0.5044256835664579	0.4306819927706973	0.40277130605371125	0.371477251440786	0.4952812790012092	0.4808518821955966	0.4414350086301677	0.5244269441494387	0.42195870456250506	0.4628248832419245	0.4761605467677841	0.36538083302474067	0.38416388972054194	0.3101064356578487	0.40684139926994434	0.37191357927284663	0.3323704170711652	0.273762371031676	0.32424601362885463	0.39406628465068805	0.3778235994861282	0.33107093565306484	0.3731419110941923	0.3132380115938425	0.29980435972500313
31300	0.3415365974004881	0.3158852170537746	0.2668103496423164	0.26538520756353023	0.27031067209126014	0.2709832382274528	0.30860680412084235	0.31299910329798797	0.29267355855455546	0.2776059495094484	0.2648813660795442	0.27023196143348077	0.2591441084778917	0.1849182626715145	0.23122904542774497	0.0	0.1224999722861804	0.14329627020924401	0.1645556632180927	0.11819294061864372	0.3744554227688558	0.4201155985014963	0.49155873671883565	0.4906754244060044	0.39096845211405495	0.4049765412997799	0.43133418343898555	0.5049786447665674	0.43870846543537695	0.44216061543318785	0.44852694855086883	0.40399696738110535	0.3395182033571842	0.4849589207165542	0.47765763679804113	0.4039139460022806	0.3760032592852945	0.3447092046723693	0.4685132322327925	0.45408383542717984	0.414666961861751	0.4976588973810219	0.3951906577940883	0.4360568364735078	0.4493924999993673	0.33861278625632396	0.35739584295212523	0.28333838888943197	0.38007335250152763	0.3451455325044299	0.3056023703027485	0.2469943242632593	0.2974779668604379	0.36729823788227134	0.3510555527177115	0.30430288888464807	0.34637386432577555	0.28646996482542575	0.27303631295658637
F8H1	0.32762206326060367	0.3019706829138902	0.252895815502432	0.2514706734236458	0.2563961379513757	0.2570687040875684	0.29469226998095793	0.29908456915810355	0.27875902441467104	0.263691415369564	0.2509668319396598	0.25631742729359636	0.24522957433800732	0.1710037285316301	0.21731451128786053	0.1224999722861804	0.0	0.08771518031313544	0.10897457332198413	0.06261185072253514	0.3605408886289714	0.4062010643616119	0.47764420257895124	0.47676089026612	0.37705391797417054	0.3910620071598955	0.41741964929910114	0.49106411062668304	0.42479393129549253	0.42824608129330344	0.4346124144109844	0.39008243324122094	0.3256036692172998	0.4710443865766698	0.4637431026581567	0.3899994118623962	0.3620887251454101	0.3307946705324849	0.4545986980929081	0.4401693012872954	0.4007524277218666	0.4837443632411375	0.3812761236542039	0.4221423023336234	0.4354779658594829	0.32469825211643955	0.3434813088122408	0.26942385474954755	0.3661588183616432	0.3312309983645455	0.2916878361628641	0.23307979012337487	0.2835634327205535	0.3533837037423869	0.3371410185778271	0.29038835474476365	0.33245933018589113	0.27255543068554133	0.25912177881670195
530119	0.3484183611836673	0.32276698083695377	0.2736921134254956	0.27226697134670946	0.2771924358744393	0.27786500201063197	0.3154885679040216	0.31988086708116714	0.29955532233773463	0.2844877132926276	0.27176312986272344	0.27711372521666	0.26602587226107094	0.19180002645469368	0.23811080921092415	0.14329627020924401	0.08771518031313544	0.0	0.10070936699504081	0.054346644395591816	0.38133718655203497	0.42699736228467555	0.4984405005020148	0.4975571881891836	0.3978502158972341	0.41185830508295906	0.4382159472221647	0.5118604085497467	0.4455902292185562	0.449042379216367	0.455408712334048	0.4108787311642845	0.34639996714036336	0.4918406844997334	0.48453940058122036	0.41079570978545976	0.3828850230684737	0.3515909684555485	0.4753949960159717	0.46096559921035907	0.4215487256449302	0.5045406611642012	0.4020724215772675	0.44293860025668697	0.45627426378254654	0.34549455003950313	0.3642776067353044	0.29022015267261114	0.3869551162847068	0.3520272962876091	0.3124841340859277	0.25387608804643846	0.3043597306436171	0.3741800016654505	0.35793731650089067	0.3111846526678273	0.3532556281089548	0.293351728608605	0.2799180767397656
530050	0.369677754192516	0.3440263738458025	0.2949515064343443	0.2935263643555581	0.29845182888328803	0.2991243950194807	0.33674796091287024	0.34114026009001586	0.32081471534658335	0.3057471063014763	0.2930225228715721	0.29837311822550866	0.2872852652699196	0.2130594194635424	0.2593702022197728	0.1645556632180927	0.10897457332198413	0.10070936699504081	0.0	0.07023922271411862	0.4025965795608837	0.4482567552935242	0.5196998935108635	0.5188165811980323	0.41910960890608284	0.4331176980918078	0.45947534023101344	0.5331198015585954	0.46684962222740484	0.47030177222521574	0.4766681053428967	0.43213812417313324	0.3676593601492121	0.5131000775085821	0.505798793590069	0.4320551027943085	0.4041444160773224	0.3728503614643972	0.4966543890248204	0.4822249922192077	0.4428081186537789	0.5258000541730499	0.4233318145861162	0.4641979932655357	0.4775336567913952	0.36675394304835185	0.3855369997441531	0.31147954568145986	0.4082145092935555	0.3732866892964578	0.3337435270947764	0.2751354810552872	0.3256191236524658	0.3954393946742992	0.3791967095097394	0.33244404567667596	0.37451502111780344	0.31461112161745364	0.30117746974861426
S11Hp	0.32331503159306696	0.29766365124635347	0.2485887838348953	0.24716364175610916	0.252089106283839	0.25276167242003167	0.2903852383134212	0.29477753749056684	0.2744519927471344	0.2593843837020273	0.24665980027212311	0.25201039562605965	0.24092254267047064	0.16669669686409339	0.21300747962032385	0.11819294061864372	0.06261185072253514	0.054346644395591816	0.07023922271411862	0.0	0.3562338569614347	0.4018940326940752	0.4733371709114146	0.47245385859858335	0.3727468863066339	0.3867549754923588	0.4131126176315645	0.4867570789591463	0.4204868996279558	0.4239390496257668	0.43030538274344776	0.3857754015736843	0.3212966375497631	0.46673735490913315	0.45943607099062	0.3856923801948595	0.35778169347787336	0.32648763886494825	0.45029166642537144	0.4358622696197587	0.39644539605432993	0.4794373315736008	0.37696909198666717	0.4178352706660867	0.4311709341919462	0.3203912204489029	0.33917427714470416	0.2651168230820109	0.36185178669410656	0.32692396669700885	0.2873808044953274	0.22877275845583817	0.2792564010530168	0.3490766720748502	0.3328339869102904	0.286081323077227	0.3281522985183545	0.2682483990180047	0.2548147471491653
s26pp	0.38401889574526776	0.35836751539855427	0.3092926479870961	0.3078675059083099	0.3439189115053287	0.3445914776415214	0.382215043534911	0.38660734271205655	0.3662817979686241	0.3710385201657914	0.3798903730839078	0.38524096843784433	0.37415311548225527	0.33554728367982833	0.4012234695372725	0.3744554227688558	0.3605408886289714	0.38133718655203497	0.4025965795608837	0.3562338569614347	0.0	0.3348067035137494	0.4062498417310888	0.40536652941825757	0.30565955712630805	0.31966764631203304	0.3460252884512387	0.41966974977882054	0.35339957044763004	0.356851720445441	0.363218053563122	0.31868807239335845	0.2542093083694373	0.39965002572880737	0.3923487418102942	0.3186050510145337	0.2906943642975476	0.25940030968462247	0.3832043372450456	0.36877494043943293	0.32935806687400415	0.412350002393275	0.3098817628063414	0.35074794148576094	0.3640836050116204	0.292355564740258	0.3111386214360593	0.23708116737336601	0.3338161309854617	0.29888831098836394	0.3055035033057394	0.24689545726625017	0.3399602652052176	0.409780536227051	0.3935378510624912	0.34678518722942775	0.3888561626705552	0.32895226317020543	0.31551861130136605
s27pp	0.4296790714779083	0.4040276911311948	0.35495282371973663	0.35352768164095044	0.3895790872379693	0.39025165337416196	0.4278752192675515	0.43226751844469713	0.4119419737012646	0.416698695898432	0.4255505488165483	0.43090114417048486	0.41981329121489586	0.38120745941246886	0.4468836452699131	0.4201155985014963	0.4062010643616119	0.42699736228467555	0.4482567552935242	0.4018940326940752	0.3348067035137494	0.0	0.24126654376540307	0.24038323145257184	0.1406762591606224	0.22217814604865546	0.24853578818786112	0.322180249515443	0.2559100701842525	0.25936222018206345	0.26572855329974443	0.2211985721299809	0.1567198081060597	0.4005805769844784	0.3932792930659653	0.3195356022702048	0.2916249155532187	0.2603308609402935	0.3841348885007167	0.369705491695104	0.33028861812967525	0.4132805536489461	0.3108123140620125	0.35167849274143204	0.3650141562672915	0.3380157404728985	0.3567987971686998	0.2827413431060065	0.3794763067181022	0.34454848672100447	0.35116367903837986	0.2925556329988907	0.38562044093785813	0.45544071195969155	0.43919802679513176	0.39244536296206833	0.4345163384031958	0.374612438902846	0.3611787870340066
S23Hp	0.5011222096952477	0.47547082934853413	0.42639596193707596	0.42497081985828977	0.4610222254553086	0.4616947915915013	0.49931835748489084	0.5037106566620364	0.48338511191860395	0.4881418341157713	0.49699368703388763	0.5023442823878241	0.49125642943223513	0.4526505976298082	0.5183267834872524	0.49155873671883565	0.47764420257895124	0.4984405005020148	0.5196998935108635	0.4733371709114146	0.4062498417310888	0.24126654376540307	0.0	0.010927528764657916	0.161013640617233	0.29362128426599476	0.3199789264052004	0.3936233877327823	0.3273532084015919	0.3308053583994027	0.3371716915170837	0.2926417103473202	0.22816294632339904	0.47202371520181774	0.4647224312833047	0.3909787404875441	0.36306805377055806	0.33177399915763284	0.45557802671805603	0.4411486299124434	0.4017317563470145	0.48472369186628544	0.3822554522793518	0.4231216309587713	0.4364572944846309	0.4094588786902379	0.42824193538603916	0.3541844813233459	0.45091944493544156	0.41599162493834385	0.42260681725571925	0.36399877121623003	0.45706357915519746	0.5268838501770309	0.510641165012471	0.46388850117940766	0.5059594766205351	0.44605557712018534	0.4326219252513459
s23pp	0.5002388973824163	0.4745875170357029	0.42551264962424473	0.42408750754545854	0.46013891314247735	0.46081147927867006	0.4984350451720596	0.5028273443492052	0.4825017996057727	0.48725852180294005	0.4961103747210564	0.501460970074993	0.4903731171194039	0.45176728531697696	0.5174434711744211	0.4906754244060044	0.47676089026612	0.4975571881891836	0.5188165811980323	0.47245385859858335	0.40536652941825757	0.24038323145257184	0.010927528764657916	0.0	0.16013032830440177	0.29273797195316353	0.3190956140923692	0.3927400754199511	0.32646989608876065	0.3299220460865715	0.3362883792042525	0.291758398034489	0.2272796340105678	0.4711404028889865	0.4638391189704735	0.3900954281747129	0.36218474145772683	0.3308906868448016	0.4546947144052248	0.4402653175996122	0.4008484440341833	0.4838403795534542	0.3813721399665206	0.4222383186459401	0.43557398217179966	0.40857556637740666	0.42735862307320793	0.35330116901051467	0.45003613262261033	0.4151083126255126	0.421723504942888	0.3631154589033988	0.45618026684236623	0.5260005378641996	0.5097578526996398	0.46300518886657643	0.505076164307704	0.4451722648073541	0.4317386129385147
s2pp	0.4005319250904669	0.37488054474375343	0.32580567733229526	0.3243805352535091	0.3604319408505279	0.3611045069867206	0.39872807288011014	0.4031203720572557	0.38279482731382325	0.3875515495109906	0.39640340242910693	0.4017539977830435	0.39066614482745443	0.3520603130250275	0.41773649888247166	0.39096845211405495	0.37705391797417054	0.3978502158972341	0.41910960890608284	0.3727468863066339	0.30565955712630805	0.1406762591606224	0.161013640617233	0.16013032830440177	0.0	0.1930309996612141	0.21938864180041975	0.2930331031280016	0.22676292379681115	0.23021507379462205	0.23658140691230303	0.19205142574253953	0.12757266171861834	0.37143343059703704	0.364132146678524	0.2903884558827634	0.26247776916577736	0.23118371455285214	0.35498774211327533	0.3405583453076627	0.3011414717422338	0.38413340726150474	0.2816651676745711	0.3225313463539906	0.3358670098798502	0.30886859408545714	0.32765165078125846	0.2535941967185652	0.35032916033066086	0.3154013403335631	0.32201653265093855	0.26340848661144933	0.35647329455041676	0.4262935655722502	0.41005088040769033	0.3632982165746269	0.40536919201575444	0.34546529251540464	0.3320316406465652
s32pp	0.41454001427619186	0.38888863392947837	0.3398137665180202	0.338388624439234	0.3744400300362528	0.3751125961724455	0.4127361620658351	0.41712846124298064	0.3968029164995482	0.4015596386967155	0.41041149161483187	0.41576208696876843	0.40467423401317937	0.36606840221075243	0.4317445880681966	0.4049765412997799	0.3910620071598955	0.41185830508295906	0.4331176980918078	0.3867549754923588	0.31966764631203304	0.22217814604865546	0.29362128426599476	0.29273797195316353	0.1930309996612141	0.0	0.20639296500106194	0.2800374263286438	0.21376724699745334	0.2172193969952642	0.2235857301129452	0.17905574894318171	0.11457698491926051	0.385441519782762	0.37814023586424894	0.30439654506848834	0.2764858583515023	0.24519180373857713	0.36899583129900027	0.35456643449338765	0.3151495609279588	0.39814149644722974	0.2956732568602961	0.3365394355397156	0.3498750990655751	0.32287668327118213	0.3416597399669834	0.26760228590429014	0.3643372495163858	0.3294094295192881	0.3360246218366635	0.27741657579717427	0.3704813837361417	0.4403016547579751	0.42405896959341527	0.3773063057603519	0.4193772812014794	0.3594733817011296	0.34603972983229014
s1pp	0.4408976564153975	0.41524627606868403	0.36617140865722586	0.36474626657843967	0.4007976721754585	0.4014702383116512	0.43909380420504074	0.4434861033821863	0.42316055863875385	0.4279172808359212	0.43676913375403753	0.4421197291079741	0.43103187615238503	0.3924260443499581	0.45810223020740226	0.43133418343898555	0.41741964929910114	0.4382159472221647	0.45947534023101344	0.4131126176315645	0.3460252884512387	0.24853578818786112	0.3199789264052004	0.3190956140923692	0.21938864180041975	0.20639296500106194	0.0	0.09448116795372763	0.028210988622537188	0.031663138620348065	0.03802947173802906	0.04032963519970054	0.0963283817350634	0.41179916192196764	0.4044978780034546	0.330754187207694	0.30284350049070796	0.2715494458777828	0.3953534734382059	0.3809240766325933	0.3415072030671645	0.4244991385864354	0.32203089899950177	0.36289707767892126	0.3762327412047808	0.3492343254103878	0.36801738210618906	0.2939599280434958	0.39069489165559146	0.35576707165849375	0.36238226397586915	0.30377421793637993	0.39683902587534736	0.4666592968971808	0.45041661173262093	0.40366394789955756	0.44573492334068504	0.38583102384033524	0.3723973719714958
w30pp	0.5145421177429794	0.48889073739626593	0.43981586998480776	0.43839072790602157	0.47444213350304043	0.4751146996392331	0.5127382655326227	0.5171305647097683	0.49680501996633575	0.5015617421635031	0.5104135950816194	0.515764190435556	0.504676337479967	0.46607050567754	0.5317466915349842	0.5049786447665674	0.49106411062668304	0.5118604085497467	0.5331198015585954	0.4867570789591463	0.41966974977882054	0.322180249515443	0.3936233877327823	0.3927400754199511	0.2930331031280016	0.2800374263286438	0.09448116795372763	0.0	0.06714093072595322	0.07575933271725367	0.08212566583493466	0.11397409652728238	0.16997284306264523	0.48544362324954954	0.47814233933103645	0.4043986485352759	0.3764879618182898	0.34519390720536464	0.4689979347657878	0.45456853796017516	0.4151516643947464	0.49814359991401724	0.3956753603270836	0.43654153900650317	0.44987720253236263	0.42287878673796964	0.44166184343377096	0.3676043893710777	0.46433935298317336	0.4294115329860756	0.436026725303451	0.37741867926396183	0.47048348720292926	0.5403037582247627	0.5240610730602029	0.47730840922713946	0.5193793846682669	0.45947548516791714	0.4460418332990777
s22pp	0.4482719384117889	0.4226205580650754	0.37354569065361726	0.37212054857483107	0.4081719541718499	0.4088445203080426	0.44646808620143213	0.45086038537857775	0.43053484063514524	0.43529156283231263	0.4441434157504289	0.4494940111043655	0.4384061581487765	0.3998003263463495	0.4654765122037937	0.43870846543537695	0.42479393129549253	0.4455902292185562	0.46684962222740484	0.4204868996279558	0.35339957044763004	0.2559100701842525	0.3273532084015919	0.32646989608876065	0.22676292379681115	0.21376724699745334	0.028210988622537188	0.06714093072595322	0.0	0.009489153386063232	0.015855486503744222	0.04770391719609195	0.1037026637314548	0.4191734439183591	0.411872159999846	0.33812846920408546	0.31021778248709936	0.2789237278741742	0.4027277554345974	0.3882983586289847	0.3488814850635559	0.43187342058282674	0.3294051809958931	0.37027135967531266	0.3836070232011722	0.35660860740677913	0.37539166410258046	0.3013342100398872	0.39806917365198285	0.3631413536548851	0.3697565459722605	0.3111484999327713	0.40421330787173876	0.47403357889357217	0.4577908937290124	0.41103822989594896	0.45310920533707644	0.39320530583672664	0.3797716539678872
s28pp	0.4517240884095998	0.42607270806288633	0.37699784065142816	0.37557269857264197	0.4116241041696608	0.4122966703058535	0.44992023619924304	0.4543125353763886	0.43398699063295615	0.4387437128301235	0.44759556574823983	0.4529461611021764	0.44185830814658733	0.4032524763441604	0.46892866220160456	0.44216061543318785	0.42824608129330344	0.449042379216367	0.47030177222521574	0.4239390496257668	0.356851720445441	0.25936222018206345	0.3308053583994027	0.3299220460865715	0.23021507379462205	0.2172193969952642	0.031663138620348065	0.07575933271725367	0.009489153386063232	0.0	0.01930563650055504	0.051156067193902824	0.10715481372926568	0.42262559391616994	0.4153243099976569	0.3415806192018963	0.31366993248491026	0.2823758778719851	0.40617990543240823	0.3917505086267956	0.3523336350613668	0.4353255705806377	0.33285733099370407	0.37372350967312357	0.3870591731989831	0.3600607574045901	0.37884381410039136	0.3047863600376981	0.40152132364979376	0.36659350365269605	0.37320869597007145	0.31460064993058223	0.40766545786954966	0.4774857288913831	0.46124304372682323	0.41449037989375986	0.45656135533488734	0.39665745583453754	0.3832238039656981
s13pp	0.4580904215272808	0.4324390411805673	0.38336417376910914	0.38193903169032295	0.41799043728734175	0.41866300342353446	0.456286569316924	0.4606788684940696	0.4403533237506371	0.44511004594780446	0.4539618988659208	0.45931249421985737	0.4482246412642683	0.40961880946184137	0.47529499531928554	0.44852694855086883	0.4346124144109844	0.455408712334048	0.4766681053428967	0.43030538274344776	0.363218053563122	0.26572855329974443	0.3371716915170837	0.3362883792042525	0.23658140691230303	0.2235857301129452	0.03802947173802906	0.08212566583493466	0.015855486503744222	0.01930563650055504	0.0	0.057522400311583816	0.11352114684694667	0.4289919270338509	0.4216906431153379	0.3479469523195773	0.32003626560259124	0.28874221098966607	0.4125462385500892	0.3981168417444766	0.35869996817904776	0.4416919036983187	0.33922366411138505	0.38008984279080454	0.39342550631666406	0.36642709052227107	0.38521014721807234	0.3111526931553791	0.40788765676747474	0.37295983677037703	0.3795750290877524	0.3209669830482632	0.41403179098723064	0.48385206200906405	0.4676093768445042	0.42085671301144084	0.4629276884525683	0.4030237889522185	0.3895901370833791
s7pp	0.4135604403575173	0.38790906001080383	0.33883419259934566	0.3374090505205595	0.3734604561175783	0.374133022253771	0.41175658814716054	0.4161488873243061	0.39582334258087365	0.400580064778041	0.40943191769615733	0.4147825130500939	0.40369466009450483	0.3650888282920779	0.43076501414952206	0.40399696738110535	0.39008243324122094	0.4108787311642845	0.43213812417313324	0.3857754015736843	0.31868807239335845	0.2211985721299809	0.2926417103473202	0.291758398034489	0.19205142574253953	0.17905574894318171	0.04032963519970054	0.11397409652728238	0.04770391719609195	0.051156067193902824	0.057522400311583816	0.0	0.06899116567718318	0.38446194586408744	0.3771606619455744	0.3034169711498138	0.27550628443282776	0.24421222981990254	0.36801625738032573	0.3535868605747131	0.3141699870092842	0.39716192252855514	0.2946936829416215	0.335559861621041	0.3488955251469006	0.32189710935250754	0.34068016604830886	0.2666227119856156	0.36335767559771126	0.3284298556006135	0.33504504791798895	0.27643700187849973	0.36950180981746716	0.4393220808393006	0.42307939567474073	0.37632673184167736	0.41839770728280484	0.35849380778245504	0.3450601559136156
s25pp	0.34908167633359616	0.32343029598688267	0.2743554285754245	0.2729302864966383	0.3089816920936571	0.3096542582298498	0.3472778241232394	0.35167012330038494	0.3313445785569525	0.3361013007541198	0.34495315367223617	0.35030374902617273	0.33921589607058367	0.30061006426815673	0.3662862501256009	0.3395182033571842	0.3256036692172998	0.34639996714036336	0.3676593601492121	0.3212966375497631	0.2542093083694373	0.1567198081060597	0.22816294632339904	0.2272796340105678	0.12757266171861834	0.11457698491926051	0.0963283817350634	0.16997284306264523	0.1037026637314548	0.10715481372926568	0.11352114684694667	0.06899116567718318	0.0	0.3199831818401663	0.3126818979216532	0.23893820712589262	0.21102752040890654	0.17973346579598137	0.30353749335640456	0.2891080965507919	0.24969122298536306	0.3326831585046339	0.23021491891770032	0.27108109759711985	0.28441676112297937	0.2574183453285864	0.2762014020243877	0.2021439479616944	0.2988789115737901	0.26395109157669233	0.2705662838940678	0.21195823785457857	0.305023045793546	0.3748433168153794	0.35860063165081957	0.31184796781775614	0.3539189432588836	0.2940150437585338	0.28058139188969444
31750	0.4945223936929662	0.4688710133462527	0.41979614593479453	0.41837100385600834	0.45442240945302714	0.45509497558921985	0.4927185414826094	0.49711084065975497	0.4767852959163225	0.48154201811348984	0.4903938710316062	0.49574446638554276	0.4846566134299537	0.44605078162752676	0.5117269674849709	0.4849589207165542	0.4710443865766698	0.4918406844997334	0.5131000775085821	0.46673735490913315	0.39965002572880737	0.4005805769844784	0.47202371520181774	0.4711404028889865	0.37143343059703704	0.385441519782762	0.41179916192196764	0.48544362324954954	0.4191734439183591	0.42262559391616994	0.4289919270338509	0.38446194586408744	0.3199831818401663	0.0	0.39037599998860484	0.31663230919284424	0.2887216224758582	0.28700286385314566	0.41080689141356885	0.39637749460795624	0.35696062104252735	0.43995255656179827	0.33748431697486464	0.37835049565428414	0.3916861591801437	0.40285906268795646	0.42164211938375773	0.34758466532106447	0.4443196289331601	0.4093918089360624	0.4160070012534378	0.3573989552139486	0.45046376315291603	0.5202840341747494	0.5040413490101896	0.45728868517712623	0.4993596606182537	0.4394557611179039	0.4260221092490645
