	f8pp	f30pp	w1pp	f1pp	s1pp	w10pp	f10pp	w3pp	w2pp	f2pp	w13pp	f17ppA	f14ppB	f20ppB	w4pp	w20pp	S13Hp	f6ppB	S20H1	f6ppA	w6pp	w8pp	f14ppA	f32pp	S27H1	w19pp	S26Hp	F6H1	f13pp	f16ppA	f26pp	f31pp	f18pp	w18pp	f21pp	w17pp	f12ppA	s25pp	f9pp	w9pp	F14H1A	w26pp	S9H1	530295	S1Hp	w14pp	f29pp	w27pp	w15pp	f7pp	f4pp	f15pp	w11pp	f11pp	f12ppB	f19pp	f23ppA	f24pp	F7H1	f25pp	w16pp	f16ppB	f22ppB	w23pp	w12pp	f22ppA	S22Hp	S18H1
f8pp	0.0	0.14596910972915084	0.16583065065712962	0.20851189714377077	0.21789809886192874	0.14564642432918817	0.1745654402323065	0.1284514941850196	0.17344758085080267	0.16112863200154573	0.14541607923161426	0.142090315882164	0.12444828720419862	0.19703002186415697	0.2172312072686169	0.21438963551592144	0.3087249206304306	0.21576149252240812	0.29054676741507585	0.22431054570411024	0.22737201312028965	0.21722249966119184	0.2003761748911948	0.15789553912644633	0.3074417913365155	0.2643350318573821	0.3228359178221927	0.3022373272844381	0.1578112129281444	0.2541281270499353	0.19714677185007068	0.18936972155637066	0.21907656594435115	0.1950495387025401	0.1973581242907968	0.25175592539557534	0.2580657155748075	0.19037164535340972	0.17408231451040151	0.19277256253668568	0.2664926625622755	0.2483367861749644	0.29988353173915333	0.309582653349452	0.3106724386281018	0.2655645442847251	0.20850411202569807	0.21853084526316058	0.2563689605691716	0.17484882404984897	0.20073161965412933	0.1793403061718937	0.2035008317519319	0.2173187039798703	0.19169034452699252	0.2283242424596943	0.2559478269005598	0.17302575759857453	0.2644390263802309	0.17653866340021346	0.21490674655733583	0.16495027234857365	0.17301347559872632	0.1559398268495651	0.18781779091333342	0.14739221084582727	0.19067951366447988	0.2259660755775397
f30pp	0.14596910972915084	0.0	0.15519774591546964	0.19787899240211082	0.20726519412026878	0.13501351958752822	0.16393253549064654	0.11781858944335966	0.1798320723532753	0.1675131235040184	0.15180057073408693	0.14847480738463664	0.1308327787066713	0.2034145133666296	0.22361569877108955	0.2207741270183941	0.3151094121329033	0.22214598402488075	0.2969312589175485	0.2306950372065829	0.23375650462276232	0.2236069911636645	0.20676066639366744	0.164280030628919	0.31382628283898817	0.2707195233598548	0.32922040932466534	0.30862181878691075	0.16419570443061707	0.260512618552408	0.20353126335254332	0.19575421305884333	0.2254610574468238	0.20143403020501277	0.20374261579326944	0.258140416898048	0.2644502070772802	0.1967561368558824	0.18046680601287418	0.19915705403915834	0.27287715406474816	0.2547212776774371	0.306268023241626	0.3159671448519247	0.31705693013057445	0.27194903578719776	0.21488860352817074	0.22491533676563324	0.26275345207164424	0.18123331555232164	0.20711611115660197	0.18572479767436634	0.20988532325440454	0.22370319548234294	0.19807483602946518	0.23470873396216696	0.26233231840303245	0.1794102491010472	0.2708235178827036	0.18292315490268612	0.2212912380598085	0.17133476385104632	0.17939796710119899	0.16232431835203776	0.2074578018072955	0.16703222173978938	0.210319524558442	0.25422210227841757
w1pp	0.16583065065712962	0.15519774591546964	0.0	0.13511833935670559	0.14450454107486355	0.13321873258006287	0.1621377484831812	0.1274449494750955	0.1996936132812541	0.18737466443199718	0.1716621116620657	0.16833634831261543	0.15069431963465008	0.2232760542946084	0.24347723969906832	0.24063566794637287	0.33497095306088204	0.24200752495285954	0.3167927998455273	0.25055657813456167	0.2536180455507411	0.24346853209164326	0.22662220732164623	0.18414157155689775	0.33368782376696693	0.29058106428783353	0.34908195025264416	0.3284833597148895	0.18405724535859586	0.28037415948038674	0.2233928042805221	0.2156157539868221	0.24532259837480258	0.22129557113299153	0.22360415672124823	0.27800195782602677	0.28431174800525894	0.21661767778386118	0.20032834694085294	0.21901859496713713	0.2927386949927269	0.27458281860541583	0.32612956416960476	0.33582868577990344	0.3369184710585532	0.2918105767151765	0.2347501444561495	0.244776877693612	0.282614992999623	0.2010948564803004	0.22697765208458076	0.20558633860234513	0.22974686418238333	0.24356473641032172	0.21793637695744397	0.2545702748901457	0.2821938593310112	0.19927179002902595	0.29068505881068235	0.20278469583066489	0.24115277898778725	0.1911963047790251	0.19925950802917775	0.18218585928001652	0.2273193427352743	0.18689376266776814	0.23018106548642076	0.27408364320639633
f1pp	0.20851189714377077	0.19787899240211082	0.13511833935670559	0.0	0.1797892850849736	0.17589997906670402	0.20481899496982237	0.17012619596173667	0.24237485976789525	0.23005591091863833	0.21434335814870686	0.21101759479925658	0.19337556612129123	0.2659573007812496	0.2861584861857095	0.28331691443301404	0.3776521995475232	0.28468877143950067	0.35947404633216845	0.29323782462120285	0.29629929203738226	0.28614977857828444	0.26930345380828735	0.22682281804353893	0.3763690702536081	0.3332623107744747	0.3917631967392853	0.3711646062015307	0.226738491845237	0.3230554059670279	0.2660740507671633	0.25829700047346327	0.2880038448614437	0.2639768176196327	0.2662854032078894	0.32068320431266795	0.3269929944919001	0.25929892427050233	0.24300959342749412	0.2616998414537783	0.3354199414793681	0.317264065092057	0.36881081065624594	0.3785099322665446	0.3795997175451944	0.3344918232018177	0.2774313909427907	0.2874581241802532	0.3252962394862642	0.24377610296694158	0.26965889857122194	0.24826758508898628	0.2724281106690245	0.2862459828969629	0.2606176234440851	0.2972515213767869	0.3248751058176524	0.24195303651566713	0.33336630529732353	0.24546594231730606	0.28383402547442843	0.23387755126566626	0.24194075451581892	0.2248671057666577	0.27000058922191544	0.22957500915440932	0.27286231197306193	0.3167648896930375
s1pp	0.21789809886192874	0.20726519412026878	0.14450454107486355	0.1797892850849736	0.0	0.18528618078486198	0.21420519668798033	0.17951239767989463	0.2517610614860532	0.2394421126367963	0.22372955986686482	0.22040379651741454	0.2027617678394492	0.27534350249940753	0.29554468790386745	0.292703116151172	0.3870384012656812	0.2940749731576586	0.3688602480503264	0.3026240263393608	0.3056854937555402	0.2955359802964424	0.2786896555264453	0.2362090197616969	0.38575527197176607	0.3426485124926327	0.40114939845744324	0.38055080791968865	0.23612469356339497	0.3324416076851859	0.27546025248532124	0.26768320219162123	0.29739004657960166	0.27336301933779067	0.27567160492604736	0.3300694060308259	0.3363791962100581	0.2686851259886603	0.2523957951456521	0.27108604317193624	0.34480614319752606	0.326650266810215	0.3781970123744039	0.3878961339847026	0.38898591926335235	0.34387802491997566	0.28681759266094864	0.29684432589841114	0.33468244120442214	0.25316230468509954	0.2790451002893799	0.25765378680714424	0.28181431238718246	0.29563218461512086	0.2700038251622431	0.30663772309494486	0.33426130753581035	0.2513392382338251	0.3427525070154815	0.254852144035464	0.2932202271925864	0.24326375298382422	0.2513269562339769	0.23425330748481565	0.2793867909400734	0.23896121087256728	0.2822485136912199	0.32615109141119547
w10pp	0.14564642432918817	0.13501351958752822	0.13321873258006287	0.17589997906670402	0.18528618078486198	0.0	0.10661450943048113	0.10726072314715406	0.17950938695331264	0.1671904381040557	0.15147788533412423	0.14815212198467398	0.1305100933067086	0.20309182796666692	0.2232930133711269	0.22045144161843144	0.3147867267329406	0.22182329862491806	0.29660857351758585	0.23037235180662025	0.23343381922279965	0.22328430576370184	0.20643798099370475	0.1639573452289563	0.3135035974390255	0.2703968379598921	0.3288977239247027	0.3082991333869481	0.16387301903065438	0.2601899331524453	0.20320857795258063	0.19543152765888067	0.2251383720468611	0.2011113448050501	0.20341993039330675	0.25781773149808535	0.2641275216773175	0.19643345145591973	0.18014412061291152	0.19883436863919568	0.2725544686647855	0.2543985922774744	0.30594533784166333	0.315644459451962	0.3167342447306118	0.2716263503872351	0.21456591812820808	0.22459265136567058	0.2624307666716816	0.18091063015235895	0.20679342575663928	0.18540211227440367	0.20956263785444185	0.22338051008238025	0.19775215062950252	0.2343860485622043	0.2620096330030698	0.17908756370108453	0.2705008324827409	0.18260046950272346	0.22096855265984583	0.17101207845108363	0.1790752817012363	0.1620016329520751	0.20713511640733284	0.1667095363398267	0.20999683915847933	0.25389941687845485
f10pp	0.1745654402323065	0.16393253549064654	0.1621377484831812	0.20481899496982237	0.21420519668798033	0.10661450943048113	0.0	0.1361797390502724	0.208428402856431	0.19610945400717406	0.18039690123724256	0.17707113788779233	0.15942910920982695	0.23201084386978527	0.25221202927424524	0.24937045752154977	0.3437057426360589	0.2507423145280364	0.32552758942070414	0.2592913677097386	0.262352835125918	0.25220332166682013	0.2353569968968231	0.19287636113207463	0.34242261334214386	0.2993158538630104	0.35781673982782103	0.33721814929006644	0.19279203493377273	0.2891089490555636	0.23212759385569898	0.224350543561999	0.25405738794997945	0.23003036070816843	0.2323389462964251	0.2867367474012037	0.29304653758043586	0.22535246735903808	0.20906313651602984	0.22775338454231403	0.3014734845679038	0.2833176081805927	0.33486435374478163	0.34456347535508036	0.34565326063373014	0.30054536629035344	0.2434849340313264	0.25351166726878893	0.29134978257479993	0.20982964605547727	0.23571244165975763	0.21432112817752202	0.2384816537575602	0.2522995259854986	0.22667116653262087	0.26330506446532265	0.2909286489061881	0.20800657960420285	0.2994198483858592	0.21151948540584178	0.24988756856296415	0.19993109435420198	0.20799429760435462	0.19092064885519341	0.2360541323104512	0.19562855224294504	0.23891585506159765	0.2828184327815732
w3pp	0.1284514941850196	0.11781858944335966	0.1274449494750955	0.17012619596173667	0.17951239767989463	0.10726072314715406	0.1361797390502724	0.0	0.16231445680914408	0.14999550795988717	0.13428295518995567	0.13095719184050542	0.11331516316254006	0.18589689782249838	0.20609808322695833	0.20325651147426288	0.29759179658877205	0.20462836848074953	0.2794136433734173	0.21317742166245168	0.2162388890786311	0.20608937561953328	0.18924305084953622	0.14676241508478774	0.29630866729485694	0.25320190781572355	0.3117027937805341	0.2911042032427795	0.14667808888648584	0.24299500300827676	0.1860136478084121	0.1782365975147121	0.20794344190269257	0.18391641466088154	0.1862250002491382	0.24062280135391678	0.24693259153314895	0.17923852131175116	0.16294919046874295	0.18163943849502712	0.25535953852061694	0.23720366213330585	0.28875040769749477	0.29844952930779345	0.29953931458644323	0.25443142024306653	0.19737098798403951	0.20739772122150202	0.24523583652751302	0.16371570000819038	0.18959849561247075	0.1682071821302351	0.1923677077102733	0.2061855799382117	0.18055722048533396	0.21719111841803573	0.24481470285890122	0.16189263355691597	0.25330590233857236	0.1654055393585549	0.20377362251567727	0.1538171483069151	0.16188035155706773	0.14480670280790653	0.18994018626316428	0.14951460619565815	0.19280190901431077	0.23670448673428632
w2pp	0.17344758085080267	0.1798320723532753	0.1996936132812541	0.24237485976789525	0.2517610614860532	0.17950938695331264	0.208428402856431	0.16231445680914408	0.0	0.09870037346700372	0.16353665161410802	0.16021088826465776	0.1425688595866924	0.2151505942466507	0.23535177965111065	0.2325102078984152	0.32684549301292437	0.23388206490490188	0.3086673397975696	0.242431118086604	0.2454925855027834	0.2353430720436856	0.21849674727368854	0.1760161115089401	0.32556236371900926	0.28245560423987587	0.3409564902046865	0.32035789966693184	0.1759317853106382	0.2722486994324291	0.21526734423256444	0.20749029393886442	0.23719713832684491	0.21317011108503386	0.21547869667329056	0.2698764977780691	0.27618628795730127	0.2084922177359035	0.19220288689289527	0.21089313491917946	0.28461323494476926	0.26645735855745817	0.3180041041216471	0.32770322573194577	0.32879301101059555	0.28368511666721885	0.22662468440819183	0.23665141764565434	0.27448953295166534	0.19296939643234273	0.21885219203662307	0.19746087855438746	0.22162140413442566	0.23543927636236406	0.2098109169094863	0.24644481484218805	0.27406839928305354	0.19114632998106829	0.2825595987627247	0.19465923578270722	0.2330273189398296	0.18307084473106744	0.19113404798122008	0.17406239923305894	0.23493627292894734	0.19451069286144118	0.2377979956800938	0.2817005734000694
f2pp	0.16112863200154573	0.1675131235040184	0.18737466443199718	0.23005591091863833	0.2394421126367963	0.1671904381040557	0.19610945400717406	0.14999550795988717	0.09870037346700372	0.0	0.15121770276485108	0.14789193941540085	0.13024991073743547	0.2028316453973938	0.22303283080185374	0.2201912590491583	0.31452654416366743	0.22156311605564494	0.29634839094831267	0.2301121692373471	0.2331736366535265	0.2230241231944287	0.20617779842443162	0.16369716265968315	0.3132434148697524	0.27013665539061893	0.32863754135542955	0.30803895081767496	0.16361283646138125	0.25992975058317214	0.2029483953833075	0.1951713450896075	0.22487818947758798	0.20085116223577695	0.20315974782403362	0.2575575489288122	0.2638673391080444	0.1961732688866466	0.17988393804363836	0.19857418606992255	0.2722942860955123	0.25413840970820123	0.30568515527239015	0.3153842768826889	0.31647406216133867	0.27136616781796197	0.21430573555893492	0.22433246879639743	0.26217058410240845	0.1806504475830858	0.20653324318736616	0.18514192970513055	0.20930245528516872	0.22312032751310712	0.1974919680602294	0.23412586599293114	0.2617494504337966	0.17882738113181137	0.27024064991346775	0.1823402869334503	0.22070837009057268	0.1707518958818105	0.17881509913196314	0.161743450383802	0.22261732407969043	0.18219174401218427	0.2254790468308369	0.26938162455081244
w13pp	0.14541607923161426	0.15180057073408693	0.1716621116620657	0.21434335814870686	0.22372955986686482	0.15147788533412423	0.18039690123724256	0.13428295518995567	0.16353665161410802	0.15121770276485108	0.0	0.10720228659342469	0.10095771911669316	0.17353945377665145	0.19374063918111142	0.19089906742841597	0.2852343525429252	0.19227092443490262	0.2670561993275704	0.20081997761660478	0.2038814450327842	0.19373193157368637	0.17688560680368928	0.13440497103894083	0.28395122324901007	0.24084446376987664	0.2993453497346873	0.27874675919693265	0.13432064484063894	0.23063755896242985	0.1736562037625652	0.1658791534688652	0.19558599785684566	0.17155897061503464	0.1738675562032913	0.22826535730806988	0.23457514748730204	0.16688107726590426	0.15059174642289605	0.1692819944491802	0.24300209447477003	0.22484621808745894	0.2763929636516479	0.28609208526194657	0.28718187054059635	0.24207397619721963	0.1850135439381926	0.1950402771756551	0.2328783924816661	0.15135825596234348	0.17724105156662381	0.1558497380843882	0.1800102636644264	0.1938281358923648	0.16819977643948705	0.20483367437218883	0.23245725881305432	0.14953518951106906	0.24094845829272546	0.153048095312708	0.19141617846983036	0.1414597042610682	0.14952290751122083	0.1460308976138705	0.20690477130975893	0.1664791912422528	0.20976649406090542	0.25366907178088094
f17ppA	0.142090315882164	0.14847480738463664	0.16833634831261543	0.21101759479925658	0.22040379651741454	0.14815212198467398	0.17707113788779233	0.13095719184050542	0.16021088826465776	0.14789193941540085	0.10720228659342469	0.0	0.0976319557672429	0.1702136904272012	0.19041487583166117	0.18757330407896572	0.2819085891934749	0.18894516108545237	0.2637304359781201	0.19749421426715452	0.20055568168333393	0.19040616822423612	0.17355984345423903	0.13107920768949058	0.2806254598995598	0.2375187004204264	0.296019586385237	0.27542099584748236	0.13099488149118868	0.2273117956129796	0.17033044041311493	0.16255339011941494	0.1922602345073954	0.16823320726558438	0.17054179285384105	0.22493959395861962	0.2312493841378518	0.163555313916454	0.1472659830734458	0.16595623109972996	0.23967633112531977	0.2215204547380087	0.2730672003021976	0.2827663219124963	0.28385610719114607	0.23874821284776937	0.18168778058874235	0.19171451382620486	0.22955262913221586	0.14803249261289322	0.17391528821717356	0.15252397473493795	0.17668450031497615	0.19050237254291455	0.1648740130900368	0.20150791102273857	0.22913149546360406	0.1462094261616188	0.2376226949432752	0.14972233196325774	0.1880904151203801	0.13813394091161793	0.14619714416177057	0.14270513426442027	0.20357900796030867	0.16315342789280252	0.20644073071145513	0.2503433084314307
f14ppB	0.12444828720419862	0.1308327787066713	0.15069431963465008	0.19337556612129123	0.2027617678394492	0.1305100933067086	0.15942910920982695	0.11331516316254006	0.1425688595866924	0.13024991073743547	0.10095771911669316	0.0976319557672429	0.0	0.1290947666754973	0.14929595207995724	0.1464543803272618	0.240789665441771	0.14782623733374847	0.2226115122264162	0.15637529051545063	0.15943675793163004	0.1492872444725322	0.13244091970253513	0.08996028393778668	0.23950653614785586	0.19639977666872246	0.2549006626335331	0.23430207209577844	0.08987595773948479	0.18619287186127567	0.12921151666141104	0.12143446636771105	0.1511413107556915	0.1271142835138805	0.12942286910213716	0.1838206702069157	0.19013046038614786	0.12243639016475011	0.1061470593217419	0.12483730734802606	0.19855740737361588	0.18040153098630476	0.23194827655049371	0.2416473981607924	0.24273718343944214	0.19762928909606547	0.14056885683703846	0.15059559007450096	0.18843370538051193	0.10691356886118933	0.13279636446546966	0.11140505098323406	0.13556557656327226	0.14938344879121065	0.1237550893383329	0.16038898727103465	0.18801257171190017	0.10509050240991491	0.1965037711915713	0.10860340821155384	0.1469714913686762	0.09701501715991404	0.12156332471930176	0.1250631055864549	0.1859369792823433	0.14551139921483716	0.18879870203348978	0.23270127975346533
f20ppB	0.19703002186415697	0.2034145133666296	0.2232760542946084	0.2659573007812496	0.27534350249940753	0.20309182796666692	0.23201084386978527	0.18589689782249838	0.2151505942466507	0.2028316453973938	0.17353945377665145	0.1702136904272012	0.1290947666754973	0.0	0.18807995116026077	0.18523837940756532	0.27957366452207455	0.186610236414052	0.26139551130671973	0.19515928959575415	0.19822075701193356	0.18807124355283572	0.17122491878283866	0.1287442830180902	0.2893143206204746	0.24620756114134115	0.3047084471061518	0.28410985656839716	0.13968374221210347	0.23600065633389436	0.1790193011340297	0.17124225084032973	0.20094909522831017	0.17692206798649918	0.19060975271077935	0.2450075538155579	0.25131734399479005	0.1836232737733923	0.16733394293038406	0.18602419095666825	0.2597442909822581	0.24158841459494695	0.29313516015913593	0.3028342817694346	0.30392406704808433	0.2588161727047077	0.20175574044568062	0.21178247368314312	0.24962058898915412	0.16810045246983152	0.19398324807411185	0.17259193459187624	0.19675246017191445	0.21057033239985284	0.1849419729469751	0.22157587087967684	0.24919945532054238	0.16627738601855707	0.2576906548002135	0.169790291820196	0.21268942582882863	0.16273295162006646	0.19414505937926008	0.1976448402464132	0.25851871394230164	0.21809313387479548	0.2613804366934481	0.30528301441342365
w4pp	0.2172312072686169	0.22361569877108955	0.24347723969906832	0.2861584861857095	0.29554468790386745	0.2232930133711269	0.25221202927424524	0.20609808322695833	0.23535177965111065	0.22303283080185374	0.19374063918111142	0.19041487583166117	0.14929595207995724	0.18807995116026077	0.0	0.17727102540239156	0.27160631051690076	0.1786428824088782	0.253428157301546	0.1871919355905804	0.1902534030067598	0.1939689295972825	0.17712260482728545	0.134641969062537	0.3095155060249345	0.2664087465458011	0.3249096325106118	0.3043110419728571	0.15988492761656342	0.2562018417383543	0.19922048653848967	0.19144343624478966	0.22115028063277015	0.1971232533909591	0.21081093811523927	0.26520873922001786	0.27151852939925003	0.20382445917785225	0.18753512833484404	0.2062253763611282	0.279945476386718	0.26178959999940693	0.31333634556359585	0.32303546717389453	0.3241252524525443	0.2790173581091676	0.2219569258501406	0.2319836590876031	0.2698217743936141	0.18830163787429147	0.2141844334785718	0.1927931199963362	0.21695364557637437	0.23077151780431276	0.20514315835143504	0.24177705628413682	0.2694006407250023	0.18647857142301705	0.27789184020467345	0.18999147722465598	0.23289061123328858	0.18293413702452638	0.21434624478372005	0.21784602565087313	0.27871989934676156	0.23829431927925543	0.28158162209790805	0.32548419981788357
w20pp	0.21438963551592144	0.2207741270183941	0.24063566794637287	0.28331691443301404	0.292703116151172	0.22045144161843144	0.24937045752154977	0.20325651147426288	0.2325102078984152	0.2201912590491583	0.19089906742841597	0.18757330407896572	0.1464543803272618	0.18523837940756532	0.17727102540239156	0.0	0.20441934814330714	0.15235897621459815	0.22714425110726594	0.16090802939630033	0.16396949681247974	0.19112735784458706	0.17428103307459	0.13180039730984155	0.30667393427223905	0.26356717479310565	0.3220680607579163	0.30146947022016163	0.15704335586386797	0.25336026998565886	0.19637891478579422	0.1886018644920942	0.2183087088800747	0.19428168163826365	0.20796936636254382	0.2623671674673224	0.2686769576465546	0.2009828874251568	0.1846935565821486	0.20338380460843275	0.27710390463402257	0.2589480282467115	0.3104947738109004	0.3201938954211991	0.32128368069984886	0.27617578635647216	0.21911535409744515	0.22914208733490765	0.26698020264091865	0.18546006612159602	0.21134286172587635	0.18995154824364074	0.21411207382367892	0.22792994605161732	0.2023015865987396	0.23893548453144137	0.26655906897230686	0.1836369996703216	0.275050268451978	0.18714990547196053	0.23004903948059313	0.18009256527183093	0.2115046730310246	0.21500445389817768	0.2758783275940661	0.23545274752655998	0.2787400503452126	0.3226426280651882
S13Hp	0.3087249206304306	0.3151094121329033	0.33497095306088204	0.3776521995475232	0.3870384012656812	0.3147867267329406	0.3437057426360589	0.29759179658877205	0.32684549301292437	0.31452654416366743	0.2852343525429252	0.2819085891934749	0.240789665441771	0.27957366452207455	0.27160631051690076	0.20441934814330714	0.0	0.24669426132910738	0.32147953622177516	0.25524331451080956	0.25830478192698897	0.2854626429590963	0.26861631818909926	0.22613568242435078	0.4010092193867483	0.3579024599076148	0.4164033458724255	0.39580475533467085	0.25137864097837714	0.34769555510016803	0.2907141999003034	0.28293714960660343	0.31264399399458387	0.2886169667527729	0.30230465147705304	0.35670245258183164	0.3630122427610638	0.295318172539666	0.27902884169665776	0.297719089722942	0.3714391897485318	0.35328331336122065	0.40483005892540963	0.4145291805357083	0.4156189658143581	0.3705110714709814	0.3134506392119544	0.3234773724494169	0.3613154877554279	0.2797953512361052	0.3056781468403856	0.28428683335814997	0.30844735893818814	0.32226523116612654	0.2966368717132488	0.3332707696459506	0.3608943540868161	0.2779722847848308	0.3693855535664872	0.2814851905864697	0.32438432459510236	0.27442785038634016	0.3058399581455338	0.30933973901268685	0.3702136127085753	0.32978803264106915	0.37307533545972177	0.41697791317969735
f6ppB	0.21576149252240812	0.22214598402488075	0.24200752495285954	0.28468877143950067	0.2940749731576586	0.22182329862491806	0.2507423145280364	0.20462836848074953	0.23388206490490188	0.22156311605564494	0.19227092443490262	0.18894516108545237	0.14782623733374847	0.186610236414052	0.1786428824088782	0.15235897621459815	0.24669426132910738	0.0	0.20252387186257695	0.13628765015161137	0.13934911756779078	0.19249921485107374	0.17565289008107665	0.13317225431632823	0.3080457912787257	0.26493903179959233	0.32343991776440295	0.3028413272266483	0.15841521287035462	0.25473212699214554	0.19775077179228087	0.18997372149858088	0.21968056588656135	0.19565353864475032	0.2093412233690305	0.26373902447380904	0.2700488146530412	0.20235474443164347	0.18606541358863524	0.20475566161491943	0.27847576164050925	0.26031988525319816	0.3118666308173871	0.32156575242768576	0.3226555377063355	0.27754764336295884	0.2204872111039318	0.2305139443413943	0.26835205964740527	0.18683192312808267	0.21271471873236303	0.19132340525012742	0.2154839308301656	0.229301803058104	0.20367344360522627	0.24030734153792802	0.26793092597879353	0.18500885667680825	0.2764221254584647	0.18852176247844718	0.2314208964870798	0.1814644222783176	0.21287653003751122	0.21637631090466436	0.2772501846005528	0.23682460453304663	0.2801119073516992	0.32401448507167485
S20H1	0.29054676741507585	0.2969312589175485	0.3167927998455273	0.35947404633216845	0.3688602480503264	0.29660857351758585	0.32552758942070414	0.2794136433734173	0.3086673397975696	0.29634839094831267	0.2670561993275704	0.2637304359781201	0.2226115122264162	0.26139551130671973	0.253428157301546	0.22714425110726594	0.32147953622177516	0.20252387186257695	0.0	0.19526455996388237	0.19832602738006178	0.2672844897437415	0.25043816497374444	0.20795752920899602	0.38283106617139345	0.33972430669226006	0.3982251926570707	0.37762660211931603	0.23320048776302238	0.32951740188481327	0.27253604668494863	0.2647589963912486	0.2944658407792291	0.27043881353741805	0.2841264982616982	0.3385242993664768	0.344834089545709	0.2771400193243112	0.260850688481303	0.27954093650758716	0.353261036533177	0.3351051601458659	0.3866519057100548	0.39635102732035354	0.39744081259900327	0.3523329182556266	0.29527248599659955	0.30529921923406206	0.34313733454007306	0.26161719802075045	0.28749999362503076	0.26610868014279515	0.2902692057228333	0.3040870779507717	0.278458718497894	0.3150926164305958	0.34271620087146126	0.259794131569476	0.3512074003511324	0.26330703737111494	0.30620617137974754	0.25624969717098534	0.287661804930179	0.2911615857973321	0.3520354594932205	0.3116098794257144	0.354897182244367	0.3987997599643426
f6ppA	0.22431054570411024	0.2306950372065829	0.25055657813456167	0.29323782462120285	0.3026240263393608	0.23037235180662025	0.2592913677097386	0.21317742166245168	0.242431118086604	0.2301121692373471	0.20081997761660478	0.19749421426715452	0.15637529051545063	0.19515928959575415	0.1871919355905804	0.16090802939630033	0.25524331451080956	0.13628765015161137	0.19526455996388237	0.0	0.1016852498779308	0.2010482680327759	0.18420194326277883	0.1417213074980304	0.31659484446042785	0.2734880849812945	0.33198897094610513	0.31139038040835043	0.1669642660520568	0.2632811801738477	0.20629982497398303	0.19852277468028307	0.2282296190682635	0.2042025918264525	0.21789027655073268	0.2722880776555112	0.2785978678347434	0.21090379761334563	0.1946144667703374	0.21330471479662158	0.2870248148222114	0.2688689384349003	0.32041568399908926	0.33011480560938794	0.33120459088803766	0.286096696544661	0.22903626428563395	0.23906299752309645	0.27690111282910745	0.19538097630978485	0.22126377191406518	0.19987245843182957	0.22403298401186778	0.23785085623980617	0.21222249678692842	0.24885639471963017	0.2764799791604957	0.1935579098585104	0.28497117864016686	0.19707081566014933	0.23996994966878196	0.1900134754600198	0.2214255832192134	0.22492536408636649	0.2857992377822549	0.24537365771474878	0.2886609605334014	0.3325635382533769
w6pp	0.22737201312028965	0.23375650462276232	0.2536180455507411	0.29629929203738226	0.3056854937555402	0.23343381922279965	0.262352835125918	0.2162388890786311	0.2454925855027834	0.2331736366535265	0.2038814450327842	0.20055568168333393	0.15943675793163004	0.19822075701193356	0.1902534030067598	0.16396949681247974	0.25830478192698897	0.13934911756779078	0.19832602738006178	0.1016852498779308	0.0	0.2041097354489553	0.18726341067895824	0.14478277491420982	0.31965631187660726	0.2765495523974739	0.33505043836228454	0.31445184782452984	0.1700257334682362	0.2663426475900271	0.20936129239016243	0.20158424209646247	0.2312910864844429	0.20726405924263192	0.22095174396691208	0.2753495450716906	0.2816593352509228	0.21396526502952506	0.19767593418651683	0.21636618221280102	0.29008628223839084	0.27193040585107975	0.32347715141526867	0.33317627302556735	0.3342660583042171	0.28915816396084043	0.2320977317018134	0.2421244649392759	0.27996258024528686	0.19844244372596426	0.22432523933024462	0.202933925848009	0.22709445142804718	0.24091232365598558	0.21528396420310786	0.2519178621358096	0.2795414465766751	0.19661937727468984	0.28803264605634626	0.20013228307632877	0.2430314170849614	0.1930749428761992	0.22448705063539282	0.2279868315025459	0.2888607051984343	0.2484351251309282	0.2917224279495808	0.33562500566955633
w8pp	0.21722249966119184	0.2236069911636645	0.24346853209164326	0.28614977857828444	0.2955359802964424	0.22328430576370184	0.25220332166682013	0.20608937561953328	0.2353430720436856	0.2230241231944287	0.19373193157368637	0.19040616822423612	0.1492872444725322	0.18807124355283572	0.1939689295972825	0.19112735784458706	0.2854626429590963	0.19249921485107374	0.2672844897437415	0.2010482680327759	0.2041097354489553	0.0	0.12807432928034737	0.12481519803384493	0.30950679841750944	0.26640003893837605	0.32490092490318667	0.304302334365432	0.15987622000913837	0.25619313413092926	0.19921177893106462	0.1914347286373646	0.2211415730253451	0.19711454578353405	0.21080223050781421	0.2652000316125928	0.271509821791825	0.2038157515704272	0.18752642072741899	0.20621666875370315	0.27993676877929297	0.2617808923919819	0.3133276379561708	0.3230267595664695	0.32411654484511926	0.27900865050174256	0.22194821824271554	0.23197495148017805	0.26981306678618905	0.18829293026686642	0.21417572587114675	0.19278441238891114	0.21694493796894931	0.2307628101968877	0.20513445074401	0.24176834867671176	0.26939193311757725	0.186469863815592	0.2778831325972484	0.18998276961723093	0.23288190362586353	0.18292542941710133	0.214337537176295	0.21783731804344808	0.2787111917393365	0.23828561167183038	0.281572914490483	0.3254754922104586
f14ppA	0.2003761748911948	0.20676066639366744	0.22662220732164623	0.26930345380828735	0.2786896555264453	0.20643798099370475	0.2353569968968231	0.18924305084953622	0.21849674727368854	0.20617779842443162	0.17688560680368928	0.17355984345423903	0.13244091970253513	0.17122491878283866	0.17712260482728545	0.17428103307459	0.26861631818909926	0.17565289008107665	0.25043816497374444	0.18420194326277883	0.18726341067895824	0.12807432928034737	0.0	0.10796887326384787	0.29266047364751235	0.249553714168379	0.30805460013318964	0.28745600959543494	0.1430298952391413	0.2393468093609322	0.18236545416106753	0.17458840386736757	0.204295248255348	0.180268221013537	0.19395590573781718	0.24835370684259572	0.2546634970218279	0.18696942680043013	0.1706800959574219	0.18937034398370609	0.26309044400929593	0.2449345676219848	0.29648131318617377	0.30618043479647244	0.30727022007512217	0.2621623257317455	0.20510189347271846	0.21512862671018096	0.25296674201619196	0.17144660549686935	0.1973294011011497	0.17593808761891408	0.20009861319895228	0.21391648542689068	0.18828812597401293	0.22492202390671467	0.2525456083475802	0.1696235390455949	0.26103680782725136	0.17313644484723384	0.21603557885586647	0.1660791046471043	0.1974912124062979	0.20099099327345105	0.26186486696933947	0.22143928690183332	0.2647265897204859	0.30862916744046154
f32pp	0.15789553912644633	0.164280030628919	0.18414157155689775	0.22682281804353893	0.2362090197616969	0.1639573452289563	0.19287636113207463	0.14676241508478774	0.1760161115089401	0.16369716265968315	0.13440497103894083	0.13107920768949058	0.08996028393778668	0.1287442830180902	0.134641969062537	0.13180039730984155	0.22613568242435078	0.13317225431632823	0.20795752920899602	0.1417213074980304	0.14478277491420982	0.12481519803384493	0.10796887326384787	0.0	0.25017983788276393	0.20707307840363054	0.26557396436844116	0.24497537383068652	0.10054925947439286	0.19686617359618375	0.1398848183963191	0.1321077681026191	0.16181461249059959	0.13778758524878854	0.1514752699730687	0.2058730710778473	0.21218286125707947	0.14448879103568169	0.12819946019267348	0.14688970821895764	0.22060980824454746	0.20245393185723637	0.2540006774214253	0.26369979903172397	0.26478958431037375	0.21968168996699705	0.16262125770797003	0.17264799094543254	0.21048610625144354	0.1289659697321209	0.15484876533640124	0.13345745185416563	0.1576179774342038	0.1714358496621422	0.14580749020926448	0.18244138814196625	0.21006497258283174	0.1271429032808465	0.21855617206250288	0.13065580908248542	0.17355494309111802	0.12359846888235583	0.15501057664154946	0.15851035750870257	0.219384231204591	0.17895865113708487	0.22224595395573749	0.26614853167571306
S27H1	0.3074417913365155	0.31382628283898817	0.33368782376696693	0.3763690702536081	0.38575527197176607	0.3135035974390255	0.34242261334214386	0.29630866729485694	0.32556236371900926	0.3132434148697524	0.28395122324901007	0.2806254598995598	0.23950653614785586	0.2893143206204746	0.3095155060249345	0.30667393427223905	0.4010092193867483	0.3080457912787257	0.38283106617139345	0.31659484446042785	0.31965631187660726	0.30950679841750944	0.29266047364751235	0.25017983788276393	0.0	0.2870368471883152	0.34553773315312586	0.38169148945674763	0.23726537510045398	0.33358228922224487	0.2766009340223802	0.2688238837286802	0.2985307281166607	0.27450370087484965	0.30102152218313794	0.3554193232879165	0.36172911346714864	0.29403504324575086	0.27774571240274265	0.2964359604290268	0.3701560604546167	0.35200018406730554	0.4035469296314945	0.41324605124179314	0.4143358365204429	0.3692279421770662	0.3121675099180392	0.3221942431555017	0.3600323584615127	0.2785122219421901	0.3043950175464704	0.2830037040642348	0.30716422964427303	0.32098210187221143	0.29535374241933365	0.33198764035203543	0.359611224792901	0.27668915549091566	0.3681024242725721	0.2802020612925546	0.3231011953011872	0.27314472109242505	0.30455682885161867	0.30805660971877175	0.36893048341466017	0.32850490334715404	0.37179220616580666	0.4156947838857822
w19pp	0.2643350318573821	0.2707195233598548	0.29058106428783353	0.3332623107744747	0.3426485124926327	0.2703968379598921	0.2993158538630104	0.25320190781572355	0.28245560423987587	0.27013665539061893	0.24084446376987664	0.2375187004204264	0.19639977666872246	0.24620756114134115	0.2664087465458011	0.26356717479310565	0.3579024599076148	0.26493903179959233	0.33972430669226006	0.2734880849812945	0.2765495523974739	0.26640003893837605	0.249553714168379	0.20707307840363054	0.2870368471883152	0.0	0.2896566876848392	0.33858472997761424	0.19415861562132058	0.29047552974311147	0.2334941745432468	0.22571712424954682	0.25542396863752725	0.23139694139571626	0.2579147627040045	0.3123125638087831	0.31862235398801525	0.25092828376661747	0.23463895292360926	0.2533292009498934	0.32704930097548324	0.30889342458817215	0.3604401701523611	0.3701392917626598	0.37122907704130953	0.3261211826979329	0.2690607504389058	0.2790874836763683	0.3169255989823793	0.2354054624630567	0.261288258067337	0.2398969445851014	0.2640574701651396	0.277875342393078	0.25224698294020026	0.28888088087290203	0.3165044653137675	0.23358239601178227	0.32499566479343867	0.2370953018134212	0.2799944358220538	0.23003796161329162	0.26145006937248527	0.26494985023963835	0.3258237239355268	0.28539814386802065	0.32868544668667327	0.37258802440664884
S26Hp	0.3228359178221927	0.32922040932466534	0.34908195025264416	0.3917631967392853	0.40114939845744324	0.3288977239247027	0.35781673982782103	0.3117027937805341	0.3409564902046865	0.32863754135542955	0.2993453497346873	0.296019586385237	0.2549006626335331	0.3047084471061518	0.3249096325106118	0.3220680607579163	0.4164033458724255	0.32343991776440295	0.3982251926570707	0.33198897094610513	0.33505043836228454	0.32490092490318667	0.30805460013318964	0.26557396436844116	0.34553773315312586	0.2896566876848392	0.0	0.39708561594242486	0.2526595015861312	0.34897641570792215	0.29199506050805746	0.28421801021435744	0.31392485460233793	0.28989782736052694	0.31641564866881516	0.37081344977359376	0.37712323995282593	0.30942916973142814	0.2931398388884199	0.3118300869147041	0.3855501869402939	0.3673943105529828	0.41894105611717175	0.42864017772747043	0.4297299630061202	0.3846220686627435	0.3275616364037165	0.337588369641179	0.37542648494719	0.29390634842786734	0.3197891440321477	0.2983978305499121	0.32255835612995026	0.33637622835788866	0.31074786890501094	0.3473817668377127	0.3750053512785782	0.29208328197659295	0.38349655075824934	0.2955961877782318	0.3384953217868645	0.2885388475781023	0.3199509553372959	0.323450736204449	0.38432460990033734	0.3438990298328312	0.38718633265148383	0.43108891037145936
F6H1	0.3022373272844381	0.30862181878691075	0.3284833597148895	0.3711646062015307	0.38055080791968865	0.3082991333869481	0.33721814929006644	0.2911042032427795	0.32035789966693184	0.30803895081767496	0.27874675919693265	0.27542099584748236	0.23430207209577844	0.28410985656839716	0.3043110419728571	0.30146947022016163	0.39580475533467085	0.3028413272266483	0.37762660211931603	0.31139038040835043	0.31445184782452984	0.304302334365432	0.28745600959543494	0.24497537383068652	0.38169148945674763	0.33858472997761424	0.39708561594242486	0.0	0.17647313535899228	0.30246449742581727	0.2454831422259526	0.23770609193225262	0.2777196934943329	0.2536926662525219	0.2958170581310605	0.35021485923583906	0.3565246494150712	0.28883057919367344	0.27254124835066523	0.2912314963769494	0.36495159640253927	0.3467957200152281	0.3983424655794171	0.4080415871897157	0.4091313724683655	0.3640234781249888	0.3069630458659618	0.3169897791034243	0.3548278944094353	0.2733077578901127	0.299190553494393	0.2777992400121574	0.3019597655921956	0.315777637820134	0.29014927836725624	0.326783176299958	0.35440676074082356	0.27148469143883824	0.3628979602204947	0.2749975972404772	0.3178967312491098	0.26794025704034763	0.29935236479954125	0.30285214566669433	0.36372601936258275	0.3233004392950766	0.36658774211372924	0.41049031983370476
f13pp	0.1578112129281444	0.16419570443061707	0.18405724535859586	0.226738491845237	0.23612469356339497	0.16387301903065438	0.19279203493377273	0.14667808888648584	0.1759317853106382	0.16361283646138125	0.13432064484063894	0.13099488149118868	0.08987595773948479	0.13968374221210347	0.15988492761656342	0.15704335586386797	0.25137864097837714	0.15841521287035462	0.23320048776302238	0.1669642660520568	0.1700257334682362	0.15987622000913837	0.1430298952391413	0.10054925947439286	0.23726537510045398	0.19415861562132058	0.2526595015861312	0.17647313535899228	0.0	0.1580383830695236	0.10105702786965895	0.09327997757595895	0.13329357913803924	0.10926655189622822	0.1513909437747668	0.20578874487954538	0.21209853505877754	0.1444044648373798	0.12811513399437155	0.14680538202065574	0.22052548204624556	0.20236960565893444	0.2539163512231234	0.26361547283342207	0.26470525811207185	0.21959736376869515	0.1625369315096681	0.1725636647471306	0.2104017800531416	0.128881643533819	0.15476443913809934	0.13337312565586373	0.1575336512359019	0.1713515234638403	0.14572316401096258	0.18235706194366433	0.20998064638452985	0.12705857708254456	0.218471845864201	0.1305714828841835	0.17347061689281612	0.12351414268405392	0.15492625044324754	0.15842603131040067	0.2192999050062891	0.17887432493878294	0.22216162775743556	0.2660642054774111
