	f15pp	s25pp	f14ppA	f20ppA	f23ppB	w16pp	w21pp	f26pp	f4pp	f20ppB	F23HpA	f3pp	s2pp	f2pp	f17ppB	f10pp	w28pp	f6ppB	w26pp	w25pp	S3Hp	f21pp	S21H1	f12ppA	f18pp	f30pp	w30pp	s30pp	f12ppB	S11Hp	w15pp	f25pp	f13pp	s26pp	S26Hp	S13Hp	530331	F22HpB	31009	S23Hp	S1Hp	S9H1	F16H1	31700	S6Hp	S14Hp	S25Hp	s18pp	w11pp	f11pp	S19H1	s31pp	f19pp	s17pp	f28pp	f31pp	f23ppA	f7pp	w18pp	f16ppB	f22ppB	f32pp	w10pp	f14ppB	w24pp	s19pp	s4pp	w4pp	w12pp	F6H1	w17pp	w31pp	S4Hp	S18H1	S15Hp	S22Hp	S30H1	f24pp	w13pp	w6pp	S20H1	f6ppA	s32pp	s29pp	s28pp	s24pp	s27pp	s13pp	w20pp	w3pp	w8pp	f22ppA	S8Hp	F7H1	F14H1B	w1pp	s1pp	31160	530295	w27pp	w7pp	S16H2	S12Hp	f1pp	w9pp	f16ppA	f8pp	w14pp	w19pp	s3pp	530451	s16pp	f29pp	F14H1A	f9pp	f17ppA
f15pp	0.0	0.024043643795975372	0.023121728218507248	0.035252299301231624	0.02865611075067815	0.027774795229713926	0.02427676146954895	0.031107764462360868	0.031107764462360868	0.04082300335183799	0.06043571044174606	0.08720712765867865	0.07394949032358769	0.06535972788195675	0.04424488219843918	0.032577943767459365	0.047032934928991486	0.04153926776857382	0.04063576903660329	0.0453858734868274	0.1157647048859206	0.03339296579521823	0.07824345913012819	0.04639376064682576	0.02904531088964355	0.03729046427481766	0.0760349187339918	0.06628792361359645	0.04168241193501037	0.09541121180796601	0.05305230809992219	0.052416379317036355	0.0411215091592077	0.10239966148480996	0.0774132923551926	0.1196341256246475	0.406190076608951	0.37813177539155085	0.36236270423496797	0.34361191497807947	0.3720051755235845	0.35272941470523606	0.44162462597872193	0.38795477190747996	0.36542167344660326	0.3423444654141829	0.1145905322210642	0.07511166876192275	0.091057645198356	0.10865589197033561	0.12209041086703613	0.08675888354449342	0.09848272296269851	0.08139723559206673	0.08748834290872108	0.05782382623656383	0.05893475985414001	0.039526495943215625	0.033128053611218414	0.02908993099377137	0.025280152338297654	0.012200064225751693	0.022877165214081296	0.023212634612485333	0.048865691505898395	0.045945720948425556	0.06833556107667055	0.056467341455292044	0.07316096887629472	0.08754264310809425	0.049126554140593026	0.0663604473564924	0.0797633574452462	0.04899643648811175	0.0956233750592209	0.10449256475973005	0.1047477484496258	0.03256237189321774	0.042070803538015705	0.024672112962277244	0.04976190667664082	0.04032059138227735	0.05928759152524962	0.07091677805361409	0.08491569330586206	0.0623893992934947	0.0733695953248157	0.04892086642717376	0.037476913806513024	0.04220581126151904	0.05080641212111739	0.062122404095544856	0.10250247337678839	0.059620797253040356	0.10580652858690771	0.0933818068537758	0.09884324180811516	0.05937560572258323	0.13372337390545425	0.05428929865633762	0.08435436946804092	0.11716387748202382	0.07960359049996514	0.07482943447419878	0.032854869176956084	0.013802728750103521	0.00960227769680573	0.04538767884582754	0.048249490322557646	0.06766546297277162	0.10705373527105677	0.04107876663961801	0.04885134261500819	0.07041508219924442	0.016075426144057697	0.005468248929287737
s25pp	0.024043643795975372	0.0	0.02061156115002244	0.03274213223274682	0.02614594368219335	0.02741831057418591	0.023920276814020938	0.030751279806832857	0.030751279806832857	0.040466518696309975	0.06007922578621804	0.08685064300315064	0.07359300566805968	0.06500324322642875	0.04388839754291116	0.032221459111931354	0.04667645027346347	0.04118278311304581	0.04027928438107528	0.04502938883129938	0.11540822023039259	0.03303648113969022	0.07788697447460018	0.04603727599129774	0.028688826234115537	0.036933979619289646	0.0756784340784638	0.06593143895806844	0.04132592727948236	0.095054727152438	0.05269582344439417	0.05205989466150834	0.04076502450367969	0.10204317682928195	0.0770568076996646	0.11927764096911948	0.40583359195342306	0.3777752907360229	0.36200621957944	0.3432554303225515	0.3716486908680565	0.3523729300497081	0.441268141323194	0.387598287251952	0.3650651887910753	0.34198798075865494	0.11423404756553619	0.07475518410639474	0.090701160542828	0.1082994073148076	0.12173392621150812	0.0864023988889654	0.0981262383071705	0.08104075093653872	0.08713185825319307	0.057467341581035815	0.058578275198611994	0.039170011287687614	0.0327715689556904	0.02873344633824336	0.02492366768276964	0.01184557957122374	0.04276388758966085	0.043099356988064885	0.06875241388147794	0.06583244332400512	0.08822228345225011	0.0763540638308716	0.09304769125187429	0.10742936548367381	0.06901327651617258	0.08624716973207196	0.09965007982082576	0.0688831588636913	0.11551009743480047	0.12437928713530962	0.12463447082520536	0.052449094268797306	0.06195752591359527	0.0445588353378568	0.06964862905222037	0.060207313757856915	0.07917431390082919	0.09080350042919365	0.10480241568144162	0.08227612166907426	0.09325631770039526	0.06880758880275333	0.05736363618209259	0.0620925336370986	0.07069313449669694	0.08200912647112442	0.12238919575236795	0.07950751962861992	0.12569325096248726	0.11326852922935536	0.11872996418369472	0.07926232809816279	0.1536100962810338	0.07417602103191717	0.10424109184362049	0.13705059985760337	0.0994903128755447	0.09471615684977834	0.05274159155253564	0.03368945112568308	0.029489000072385287	0.0652744012214071	0.0681362126981372	0.08755218534835117	0.12694045764663633	0.06096548901519756	0.06873806499058774	0.09030180457482398	0.03596214851963725	0.02535497130486729
f14ppA	0.023121728218507248	0.02061156115002244	0.0	0.021341523702476422	0.014745335151922948	0.026496394996717784	0.02299836123655281	0.02982936422936473	0.02982936422936473	0.03954460311884185	0.05915731020874991	0.08592872742568251	0.07267109009059156	0.06408132764896061	0.04296648196544303	0.03129954353446322	0.045754534695995344	0.040260867535577685	0.03935736880360715	0.044107473253831256	0.11448630465292446	0.032114565562222086	0.07696505889713205	0.04511536041382962	0.02776691065664741	0.036012064041821515	0.07475651850099567	0.06500952338060031	0.04040401170201423	0.09413281157496987	0.05177390786692604	0.051137979084040205	0.03984310892621157	0.10112126125181382	0.07613489212219647	0.11835572539165136	0.40491167637595493	0.37685337515855477	0.3610843040019719	0.3423335147450834	0.3707267752905884	0.35145101447224	0.44034622574572585	0.3866763716744839	0.3641432732136072	0.3410660651811868	0.11331213198806807	0.07383326852892662	0.08977924496535987	0.10737749173733947	0.12081201063404	0.08548048331149728	0.09720432272970238	0.08011883535907059	0.08620994267572495	0.056545426003567684	0.05765635962114386	0.03824809571021949	0.03184965337822228	0.027811530760775232	0.024001752105301512	0.010923663993755613	0.041841972012192724	0.04217744141059676	0.06783049830400982	0.064910527746537	0.08730036787478199	0.07543214825340347	0.09212577567440616	0.10650744990620567	0.06809136093870445	0.08532525415460382	0.09872816424335762	0.06796124328622317	0.11458818185733233	0.12345737155784148	0.12371255524773722	0.051527178691329174	0.06103561033612714	0.04363691976038867	0.06872671347475225	0.05928539818038878	0.07825239832336106	0.08988158485172551	0.10388050010397348	0.08135420609160612	0.09233440212292712	0.06788567322528519	0.056441720604624455	0.06117061805963047	0.06977121891922881	0.08108721089365628	0.12146728017489983	0.07858560405115178	0.12477133538501914	0.11234661365188722	0.1178080486062266	0.07834041252069465	0.15268818070356568	0.07325410545444905	0.10331917626615236	0.13612868428013525	0.09856839729807657	0.0937942412723102	0.05181967597506751	0.032767535548214946	0.02856708449491716	0.06435248564393897	0.06721429712066908	0.08663026977088305	0.1260185420691682	0.06004357343772944	0.06781614941311961	0.08937988899735584	0.035040232942169125	0.024433055727399164
f20ppA	0.035252299301231624	0.03274213223274682	0.021341523702476422	0.0	0.014814162916041531	0.03862696607944216	0.03512893231927719	0.04195993531208911	0.04195993531208911	0.051675174201566226	0.07128788129147429	0.09805929850840689	0.08480166117331595	0.07621189873168499	0.055097053048167415	0.043430114617187605	0.05788510577871972	0.05239143861830206	0.05148793988633153	0.05623804433655563	0.12661687573564884	0.04424513664494647	0.08909562997985643	0.05724593149655399	0.039897481739371785	0.0481426351245459	0.08688708958372005	0.07714009446332469	0.05253458278473861	0.10626338265769425	0.06390447894965043	0.06326855016676458	0.051973680008935944	0.1132518323345382	0.08826546320492085	0.13048629647437573	0.4170422474586793	0.38898394624127913	0.37321487508469625	0.35446408582780775	0.38285734637331276	0.36358158555496434	0.4524767968284502	0.39880694275720824	0.37627384429633154	0.3531966362639112	0.12544270307079244	0.085963839611651	0.10190981604808425	0.11950806282006385	0.13294258171676437	0.09761105439422166	0.10933489381242675	0.09224940644179497	0.09834051375844932	0.06867599708629207	0.06978693070386824	0.050378666792943866	0.043980224460946654	0.03994210184349961	0.036132323188025894	0.02305423507647999	0.0539725430949171	0.05430801249332114	0.0799610693867342	0.07704109882926136	0.09943093895750635	0.08756271933612784	0.10425634675713052	0.11863802098893006	0.08022193202142883	0.09745582523732821	0.11085873532608201	0.08009181436894755	0.12671875294005672	0.13558794264056587	0.1358431263304616	0.06365774977405356	0.0731661814188515	0.05576749084311305	0.08085728455747662	0.07141596926311317	0.09038296940608542	0.1020121559344499	0.11601107118669787	0.09348477717433051	0.10446497320565151	0.08001624430800958	0.06857229168734882	0.07330118914235484	0.08190179000195319	0.09321778197638067	0.1335978512576242	0.09071617513387617	0.13690190646774353	0.12447718473461161	0.12993861968895096	0.09047098360341904	0.16481875178629005	0.08538467653717342	0.11544974734887672	0.14825925536285964	0.11069896838080096	0.10592481235503459	0.06395024705779188	0.04489810663093933	0.04069765557764154	0.07648305672666335	0.07934486820339345	0.09876084085360742	0.13814911315189257	0.07217414452045381	0.079946720495844	0.10151046008008022	0.0471708040248935	0.036563626810123546
f23ppB	0.02865611075067815	0.02614594368219335	0.014745335151922948	0.014814162916041531	0.0	0.032030777528888686	0.028532743768723716	0.035363746761535635	0.035363746761535635	0.04507898565101276	0.06469169274092082	0.09146310995785342	0.07820547262276246	0.06961571018113152	0.04850086449761394	0.03683392606663413	0.051288917228166246	0.04579525006774859	0.04489175133577805	0.04964185578600216	0.12002068718509537	0.037648948094392995	0.08249944142930296	0.05064974294600052	0.03330129318881832	0.041546446573992424	0.08029090103316658	0.07054390591277121	0.04593839423418514	0.09966719410714078	0.05730829039909695	0.056672361616211114	0.04537749145838247	0.10665564378398473	0.08166927465436738	0.12389010792382227	0.4104460589081258	0.38238775769072564	0.36661868653414276	0.34786789727725426	0.37626115782275926	0.35698539700441084	0.4458806082778967	0.39221075420665474	0.36967765574577804	0.3466004477133577	0.11884651452023898	0.07936765106109753	0.09531362749753078	0.11291187426951038	0.1263463931662109	0.09101486584366819	0.10273870526187329	0.0856532178912415	0.09174432520789585	0.06207980853573859	0.06319074215331477	0.04378247824239039	0.03738403591039318	0.03334591329294614	0.029536134637472417	0.016458046525926515	0.047376354544363626	0.04771182394276766	0.07336488083618073	0.07044491027870789	0.09283475040695288	0.08096653078557436	0.09766015820657706	0.11204183243837658	0.07362574347087536	0.09085963668677473	0.10426254677552853	0.07349562581839408	0.12012256438950324	0.1289917540900124	0.12924693777990814	0.057061561223500076	0.06656999286829804	0.049171302292559574	0.07426109600692316	0.06481978071255969	0.08378678085553196	0.09541596738389642	0.10941488263614439	0.08688858862377703	0.09786878465509803	0.0734200557574561	0.06197610313679536	0.06670500059180137	0.07530560145139972	0.08662159342582719	0.12700166270707072	0.08411998658332269	0.13030571791719003	0.11788099618405813	0.12334243113839749	0.08387479505286556	0.15822256323573658	0.07878848798661994	0.10885355879832326	0.14166306681230617	0.10410277983024747	0.09932862380448111	0.05735405850723842	0.038301918080385855	0.03410146702708806	0.06988686817610987	0.07274867965283997	0.09216465230305394	0.1315529246013391	0.06557795596990033	0.07335053194529052	0.09491427152952675	0.04057461547434003	0.029967438259570066
w16pp	0.027774795229713926	0.02741831057418591	0.026496394996717784	0.03862696607944216	0.032030777528888686	0.0	0.014225991859494917	0.0319223944156988	0.0319223944156988	0.041637633305175926	0.06125034039508399	0.08802175761201658	0.07476412027692564	0.0661743578352947	0.04505951215177711	0.0333925737207973	0.04784756488232941	0.042353897721911754	0.041450398989941226	0.046200503440165325	0.11657933483925853	0.03420759574855616	0.07905808908346612	0.047208390600163685	0.02985994084298148	0.03810509422815559	0.07684954868732974	0.06710255356693438	0.042497041888348304	0.09622584176130394	0.053866938053260115	0.05323100927037428	0.04193613911254564	0.10321429143814789	0.07822792230853054	0.12044875557798543	0.407004706562289	0.3789464053448888	0.36317733418830594	0.34442654493141744	0.37281980547692245	0.35354404465857403	0.4424392559320599	0.38876940186081793	0.36623630339994123	0.34315909536752087	0.11540516217440214	0.07592629871526069	0.09187227515169394	0.10947052192367354	0.12290504082037407	0.08757351349783135	0.09929735291603645	0.08221186554540466	0.08830297286205901	0.05863845618990176	0.05974938980747794	0.04034112589655356	0.03394268356455635	0.029904560947109304	0.026094782291635588	0.01557673100496229	0.0464950390233994	0.04683050842180344	0.07248356531521649	0.06956359475774367	0.09195343488598866	0.08008521526461015	0.09677884268561283	0.11116051691741236	0.07274442794991112	0.0899783211658105	0.1033812312545643	0.07261431029742985	0.11924124886853901	0.12811043856904816	0.1283656222589439	0.05618024570253585	0.06568867734733382	0.04828998677159535	0.07337978048595892	0.06393846519159546	0.08290546533456773	0.0945346518629322	0.10853356711518017	0.08600727310281281	0.09698746913413381	0.07253874023649187	0.061094787615831134	0.06582368507083715	0.07442428593043549	0.08574027790486297	0.12612034718610649	0.08323867106235847	0.12942440239622582	0.11699968066309391	0.12246111561743327	0.08299347953190134	0.15734124771477237	0.07790717246565573	0.10797224327735903	0.14078175129134193	0.10322146430928325	0.09844730828351689	0.056472742986274194	0.03742060255942163	0.033220151506123834	0.06900555265514564	0.07186736413187575	0.09128333678208972	0.13067160908037487	0.06469664044893611	0.0724692164243263	0.09403295600856253	0.0396932999533758	0.029086122738605842
w21pp	0.02427676146954895	0.023920276814020938	0.02299836123655281	0.03512893231927719	0.028532743768723716	0.014225991859494917	0.0	0.02842436065553383	0.02842436065553383	0.03813959954501095	0.057752306634919016	0.08452372385185161	0.07126608651676067	0.06267632407512971	0.04156147839161214	0.02989453996063233	0.04434953112216444	0.038855863961746784	0.037952365229776255	0.042702469680000354	0.11308130107909356	0.03070956198839119	0.07556005532330115	0.043710356839998715	0.026361907082816508	0.03460706046799062	0.07335151492716477	0.06360451980676941	0.038999008128183334	0.09272780800113897	0.050368904293095144	0.04973297551020931	0.038438105352380667	0.09971625767798292	0.07472988854836557	0.11695072181782046	0.40350667280212404	0.3754483715847239	0.359679300428141	0.34092851117125245	0.3693217717167575	0.35004601089840903	0.4389412221718949	0.385271368100653	0.3627382696397763	0.3396610616073559	0.11190712841423717	0.07242826495509572	0.08837424139152897	0.10597248816350857	0.1194070070602091	0.08407547973766638	0.09579931915587148	0.07871383178523969	0.08480493910189404	0.05514042242973679	0.05625135604731297	0.03684309213638859	0.030444649804391377	0.026406527186944334	0.022596748531470614	0.012078697244797317	0.042997005263234425	0.04333247466163846	0.06898553155505152	0.0660655609975787	0.08845540112582369	0.07658718150444517	0.09328080892544786	0.10766248315724739	0.06924639418974615	0.08648028740564553	0.09988319749439933	0.06911627653726488	0.11574321510837404	0.12461240480888319	0.12486758849877894	0.05268221194237088	0.062190643587168845	0.04479195301143038	0.06988174672579395	0.06044043143143049	0.07940743157440276	0.09103661810276722	0.1050355333550152	0.08250923934264784	0.09348943537396884	0.0690407064763269	0.05759675385566616	0.06232565131067218	0.07092625217027052	0.082242244144698	0.12262231342594153	0.0797406373021935	0.12592636863606085	0.11350164690292894	0.1189630818572683	0.07949544577173637	0.15384321395460737	0.07440913870549075	0.10447420951719406	0.13728371753117696	0.09972343054911828	0.09494927452335192	0.052974709226109216	0.033922568799256654	0.029722117745958863	0.06550751889498067	0.06836933037171078	0.08778530302192475	0.1271735753202099	0.06119860668877114	0.06897118266416133	0.09053492224839754	0.036195266193210826	0.02558808897844087
f26pp	0.031107764462360868	0.030751279806832857	0.02982936422936473	0.04195993531208911	0.035363746761535635	0.0319223944156988	0.02842436065553383	0.0	2.00000100005818e-06	0.013377820626977465	0.032990527716885536	0.05976194493381812	0.04650430759872718	0.03791454515709624	0.022738549192565953	0.011071610761586147	0.02552660192311826	0.0200329347627006	0.029674871912460935	0.03442497636268504	0.10480380776177824	0.022432068671075875	0.06728256200598584	0.035432863522683405	0.01808441376550119	0.030979648862275715	0.06972410332144985	0.05997710820105451	0.03537159652246843	0.08910039639542408	0.04674149268738024	0.046105563904494405	0.03481069374666576	0.09608884607226803	0.07110247694265066	0.11332331021210557	0.3998792611964091	0.37182095997900894	0.35605188882242605	0.33730109956553755	0.36569436011104256	0.34641859929269414	0.43531381056618	0.38164395649493804	0.35911085803406134	0.336033650001641	0.10827971680852227	0.06880085334938081	0.08474682978581408	0.10234507655779368	0.1157795954544942	0.08044806813195146	0.09217190755015658	0.0750864201795248	0.08117752749617912	0.05151301082402188	0.05262394444159806	0.03321568053067368	0.02681723819867647	0.022779115581229428	0.018969336925755708	0.018909700237609232	0.049828008256046344	0.05016347765445038	0.07581653454786344	0.0728965639903906	0.09528640411863559	0.08341818449725709	0.10011181191825977	0.1144934861500593	0.07607739718255807	0.09331129039845745	0.10671420048721125	0.0759472795300768	0.12257421810118596	0.1314434078016951	0.13169859149159086	0.059513214935182794	0.06902164657998075	0.05162295600424229	0.07671274971860587	0.06727143442424241	0.08623843456721467	0.09786762109557914	0.11186653634782712	0.08934024233545976	0.10032043836678076	0.07587170946913882	0.06442775684847807	0.06915665430348408	0.07775725516308243	0.08907324713750991	0.12945331641875343	0.08657164029500541	0.13275737162887277	0.12033264989574086	0.1257940848500802	0.08632644876454829	0.1606742169474193	0.08124014169830267	0.11130521251000597	0.14411472052398888	0.1065544335419302	0.10178027751616384	0.05980571221892113	0.04075357179206857	0.03655312073877078	0.07233852188779259	0.0752003333645227	0.09461630601473667	0.13400457831302182	0.06802960968158306	0.07580218565697325	0.09736592524120946	0.043026269186022745	0.03241909197125279
f4pp	0.031107764462360868	0.030751279806832857	0.02982936422936473	0.04195993531208911	0.035363746761535635	0.0319223944156988	0.02842436065553383	2.00000100005818e-06	0.0	0.013377820626977465	0.032990527716885536	0.05976194493381812	0.04650430759872718	0.03791454515709624	0.022738549192565953	0.011071610761586147	0.02552660192311826	0.0200329347627006	0.029674871912460935	0.03442497636268504	0.10480380776177824	0.022432068671075875	0.06728256200598584	0.035432863522683405	0.01808441376550119	0.030979648862275715	0.06972410332144985	0.05997710820105451	0.03537159652246843	0.08910039639542408	0.04674149268738024	0.046105563904494405	0.03481069374666576	0.09608884607226803	0.07110247694265066	0.11332331021210557	0.3998792611964091	0.37182095997900894	0.35605188882242605	0.33730109956553755	0.36569436011104256	0.34641859929269414	0.43531381056618	0.38164395649493804	0.35911085803406134	0.336033650001641	0.10827971680852227	0.06880085334938081	0.08474682978581408	0.10234507655779368	0.1157795954544942	0.08044806813195146	0.09217190755015658	0.0750864201795248	0.08117752749617912	0.05151301082402188	0.05262394444159806	0.03321568053067368	0.02681723819867647	0.022779115581229428	0.018969336925755708	0.018909700237609232	0.049828008256046344	0.05016347765445038	0.07581653454786344	0.0728965639903906	0.09528640411863559	0.08341818449725709	0.10011181191825977	0.1144934861500593	0.07607739718255807	0.09331129039845745	0.10671420048721125	0.0759472795300768	0.12257421810118596	0.1314434078016951	0.13169859149159086	0.059513214935182794	0.06902164657998075	0.05162295600424229	0.07671274971860587	0.06727143442424241	0.08623843456721467	0.09786762109557914	0.11186653634782712	0.08934024233545976	0.10032043836678076	0.07587170946913882	0.06442775684847807	0.06915665430348408	0.07775725516308243	0.08907324713750991	0.12945331641875343	0.08657164029500541	0.13275737162887277	0.12033264989574086	0.1257940848500802	0.08632644876454829	0.1606742169474193	0.08124014169830267	0.11130521251000597	0.14411472052398888	0.1065544335419302	0.10178027751616384	0.05980571221892113	0.04075357179206857	0.03655312073877078	0.07233852188779259	0.0752003333645227	0.09461630601473667	0.13400457831302182	0.06802960968158306	0.07580218565697325	0.09736592524120946	0.043026269186022745	0.03241909197125279
f20ppB	0.04082300335183799	0.040466518696309975	0.03954460311884185	0.051675174201566226	0.04507898565101276	0.041637633305175926	0.03813959954501095	0.013377820626977465	0.013377820626977465	0.0	0.029747178835276798	0.05651859605220938	0.04326095871711844	0.0346711962754875	0.03245378808204308	0.02078684965106327	0.035241840812595376	0.029748173652177724	0.03939011080193806	0.04414021525216216	0.11451904665125535	0.03214730756055299	0.07699780089546296	0.04514810241216052	0.027799652654978316	0.04069488775175284	0.07943934221092698	0.06969234709053163	0.04508683541194555	0.0988156352849012	0.056456731576857364	0.05582080279397153	0.04452593263614288	0.10580408496174515	0.08081771583212778	0.12303854910158268	0.4095945000858862	0.38153619886848605	0.3657671277119032	0.3470163384550147	0.3754095990005197	0.35613383818217126	0.44502904945565713	0.39135919538441516	0.36882609692353846	0.3457488888911181	0.11799495569799939	0.07851609223885793	0.0944620686752912	0.1120603154472708	0.12549483434397132	0.0901633070214286	0.1018871464396337	0.08480165906900192	0.09089276638565626	0.06122824971349901	0.06233918333107519	0.0429309194201508	0.036532477088153596	0.032494354470706546	0.02868457581523283	0.028624939127086354	0.05954324714552347	0.059878716543927506	0.08553177343734056	0.08261180287986773	0.10500164300811272	0.09313342338673422	0.1098270508077369	0.12420872503953642	0.08579263607203519	0.10302652928793457	0.11642943937668837	0.08566251841955391	0.13228945699066308	0.14115864669117223	0.14141383038106797	0.06922845382465992	0.07873688546945788	0.06133819489371942	0.08642798860808298	0.07698667331371953	0.0959536734566918	0.10758285998505626	0.12158177523730423	0.09905548122493688	0.11003567725625787	0.08558694835861594	0.0741429957379552	0.07887189319296121	0.08747249405255955	0.09878848602698703	0.13916855530823058	0.09628687918448253	0.1424726105183499	0.13004788878521797	0.13550932373955732	0.0960416876540254	0.1703894558368964	0.0909553805877798	0.1210204513994831	0.153829959413466	0.11626967243140732	0.11149551640564095	0.06952095110839826	0.0504688106815457	0.04626835962824791	0.08205376077726972	0.08491557225399982	0.10433154490421379	0.14371981720249893	0.07774484857106018	0.08551742454645037	0.10708116413068659	0.05274150807549988	0.042134330860729916
F23HpA	0.06043571044174606	0.06007922578621804	0.05915731020874991	0.07128788129147429	0.06469169274092082	0.06125034039508399	0.057752306634919016	0.032990527716885536	0.032990527716885536	0.029747178835276798	0.0	0.07612930314111739	0.06287166580602645	0.05428190336439551	0.052066495171951145	0.040399556740971336	0.05485454790250345	0.04936088074208579	0.059002817891846124	0.06375292234207022	0.13413175374116343	0.05176001465046106	0.09661050798537102	0.06476080950206858	0.04741235974488638	0.0603075948416609	0.09905204930083504	0.08930505418043969	0.06469954250185361	0.11842834237480926	0.07606943866676542	0.07543350988387959	0.06413863972605094	0.1254167920516532	0.10043042292203586	0.14265125619149074	0.4292072071757943	0.40114890595839414	0.38537983480181126	0.36662904554492276	0.39502230609042777	0.37574654527207935	0.4646417565455652	0.41097190247432325	0.38843880401344655	0.3653615959810262	0.13760766278790745	0.098128799328766	0.11407477576519925	0.13167302253717886	0.14510754143387938	0.10977601411133665	0.12149985352954176	0.10441436615890998	0.11050547347556432	0.08084095680340707	0.08195189042098325	0.06254362651005888	0.056145184178061656	0.05210706156061461	0.04829728290514089	0.048237646216994425	0.07915595423543154	0.07949142363383557	0.10514448052724863	0.1022245099697758	0.1246143500980208	0.11274613047664228	0.12943975789764497	0.14382143212944448	0.10540534316194326	0.12263923637784263	0.13604214646659643	0.10527522550946199	0.15190216408057114	0.1607713537810803	0.16102653747097603	0.08884116091456798	0.09834959255936596	0.08095090198362748	0.10604069569799106	0.09659938040362759	0.11556638054659987	0.12719556707496432	0.1411944823272123	0.11866818831484494	0.12964838434616593	0.105199655448524	0.09375570282786327	0.09848460028286929	0.10708520114246763	0.11840119311689509	0.15878126239813864	0.11589958627439059	0.16208531760825795	0.14966059587512603	0.1551220308294654	0.11565439474393346	0.1900021629268045	0.11056808767768786	0.14063315848939117	0.17344266650337406	0.13588237952131538	0.13110822349554901	0.08913365819830632	0.07008151777145377	0.06588106671815597	0.10166646786717778	0.10452827934390789	0.12394425199412186	0.16333252429240702	0.09735755566096825	0.10513013163635843	0.12669387122059467	0.07235421516540794	0.06174703795063798
f3pp	0.08720712765867865	0.08685064300315064	0.08592872742568251	0.09805929850840689	0.09146310995785342	0.08802175761201658	0.08452372385185161	0.05976194493381812	0.05976194493381812	0.05651859605220938	0.07612930314111739	0.0	0.07852744304757142	0.0699376806059405	0.07883791238888373	0.06717097395790392	0.08162596511943603	0.07613229795901838	0.08577423510877871	0.09052433955900281	0.160903170958096	0.07853143186739364	0.12338192520230361	0.09153222671900117	0.07418377696181896	0.08707901205859349	0.12582346651776763	0.11607647139737229	0.0914709597187862	0.14519975959174186	0.10284085588369801	0.10220492710081218	0.09091005694298354	0.15218820926858578	0.12720184013896843	0.16942267340842332	0.4559786243927269	0.42792032317532674	0.41215125201874386	0.39340046276185536	0.42179372330736037	0.40251796248901195	0.4914131737624978	0.43774331969125585	0.41521022123037915	0.3921330131979588	0.16437908000484003	0.12490021654569858	0.14084619298213186	0.15844443975411143	0.17187895865081199	0.13654743132826924	0.14827127074647434	0.13118578337584258	0.1372768906924969	0.10761237402033966	0.10872330763791584	0.08931504372699145	0.08291660139499425	0.0788784787775472	0.07506870012207348	0.07500906343392702	0.10592737145236414	0.10626284085076818	0.13191589774418122	0.12899592718670838	0.1513857673149534	0.13951754769357488	0.15621117511457755	0.17059284934637708	0.13217676037887585	0.14941065359477523	0.16281356368352903	0.13204664272639458	0.17867358129750374	0.1875427709980129	0.18779795468790864	0.11561257813150058	0.12512100977629853	0.10772231920056008	0.13281211291492365	0.12337079762056019	0.14233779776353245	0.15396698429189692	0.1679658995441449	0.14543960553177754	0.15641980156309854	0.1319710726654566	0.12052712004479586	0.12525601749980186	0.13385661835940021	0.1451726103338277	0.18555267961507121	0.1426710034913232	0.18885673482519055	0.17643201309205864	0.181893448046398	0.14242581196086607	0.2167735801437371	0.13733950489462046	0.16740457570632378	0.20021408372030666	0.16265379673824798	0.15787964071248162	0.11590507541523892	0.09685293498838636	0.09265248393508857	0.1284378850841104	0.13129969656084048	0.15071566921105445	0.19010394150933962	0.12412897287790084	0.13190154885329103	0.15346528843752727	0.09912563238234054	0.08851845516757058
s2pp	0.07394949032358769	0.07359300566805968	0.07267109009059156	0.08480166117331595	0.07820547262276246	0.07476412027692564	0.07126608651676067	0.04650430759872718	0.04650430759872718	0.04326095871711844	0.06287166580602645	0.07852744304757142	0.0	0.02806902268722754	0.0655802750537928	0.05391333662281298	0.0683683277843451	0.06287466062392744	0.07251659777368777	0.07726670222391187	0.14764553362300506	0.06527379453230271	0.11012428786721268	0.07827458938391024	0.06092613962672803	0.07382137472350254	0.11256582918267669	0.10281883406228134	0.07821332238369526	0.13194212225665092	0.08958321854860707	0.08894728976572124	0.0776524196078926	0.13893057193349484	0.11394420280387749	0.15616503607333238	0.44272098705763596	0.4146626858402358	0.3988936146836529	0.3801428254267644	0.4085360859722694	0.389260325153921	0.4781555364274069	0.4244856823561649	0.4019525838952882	0.37887537586286785	0.15112144266974908	0.11164257921060763	0.1275885556470409	0.1451868024190205	0.15862132131572104	0.1232897939931783	0.1350136334113834	0.11792814604075162	0.12401925335740596	0.09435473668524871	0.09546567030282489	0.0760574063919005	0.06965896405990331	0.06562084144245625	0.061811062786982535	0.06175142609883607	0.09266973411727317	0.0930052035156772	0.11865826040909028	0.11573828985161744	0.13812812997986243	0.1262599103584839	0.1429535377794866	0.15733521201128614	0.11891912304378491	0.1361530162596843	0.14955592634843806	0.11878900539130363	0.16541594396241277	0.17428513366292192	0.17454031735281766	0.10235494079640962	0.11186337244120759	0.09446468186546912	0.1195544755798327	0.11011316028546923	0.1290801604284415	0.14070934695680598	0.15470826220905393	0.1321819681966866	0.1431621642280076	0.11871343533036564	0.1072694827097049	0.11199838016471092	0.12059898102430927	0.13191497299873672	0.17229504227998027	0.12941336615623222	0.1755990974900996	0.1631743757569677	0.16863581071130704	0.12916817462577512	0.20351594280864613	0.12408186755952949	0.1541469383712328	0.1869564463852157	0.14939615940315704	0.14462200337739067	0.10264743808014797	0.0835952976532954	0.07939484659999761	0.11518024774901942	0.11804205922574953	0.1374580318759635	0.17684630417424865	0.1108713355428099	0.11864391151820007	0.1402076511024363	0.08586799504724958	0.07526081783247962
f2pp	0.06535972788195675	0.06500324322642875	0.06408132764896061	0.07621189873168499	0.06961571018113152	0.0661743578352947	0.06267632407512971	0.03791454515709624	0.03791454515709624	0.0346711962754875	0.05428190336439551	0.0699376806059405	0.02806902268722754	0.0	0.05699051261216185	0.04532357418118204	0.059778565342714154	0.054284898182296495	0.06392683533205683	0.06867693978228093	0.13905577118137413	0.056684032090671764	0.10153452542558172	0.06968482694227929	0.05233637718509709	0.0652316122818716	0.10397606674104574	0.09422907162065039	0.06962355994206432	0.12335235981501996	0.08099345610697613	0.0803575273240903	0.06906265716626164	0.1303408094918639	0.10535444036224656	0.14757527363170145	0.434131224616005	0.40607292339860485	0.39030385224202196	0.37155306298513346	0.39994632353063847	0.38067056271229005	0.4695657739857759	0.41589591991453395	0.39336282145365725	0.3702856134212369	0.14253168022811816	0.10305281676897671	0.11899879320540996	0.13659703997738956	0.1500315588740901	0.11470003155154736	0.12642387096975247	0.10933838359912068	0.11542949091577502	0.08576497424361777	0.08687590786119395	0.06746764395026958	0.06106920161827236	0.05703107900082532	0.053221300345351594	0.05316166365720513	0.08407997167564224	0.08441544107404628	0.11006849796745932	0.1071485274099865	0.1295383675382315	0.11767014791685299	0.13436377533785565	0.14874544956965519	0.11032936060215395	0.12756325381805333	0.14096616390680713	0.11019924294967268	0.15682618152078184	0.165695371221291	0.16595055491118674	0.09376517835477868	0.10327360999957665	0.08587491942383818	0.11096471313820175	0.10152339784383829	0.12049039798681056	0.13211958451517503	0.146118499767423	0.12359220575505564	0.13457240178637664	0.1101236728887347	0.09867972026807396	0.10340861772307998	0.11200921858267832	0.1233252105571058	0.16370527983834932	0.1208236037146013	0.16700933504846865	0.15458461331533674	0.1600460482696761	0.12057841218414417	0.1949261803670152	0.11549210511789856	0.14555717592960188	0.17836668394358476	0.14080639696152608	0.13603224093575972	0.09405767563851702	0.07500553521166446	0.07080508415836667	0.10659048530738849	0.10945229678411858	0.12886826943433255	0.16825654173261773	0.10228157310117894	0.11005414907656913	0.13161788866080537	0.07727823260561864	0.06667105539084868
f17ppB	0.04424488219843918	0.04388839754291116	0.04296648196544303	0.055097053048167415	0.04850086449761394	0.04505951215177711	0.04156147839161214	0.022738549192565953	0.022738549192565953	0.03245378808204308	0.052066495171951145	0.07883791238888373	0.0655802750537928	0.05699051261216185	0.0	0.011670938432979923	0.026125929594512032	0.026942589434237853	0.042811989648539245	0.047562094098763344	0.11794092549785654	0.03556918640715418	0.08041967974206414	0.048569981258761705	0.031221531501579497	0.04411676659835402	0.08286122105752816	0.07311422593713282	0.048508714258546734	0.10223751413150238	0.059878610423458545	0.05924268164057271	0.04794781148274407	0.10922596380834633	0.08423959467872896	0.12646042794818385	0.41301637893248744	0.3849580777150873	0.3691890065585044	0.3504382173016159	0.3788314778471209	0.3595557170287725	0.44845092830225836	0.3947810742310164	0.3722479757701397	0.3491707677377193	0.12141683454460057	0.08193797108545911	0.09788394752189238	0.11548219429387198	0.12891671319057252	0.09358518586802977	0.10530902528623488	0.0882235379156031	0.09431464523225744	0.06465012856010019	0.06576106217767637	0.04635279826675199	0.03995435593475478	0.035916233317307734	0.03210645466183401	0.032046817973687546	0.06296512599212466	0.0633005953905287	0.08895365228394175	0.08603368172646891	0.1084235218547139	0.0965553022333354	0.11324892965433808	0.12763060388613762	0.08921451491863638	0.10644840813453577	0.11985131822328957	0.08908439726615511	0.13571133583726427	0.14458052553777342	0.14483570922766917	0.07265033267126111	0.08215876431605906	0.06476007374032061	0.08984986745468418	0.08040855216032072	0.09937555230329298	0.11100473883165746	0.12500365408390543	0.10247736007153807	0.11345755610285907	0.08900882720521713	0.07756487458455638	0.0822937720395624	0.09089437289916075	0.10221036487358823	0.14259043415483175	0.09970875803108373	0.14589448936495109	0.13346976763181917	0.13893120258615851	0.0994635665006266	0.1738113346834976	0.09437725943438098	0.12444233024608428	0.1572518382600672	0.11969155127800851	0.11491739525224215	0.07294282995499944	0.053890689528146886	0.049690238474849095	0.0854756396238709	0.08833745110060101	0.10775342375081498	0.14714169604910013	0.08116672741766137	0.08893930339305156	0.11050304297728777	0.05616338692210106	0.045556209707331104
f10pp	0.032577943767459365	0.032221459111931354	0.03129954353446322	0.043430114617187605	0.03683392606663413	0.0333925737207973	0.02989453996063233	0.011071610761586147	0.011071610761586147	0.02078684965106327	0.040399556740971336	0.06717097395790392	0.05391333662281298	0.04532357418118204	0.011670938432979923	0.0	0.014456991162532167	0.015275651003258046	0.031145051217559432	0.035895155667783535	0.10627398706687673	0.023902247976174372	0.06875274131108433	0.036903042827781896	0.019554593070599688	0.03244982816737421	0.07119428262654835	0.061447287506153005	0.036841775827566925	0.09057057570052257	0.048211671992478736	0.0475757432095929	0.03628087305176426	0.09755902537736652	0.07257265624774917	0.11479348951720406	0.4013494405015076	0.37329113928410745	0.3575220681275246	0.3387712788706361	0.3671645394161411	0.34788877859779266	0.43678398987127853	0.38311413580003656	0.36058103733915986	0.3375038293067395	0.10974989611362077	0.07027103265447932	0.08621700909091257	0.10381525586289217	0.1172497747595927	0.08191824743704997	0.09364208685525507	0.07655659948462329	0.08264770680127763	0.05298319012912038	0.05409412374669656	0.03468585983577218	0.02828741750377497	0.024249294886327925	0.020439516230854205	0.02037987954270773	0.05129818756114484	0.05163365695954888	0.07728671385296193	0.0743667432954891	0.0967565834237341	0.0848883638023556	0.10158199122335827	0.1159636654551578	0.07754757648765656	0.09478146970355594	0.10818437979230974	0.07741745883517528	0.12404439740628445	0.1329135871067936	0.13316877079668935	0.06098339424028129	0.07049182588507925	0.05309313530934079	0.07818292902370436	0.0687416137293409	0.08770861387231317	0.09933780040067763	0.11333671565292561	0.09081042164055825	0.10179061767187925	0.07734188877423731	0.06589793615357657	0.07062683360858259	0.07922743446818092	0.0905434264426084	0.13092349572385192	0.0880418196001039	0.13422755093397126	0.12180282920083935	0.12726426415517872	0.08779662806964678	0.1621443962525178	0.08271032100340117	0.11277539181510447	0.14558489982908737	0.10802461284702869	0.10325045682126233	0.06127589152401963	0.04222375109716707	0.03802330004386928	0.0738087011928911	0.07667051266962119	0.09608648531983516	0.13547475761812033	0.06949978898668155	0.07727236496207174	0.09883610454630797	0.04449644849112125	0.03388927127635129
w28pp	0.047032934928991486	0.04667645027346347	0.045754534695995344	0.05788510577871972	0.051288917228166246	0.04784756488232941	0.04434953112216444	0.02552660192311826	0.02552660192311826	0.035241840812595376	0.05485454790250345	0.08162596511943603	0.0683683277843451	0.059778565342714154	0.026125929594512032	0.014456991162532167	0.0	0.029730642164790155	0.04560004237909154	0.05035014682931564	0.12072897822840883	0.03835723913770648	0.08320773247261645	0.05135803398931401	0.0340095842321318	0.04690481932890632	0.08564927378808046	0.07590227866768512	0.05129676698909903	0.10502556686205468	0.06266666315401084	0.06203073437112501	0.05073586421329637	0.11201401653889863	0.08702764740928128	0.12924848067873618	0.4158044316630397	0.38774613044563955	0.37197705928905667	0.35322627003216817	0.38161953057767317	0.36234376975932475	0.4512389810328106	0.39756912696156865	0.37503602850069195	0.3519588204682716	0.12420488727515287	0.08472602381601142	0.10067200025244467	0.11827024702442428	0.13170476592112482	0.09637323859858207	0.10809707801678718	0.0910115906461554	0.09710269796280974	0.06743818129065249	0.06854911490822867	0.049140850997304295	0.04274240866530708	0.03870428604786004	0.034894507392386316	0.03483487070423985	0.06575317872267697	0.066088648121081	0.09174170501449405	0.08882173445702123	0.11121157458526622	0.09934335496388771	0.1160369823848904	0.13041865661668992	0.09200256764918868	0.10923646086508806	0.12263937095384186	0.0918724499967074	0.13849938856781657	0.14736857826832572	0.14762376195822147	0.07543838540181341	0.08494681704661138	0.06754812647087291	0.09263792018523648	0.08319660489087302	0.10216360503384529	0.11379279156220976	0.12779170681445773	0.10526541280209037	0.11624560883341137	0.09179687993576943	0.0803529273151087	0.08508182477011471	0.09368242562971305	0.10499841760414053	0.14537848688538407	0.10249681076163603	0.14868254209550338	0.13625782036237147	0.1417192553167108	0.1022516192311789	0.1765993874140499	0.09716531216493329	0.12723038297663658	0.1600398909906195	0.12247960400856081	0.11770544798279445	0.07573088268555175	0.05667874225869919	0.0524782912054014	0.08826369235442322	0.09112550383115331	0.11054147648136728	0.14992974877965243	0.08395478014821367	0.09172735612360386	0.11329109570784009	0.05895143965265337	0.04834426243788341
