	S31Hp	S19H1	530055	w1pp	f10pp	w19pp	w15pp	w32pp	f28pp	f13pp	w21pp	f24pp	w25pp	w31pp	f11pp	w22pp	w28pp	f12ppB	w17pp	w29pp	w12pp	f30pp	f26pp	f2pp	w11pp	w18pp	w23pp	f15pp	w8pp	f17ppB	w13pp	w10pp	w3pp	w26pp	f14ppA	w27pp	w2pp	f12ppA	31009
S31Hp	0.0	0.4230027410224403	0.4354831151133214	0.8627219183623748	0.8737860056980874	0.8953705033833037	0.9236122738155964	0.909052104650826	0.9297172669703041	0.9075165165057993	0.945750017687863	0.8919471395034747	0.9018497242211465	0.8930481335407631	0.8877443651174729	0.872511160015807	0.9000411231641166	0.9022163222508947	0.9134971943572116	0.8913539724553449	0.8863077801067992	0.9264289777477507	0.8830240332264715	0.8927280019097681	0.9220936081697513	0.908066330381426	0.8796886800764987	0.9062538050924261	0.9075381967563979	0.8997450213354562	0.8693660440760018	0.868140903758383	0.8825206592965124	0.869393968408986	0.8811663092728583	0.8669190321531182	0.874880900727913	0.8580746540060651	0.4064610648490359
S19H1	0.4230027410224403	0.0	0.38650337385275524	0.8916487575815533	0.9027128449172659	0.9242973426024822	0.9525391130347749	0.9379789438700045	0.9586441061894826	0.9364433557249778	0.9746768569070415	0.9208739787226532	0.930776563440325	0.9219749727599416	0.9166712043366514	0.9014379992349855	0.928967962383295	0.9311431614700731	0.94242403357639	0.9202808116745234	0.9152346193259777	0.9553558169669292	0.91195087244565	0.9216548411289466	0.9510204473889298	0.9369931696006045	0.9086155192956772	0.9351806443116046	0.9364650359755764	0.9286718605546347	0.8982928832951803	0.8970677429775615	0.9114474985156908	0.8983208076281645	0.9100931484920368	0.8958458713722967	0.9038077399470915	0.8870014932252436	0.43538790406821437
530055	0.4354831151133214	0.38650337385275524	0.0	0.9041291316724344	0.915193219008147	0.9367777166933633	0.965019487125656	0.9504593179608856	0.9711244802803637	0.9489237298158589	0.9871572309979226	0.9333543528135343	0.9432569375312061	0.9344553468508227	0.9291515784275325	0.9139183733258666	0.9414483364741761	0.9436235355609542	0.9549044076672711	0.9327611857654045	0.9277149934168588	0.9678361910578103	0.9244312465365311	0.9341352152198277	0.9635008214798109	0.9494735436914856	0.9210958933865583	0.9476610184024857	0.9489454100664575	0.9411522346455158	0.9107732573860614	0.9095481170684426	0.9239278726065719	0.9108011817190456	0.9225735225829179	0.9083262454631778	0.9162881140379726	0.8994818673161247	0.44786827815909547
w1pp	0.8627219183623748	0.8916487575815533	0.9041291316724344	0.0	0.03591165548146233	0.057496153166678644	0.08573792359897128	0.07117775443420091	0.091842916753679	0.06964216628917425	0.10787566747123797	0.05407278928684966	0.06397537400452141	0.05517378332413797	0.04987001490084778	0.03463680979918186	0.06216677294749148	0.06434197203426958	0.07562284414058643	0.05347962223871982	0.048433429890174094	0.08855462753112561	0.04514968300984646	0.05485365169314298	0.08421925795312624	0.07019198016480098	0.04181432985987358	0.06837945487580106	0.06966384653977287	0.061870671118831086	0.03149169385937679	0.030266553541757966	0.04464630907988731	0.031519618192360856	0.04329195905623327	0.03523310880718516	0.05061203599340289	0.03380578927155499	0.839426551988283
f10pp	0.8737860056980874	0.9027128449172659	0.915193219008147	0.03591165548146233	0.0	0.02922367436635924	0.057465444798651885	0.042905275633881496	0.06357043795335962	0.041369687488854834	0.07960318867091858	0.025800310486530253	0.035702895204202	0.026901304523818566	0.03088822928619478	0.01565502418452885	0.05049193657129358	0.052667135658071684	0.06394800776438851	0.04180478586252192	0.036758593513976194	0.07687979115492773	0.03347484663364856	0.04317881531694508	0.07254442157692835	0.05851714378860308	0.03013949348367568	0.05670461849960316	0.05798901016357497	0.050195834742633186	0.024635689659219973	0.02341054934160114	0.03779030487973048	0.024663613992204028	0.036435954856076445	0.04629719614289776	0.06167612332911549	0.0448698766072676	0.8504906393239956
w19pp	0.8953705033833037	0.9242973426024822	0.9367777166933633	0.057496153166678644	0.02922367436635924	0.0	0.05809288054554307	0.04353271138077268	0.07730681407657639	0.0551060636120716	0.09333956479413535	0.03953668660974702	0.049439271327418766	0.04063768064703534	0.0524727269714111	0.03723952186974517	0.07207643425650989	0.07425163334328799	0.08553250544960483	0.06338928354773823	0.05834309119919251	0.09846428884014405	0.055059344318864875	0.0647633130021614	0.09412891926214467	0.0801016414738194	0.051723991168891995	0.07828911618481948	0.07957350784879128	0.07178033242784951	0.046220187344436295	0.04499504702681746	0.0593748025649468	0.04624811167742035	0.05802045254129276	0.06788169382811408	0.08326062101433182	0.06645437429248392	0.8720751370092119
w15pp	0.9236122738155964	0.9525391130347749	0.965019487125656	0.08573792359897128	0.057465444798651885	0.05809288054554307	0.0	0.0439549251558733	0.10554858450886903	0.08334783404436424	0.121581335226428	0.06777845704203966	0.07768104175971141	0.06887945107932798	0.08071449740370375	0.06548129230203782	0.10031820468880255	0.10249340377558065	0.11377427588189748	0.09163105398003088	0.08658486163148515	0.1267060592724367	0.08330111475115753	0.09300508343445404	0.12237068969443732	0.10834341190611205	0.07996576160118465	0.10653088661711213	0.10781527828108393	0.10002210286014215	0.07446195777672894	0.0732368174591101	0.08761657299723945	0.074489882109713	0.0862622229735854	0.09612346426040674	0.11150239144662447	0.09469614472477657	0.9003169074415046
w32pp	0.909052104650826	0.9379789438700045	0.9504593179608856	0.07117775443420091	0.042905275633881496	0.04353271138077268	0.0439549251558733	0.0	0.09098841534409864	0.06878766487959385	0.1070211660616576	0.053218287877269274	0.06312087259494102	0.05431928191455759	0.06615432823893336	0.05092112313726743	0.08575803552403216	0.08793323461081026	0.0992141067171271	0.0770708848152605	0.07202469246671478	0.1121458901076663	0.06874094558638713	0.07844491426968365	0.10781052052966693	0.09378324274134166	0.06540559243641425	0.09197071745234174	0.09325510911631354	0.08546193369537176	0.05990178861195855	0.058676648294339724	0.07305640383246906	0.05992971294494261	0.07170205380881503	0.08156329509563634	0.09694222228185408	0.08013597556000618	0.8857567382767342
f28pp	0.9297172669703041	0.9586441061894826	0.9711244802803637	0.091842916753679	0.06357043795335962	0.07730681407657639	0.10554858450886903	0.09098841534409864	0.0	0.055596778181304776	0.10694855026384563	0.05314567207945731	0.06851733445842259	0.05971574377803916	0.08681949055841148	0.07158628545674554	0.10642319784351027	0.10859839693028837	0.1198792690366052	0.0977360471347386	0.09268985478619288	0.13281105242714442	0.08940610790586526	0.09911007658916177	0.12847568284914504	0.11444840506081977	0.08607075475589238	0.11263587977181985	0.11392027143579166	0.10612709601484988	0.08056695093143666	0.07934181061381783	0.09372156615194717	0.08059487526442072	0.09236721612829313	0.10222845741511447	0.11760738460133219	0.10080113787948429	0.9064219005962123
f13pp	0.9075165165057993	0.9364433557249778	0.9489237298158589	0.06964216628917425	0.041369687488854834	0.0551060636120716	0.08334783404436424	0.06878766487959385	0.055596778181304776	0.0	0.08474779979934084	0.030944921614952527	0.046316583993917804	0.037514993313534375	0.0646187400939067	0.04938553499224077	0.0842224473790055	0.0863976464657836	0.09767851857210044	0.07553529667023384	0.07048910432168812	0.11061030196263964	0.06720535744136047	0.076909326124657	0.10627493238464027	0.092247654596315	0.06387000429138759	0.09043512930731508	0.09171952097128688	0.0839263455503451	0.05836620046693189	0.05714106014931306	0.0715208156874424	0.05839412479991595	0.07016646566378837	0.08002770695060968	0.09540663413682741	0.07860038741497952	0.8842211501317075
w21pp	0.945750017687863	0.9746768569070415	0.9871572309979226	0.10787566747123797	0.07960318867091858	0.09333956479413535	0.121581335226428	0.1070211660616576	0.10694855026384563	0.08474779979934084	0.0	0.05806703287979756	0.08455008517598155	0.07574849449559812	0.10285224127597042	0.0876190361743045	0.12245594856106923	0.12463114764784733	0.13591201975416417	0.11376879785229757	0.10872260550375185	0.14884380314470336	0.1054388586234242	0.11514282730672072	0.144508433566704	0.1304811557783787	0.10210350547345132	0.12866863048937882	0.1299530221533506	0.12215984673240883	0.09659970164899562	0.09537456133137678	0.10975431686950612	0.09662762598197967	0.10839996684585208	0.1182612081326734	0.13364013531889113	0.11683388859704325	0.9224546513137712
f24pp	0.8919471395034747	0.9208739787226532	0.9333543528135343	0.05407278928684966	0.025800310486530253	0.03953668660974702	0.06777845704203966	0.053218287877269274	0.05314567207945731	0.030944921614952527	0.05806703287979756	0.0	0.030747206991593227	0.02194561631120979	0.049049363091582115	0.03381615798991618	0.06865307037668092	0.07082826946345902	0.08210914156977585	0.05996591966790925	0.05491972731936352	0.09504092496031505	0.05163598043903589	0.061339949122332406	0.09070555538231567	0.0766782775939904	0.04830062728906301	0.07486575230499048	0.0761501439689623	0.06835696854802051	0.04279682346460731	0.041571683146988475	0.055951438685117816	0.042824747797591364	0.054597088661463775	0.0644583299482851	0.07983725713450282	0.06303101041265494	0.8686517731293829
w25pp	0.9018497242211465	0.930776563440325	0.9432569375312061	0.06397537400452141	0.035702895204202	0.049439271327418766	0.07768104175971141	0.06312087259494102	0.06851733445842259	0.046316583993917804	0.08455008517598155	0.030747206991593227	0.0	0.025234545326678764	0.05895194780925386	0.04371874270758794	0.07855565509435267	0.08073085418113077	0.09201172628744761	0.06986850438558101	0.06482231203703528	0.10494350967798681	0.06153856515670764	0.07124253384000416	0.10060814009998743	0.08658086231166216	0.05820321200673476	0.08476833702266225	0.08605272868663405	0.07825955326569227	0.052699408182279056	0.05147426786466023	0.06585402340278956	0.05272733251526312	0.06449967337913554	0.07436091466595685	0.08973984185217458	0.07293359513032668	0.8785543578470547
w31pp	0.8930481335407631	0.9219749727599416	0.9344553468508227	0.05517378332413797	0.026901304523818566	0.04063768064703534	0.06887945107932798	0.05431928191455759	0.05971574377803916	0.037514993313534375	0.07574849449559812	0.02194561631120979	0.025234545326678764	0.0	0.05015035712887042	0.034917152027204496	0.06975406441396922	0.07192926350074733	0.08321013560706417	0.06106691370519756	0.056020721356651836	0.09614191899760337	0.0527369744763242	0.06244094315962072	0.09180654941960399	0.07777927163127872	0.04940162132635132	0.0759667463422788	0.07725113800625061	0.06945796258530883	0.043897817501895614	0.04267267718427679	0.05705243272240613	0.04392574183487968	0.055698082698752094	0.0655593239855734	0.08093825117179114	0.06413200444994324	0.8697527671666713
f11pp	0.8877443651174729	0.9166712043366514	0.9291515784275325	0.04987001490084778	0.03088822928619478	0.0524727269714111	0.08071449740370375	0.06615432823893336	0.08681949055841148	0.0646187400939067	0.10285224127597042	0.049049363091582115	0.05895194780925386	0.05015035712887042	0.0	0.02691567877810179	0.06445029599067904	0.06662549507745714	0.07790636718377397	0.05576314528190737	0.05071695293336165	0.09083815057431319	0.04743320605303401	0.05713717473633054	0.08650278099631381	0.07247550320798854	0.04409785290306113	0.07066297791898862	0.07194736958296043	0.06415419416201865	0.03859404907860543	0.0373689087609866	0.05174866429911594	0.03862197341158949	0.050394314275461906	0.06025555556228322	0.07563448274850096	0.05882823602665306	0.8644489987433811
w22pp	0.872511160015807	0.9014379992349855	0.9139183733258666	0.03463680979918186	0.01565502418452885	0.03723952186974517	0.06548129230203782	0.05092112313726743	0.07158628545674554	0.04938553499224077	0.0876190361743045	0.03381615798991618	0.04371874270758794	0.034917152027204496	0.02691567877810179	0.0	0.04921709088901311	0.05139228997579121	0.06267316208210805	0.04052994018024145	0.03548374783169572	0.07560494547264726	0.03220000095136809	0.041903969634664605	0.07126957589464789	0.05724229810632261	0.028864647801395207	0.05542977281732269	0.056714164481294495	0.048920989060352714	0.023360843976939504	0.022135703659320674	0.036515459197450015	0.023388768309923563	0.035161109173795974	0.0450223504606173	0.06040127764683502	0.04359503092498713	0.8492157936417152
w28pp	0.9000411231641166	0.928967962383295	0.9414483364741761	0.06216677294749148	0.05049193657129358	0.07207643425650989	0.10031820468880255	0.08575803552403216	0.10642319784351027	0.0842224473790055	0.12245594856106923	0.06865307037668092	0.07855565509435267	0.06975406441396922	0.06445029599067904	0.04921709088901311	0.0	0.04443592584353134	0.05571679794984818	0.033573576047981585	0.04940317652018409	0.08952437416113562	0.046119429639856456	0.05582339832315297	0.08518900458313625	0.07116172679481098	0.042784076489883575	0.06934920150581106	0.07063359316978286	0.06284041774884108	0.05089080712524913	0.0496656668076303	0.06404542234575963	0.05091873145823319	0.0626910723221056	0.07255231360892692	0.08793124079514465	0.07112499407329675	0.8767457567900248
f12ppB	0.9022163222508947	0.9311431614700731	0.9436235355609542	0.06434197203426958	0.052667135658071684	0.07425163334328799	0.10249340377558065	0.08793323461081026	0.10859839693028837	0.0863976464657836	0.12463114764784733	0.07082826946345902	0.08073085418113077	0.07192926350074733	0.06662549507745714	0.05139228997579121	0.04443592584353134	0.0	0.0514168182924538	0.03574677513375963	0.05157837560696219	0.09169957324791372	0.04829462872663456	0.057998597409931074	0.08736420366991435	0.07333692588158908	0.04495927557666168	0.07152440059258916	0.07280879225656096	0.06501561683561918	0.05306600621202723	0.0518408658944084	0.06622062143253774	0.05309393054501129	0.06486627140888371	0.07472751269570502	0.09010643988192275	0.07330019316007486	0.8789209558768029
w17pp	0.9134971943572116	0.94242403357639	0.9549044076672711	0.07562284414058643	0.06394800776438851	0.08553250544960483	0.11377427588189748	0.0992141067171271	0.1198792690366052	0.09767851857210044	0.13591201975416417	0.08210914156977585	0.09201172628744761	0.08321013560706417	0.07790636718377397	0.06267316208210805	0.05571679794984818	0.0514168182924538	0.0	0.04702764724007646	0.06285924771327903	0.10298044535423057	0.05957550083295139	0.06927946951624792	0.09864507577623119	0.08461779798790592	0.05624014768297851	0.082805272698906	0.08408966436287779	0.07629648894193602	0.06434687831834407	0.06312173800072524	0.07750149353885458	0.06437480265132813	0.07614714351520054	0.08600838480202186	0.1013873119882396	0.0845810652663917	0.8902018279831198
w29pp	0.8913539724553449	0.9202808116745234	0.9327611857654045	0.05347962223871982	0.04180478586252192	0.06338928354773823	0.09163105398003088	0.0770708848152605	0.0977360471347386	0.07553529667023384	0.11376879785229757	0.05996591966790925	0.06986850438558101	0.06106691370519756	0.05576314528190737	0.04052994018024145	0.033573576047981585	0.03574677513375963	0.04702764724007646	0.0	0.040716025811412426	0.08083722345236397	0.03743227893108479	0.047136247614381316	0.07650185387436459	0.06247457608603932	0.03409692578111191	0.0606620507970394	0.061946442461011206	0.054153267040069425	0.04220365641647747	0.040978516098858636	0.05535827163698798	0.042231580749461525	0.054003921613333936	0.06386516290015526	0.07924409008637298	0.0624378433645251	0.8680586060812531
w12pp	0.8863077801067992	0.9152346193259777	0.9277149934168588	0.048433429890174094	0.036758593513976194	0.05834309119919251	0.08658486163148515	0.07202469246671478	0.09268985478619288	0.07048910432168812	0.10872260550375185	0.05491972731936352	0.06482231203703528	0.056020721356651836	0.05071695293336165	0.03548374783169572	0.04940317652018409	0.05157837560696219	0.06285924771327903	0.040716025811412426	0.0	0.0682042354826359	0.02479929096135674	0.03450325964465326	0.06386886590463653	0.04984358811731132	0.02146593781238392	0.048031062828311405	0.04931545449228321	0.04152227907134143	0.037157464067931745	0.03593232375031291	0.05031207928844225	0.0371853884009158	0.04895772926478821	0.058818970551609534	0.07419789773782726	0.05739165101597937	0.8630124137327074
f30pp	0.9264289777477507	0.9553558169669292	0.9678361910578103	0.08855462753112561	0.07687979115492773	0.09846428884014405	0.1267060592724367	0.1121458901076663	0.13281105242714442	0.11061030196263964	0.14884380314470336	0.09504092496031505	0.10494350967798681	0.09614191899760337	0.09083815057431319	0.07560494547264726	0.08952437416113562	0.09169957324791372	0.10298044535423057	0.08083722345236397	0.0682042354826359	0.0	0.055460494541247775	0.07019923183385923	0.09956483809384249	0.08996478575826285	0.06158713545333545	0.08815226046926293	0.08943665213323473	0.08164347671229295	0.07727866170888327	0.07605352139126444	0.09043327692939378	0.07730658604186733	0.08907892690573974	0.09894016819256107	0.1143190953787788	0.0975128486569309	0.9031336113736589
f26pp	0.8830240332264715	0.91195087244565	0.9244312465365311	0.04514968300984646	0.03347484663364856	0.055059344318864875	0.08330111475115753	0.06874094558638713	0.08940610790586526	0.06720535744136047	0.1054388586234242	0.05163598043903589	0.06153856515670764	0.0527369744763242	0.04743320605303401	0.03220000095136809	0.046119429639856456	0.04829462872663456	0.05957550083295139	0.03743227893108479	0.02479929096135674	0.055460494541247775	0.0	0.02679428731258006	0.056159893572563326	0.04655984123698368	0.018182190932056284	0.044747315947983764	0.04603170761195557	0.03823853219101379	0.03387371718760411	0.03264857686998528	0.04702833240811462	0.033901641520588166	0.045673982384460576	0.0555352236712819	0.07091415085749964	0.05410790413565174	0.8597286668523797
f2pp	0.8927280019097681	0.9216548411289466	0.9341352152198277	0.05485365169314298	0.04317881531694508	0.0647633130021614	0.09300508343445404	0.07844491426968365	0.09911007658916177	0.076909326124657	0.11514282730672072	0.061339949122332406	0.07124253384000416	0.06244094315962072	0.05713717473633054	0.041903969634664605	0.05582339832315297	0.057998597409931074	0.06927946951624792	0.047136247614381316	0.03450325964465326	0.07019923183385923	0.02679428731258006	0.0	0.0518679828883123	0.0562638099202802	0.027886159615352804	0.05445128463128028	0.055735676295252085	0.047942500874310304	0.04357768587090062	0.042352545553281794	0.056732301091411134	0.04360561020388468	0.0553779510677571	0.06523919235457842	0.08061811954079615	0.06381187281894825	0.8694326355356763
w11pp	0.9220936081697513	0.9510204473889298	0.9635008214798109	0.08421925795312624	0.07254442157692835	0.09412891926214467	0.12237068969443732	0.10781052052966693	0.12847568284914504	0.10627493238464027	0.144508433566704	0.09070555538231567	0.10060814009998743	0.09180654941960399	0.08650278099631381	0.07126957589464789	0.08518900458313625	0.08736420366991435	0.09864507577623119	0.07650185387436459	0.06386886590463653	0.09956483809384249	0.056159893572563326	0.0518679828883123	0.0	0.08562941618026347	0.05725176587533607	0.08381689089126355	0.08510128255523536	0.07730810713429358	0.0729432921308839	0.07171815181326506	0.0860979073513944	0.07297121646386795	0.08474355732774036	0.0946047986145617	0.10998372580077942	0.09317747907893152	0.8987982417956595
w18pp	0.908066330381426	0.9369931696006045	0.9494735436914856	0.07019198016480098	0.05851714378860308	0.0801016414738194	0.10834341190611205	0.09378324274134166	0.11444840506081977	0.092247654596315	0.1304811557783787	0.0766782775939904	0.08658086231166216	0.07777927163127872	0.07247550320798854	0.05724229810632261	0.07116172679481098	0.07333692588158908	0.08461779798790592	0.06247457608603932	0.04984358811731132	0.08996478575826285	0.04655984123698368	0.0562638099202802	0.08562941618026347	0.0	0.028379650305927453	0.06214097291390097	0.06342536457787278	0.055632189156930995	0.05891601434255862	0.057690874024939796	0.07207062956306914	0.058943938675542686	0.0707162795394151	0.08057752082623643	0.09595644801245415	0.07915020129060625	0.8847709640073342
w23pp	0.8796886800764987	0.9086155192956772	0.9210958933865583	0.04181432985987358	0.03013949348367568	0.051723991168891995	0.07996576160118465	0.06540559243641425	0.08607075475589238	0.06387000429138759	0.10210350547345132	0.04830062728906301	0.05820321200673476	0.04940162132635132	0.04409785290306113	0.028864647801395207	0.042784076489883575	0.04495927557666168	0.05624014768297851	0.03409692578111191	0.02146593781238392	0.06158713545333545	0.018182190932056284	0.027886159615352804	0.05725176587533607	0.028379650305927453	0.0	0.03376332260897357	0.035047714272945375	0.027254538852003594	0.030538364037631226	0.029313223720012396	0.04369297925814174	0.030566288370615285	0.042338629234487696	0.05219987052130902	0.06757879770752676	0.05077255098567886	0.8563933137024069
f15pp	0.9062538050924261	0.9351806443116046	0.9476610184024857	0.06837945487580106	0.05670461849960316	0.07828911618481948	0.10653088661711213	0.09197071745234174	0.11263587977181985	0.09043512930731508	0.12866863048937882	0.07486575230499048	0.08476833702266225	0.0759667463422788	0.07066297791898862	0.05542977281732269	0.06934920150581106	0.07152440059258916	0.082805272698906	0.0606620507970394	0.048031062828311405	0.08815226046926293	0.044747315947983764	0.05445128463128028	0.08381689089126355	0.06214097291390097	0.03376332260897357	0.0	0.0232524522299892	0.025517798520342517	0.057103489053558706	0.05587834873593988	0.07025810427406923	0.05713141338654277	0.06890375425041519	0.07876499553723651	0.09414392272345423	0.07733767600160633	0.8829584387183343
w8pp	0.9075381967563979	0.9364650359755764	0.9489454100664575	0.06966384653977287	0.05798901016357497	0.07957350784879128	0.10781527828108393	0.09325510911631354	0.11392027143579166	0.09171952097128688	0.1299530221533506	0.0761501439689623	0.08605272868663405	0.07725113800625061	0.07194736958296043	0.056714164481294495	0.07063359316978286	0.07280879225656096	0.08408966436287779	0.061946442461011206	0.04931545449228321	0.08943665213323473	0.04603170761195557	0.055735676295252085	0.08510128255523536	0.06342536457787278	0.035047714272945375	0.0232524522299892	0.0	0.02680219018431432	0.05838788071753051	0.057162740399911684	0.07154249593804102	0.05841580505051457	0.07018814591438699	0.0800493872012083	0.09542831438742604	0.07862206766557814	0.8842428303823061
f17ppB	0.8997450213354562	0.9286718605546347	0.9411522346455158	0.061870671118831086	0.050195834742633186	0.07178033242784951	0.10002210286014215	0.08546193369537176	0.10612709601484988	0.0839263455503451	0.12215984673240883	0.06835696854802051	0.07825955326569227	0.06945796258530883	0.06415419416201865	0.048920989060352714	0.06284041774884108	0.06501561683561918	0.07629648894193602	0.054153267040069425	0.04152227907134143	0.08164347671229295	0.03823853219101379	0.047942500874310304	0.07730810713429358	0.055632189156930995	0.027254538852003594	0.025517798520342517	0.02680219018431432	0.0	0.05059470529658873	0.0493695649789699	0.06374932051709925	0.05062262962957279	0.06239497049344521	0.07225621178026653	0.08763513896648426	0.07082889224463636	0.8764496549613644
w13pp	0.8693660440760018	0.8982928832951803	0.9107732573860614	0.03149169385937679	0.024635689659219973	0.046220187344436295	0.07446195777672894	0.05990178861195855	0.08056695093143666	0.05836620046693189	0.09659970164899562	0.04279682346460731	0.052699408182279056	0.043897817501895614	0.03859404907860543	0.023360843976939504	0.05089080712524913	0.05306600621202723	0.06434687831834407	0.04220365641647747	0.037157464067931745	0.07727866170888327	0.03387371718760411	0.04357768587090062	0.0729432921308839	0.05891601434255862	0.030538364037631226	0.057103489053558706	0.05838788071753051	0.05059470529658873	0.0	0.012629525889790681	0.027009281427920022	0.015008233396430665	0.02678057426030308	0.04187723452081224	0.05725616170702996	0.040449914985182064	0.84607067770191
w10pp	0.868140903758383	0.8970677429775615	0.9095481170684426	0.030266553541757966	0.02341054934160114	0.04499504702681746	0.0732368174591101	0.058676648294339724	0.07934181061381783	0.05714106014931306	0.09537456133137678	0.041571683146988475	0.05147426786466023	0.04267267718427679	0.0373689087609866	0.022135703659320674	0.0496656668076303	0.0518408658944084	0.06312173800072524	0.040978516098858636	0.03593232375031291	0.07605352139126444	0.03264857686998528	0.042352545553281794	0.07171815181326506	0.057690874024939796	0.029313223720012396	0.05587834873593988	0.057162740399911684	0.0493695649789699	0.012629525889790681	0.0	0.014381755539129399	0.013783093078811835	0.02555543394268425	0.040652094203193406	0.05603102138941113	0.03922477466756324	0.8448455373842912
w3pp	0.8825206592965124	0.9114474985156908	0.9239278726065719	0.04464630907988731	0.03779030487973048	0.0593748025649468	0.08761657299723945	0.07305640383246906	0.09372156615194717	0.0715208156874424	0.10975431686950612	0.055951438685117816	0.06585402340278956	0.05705243272240613	0.05174866429911594	0.036515459197450015	0.06404542234575963	0.06622062143253774	0.07750149353885458	0.05535827163698798	0.05031207928844225	0.09043327692939378	0.04702833240811462	0.056732301091411134	0.0860979073513944	0.07207062956306914	0.04369297925814174	0.07025810427406923	0.07154249593804102	0.06374932051709925	0.027009281427920022	0.014381755539129399	0.0	0.028162848616941176	0.03993518948081359	0.05503184974132275	0.07041077692754047	0.053604530205692585	0.8592252929224206
w26pp	0.869393968408986	0.8983208076281645	0.9108011817190456	0.031519618192360856	0.024663613992204028	0.04624811167742035	0.074489882109713	0.05992971294494261	0.08059487526442072	0.05839412479991595	0.09662762598197967	0.042824747797591364	0.05272733251526312	0.04392574183487968	0.03862197341158949	0.023388768309923563	0.05091873145823319	0.05309393054501129	0.06437480265132813	0.042231580749461525	0.0371853884009158	0.07730658604186733	0.033901641520588166	0.04360561020388468	0.07297121646386795	0.058943938675542686	0.030566288370615285	0.05713141338654277	0.05841580505051457	0.05062262962957279	0.015008233396430665	0.013783093078811835	0.028162848616941176	0.0	0.011774340864872475	0.041905158853796295	0.05728408604001402	0.04047783931816613	0.8460986020348942
f14ppA	0.8811663092728583	0.9100931484920368	0.9225735225829179	0.04329195905623327	0.036435954856076445	0.05802045254129276	0.0862622229735854	0.07170205380881503	0.09236721612829313	0.07016646566378837	0.10839996684585208	0.054597088661463775	0.06449967337913554	0.055698082698752094	0.050394314275461906	0.035161109173795974	0.0626910723221056	0.06486627140888371	0.07614714351520054	0.054003921613333936	0.04895772926478821	0.08907892690573974	0.045673982384460576	0.0553779510677571	0.08474355732774036	0.0707162795394151	0.042338629234487696	0.06890375425041519	0.07018814591438699	0.06239497049344521	0.02678057426030308	0.02555543394268425	0.03993518948081359	0.011774340864872475	0.0	0.05367749971766871	0.06905642690388644	0.052250180182038544	0.8578709428987665
w27pp	0.8669190321531182	0.8958458713722967	0.9083262454631778	0.03523310880718516	0.04629719614289776	0.06788169382811408	0.09612346426040674	0.08156329509563634	0.10222845741511447	0.08002770695060968	0.1182612081326734	0.0644583299482851	0.07436091466595685	0.0655593239855734	0.06025555556228322	0.0450223504606173	0.07255231360892692	0.07472751269570502	0.08600838480202186	0.06386516290015526	0.058818970551609534	0.09894016819256107	0.0555352236712819	0.06523919235457842	0.0946047986145617	0.08057752082623643	0.05219987052130902	0.07876499553723651	0.0800493872012083	0.07225621178026653	0.04187723452081224	0.040652094203193406	0.05503184974132275	0.041905158853796295	0.05367749971766871	0.0	0.05480914978414626	0.03800290306229837	0.8436236657790264
w2pp	0.874880900727913	0.9038077399470915	0.9162881140379726	0.05061203599340289	0.06167612332911549	0.08326062101433182	0.11150239144662447	0.09694222228185408	0.11760738460133219	0.09540663413682741	0.13364013531889113	0.07983725713450282	0.08973984185217458	0.08093825117179114	0.07563448274850096	0.06040127764683502	0.08793124079514465	0.09010643988192275	0.1013873119882396	0.07924409008637298	0.07419789773782726	0.1143190953787788	0.07091415085749964	0.08061811954079615	0.10998372580077942	0.09595644801245415	0.06757879770752676	0.09414392272345423	0.09542831438742604	0.08763513896648426	0.05725616170702996	0.05603102138941113	0.07041077692754047	0.05728408604001402	0.06905642690388644	0.05480914978414626	0.0	0.0459627716360931	0.8515855343538212
f12ppA	0.8580746540060651	0.8870014932252436	0.8994818673161247	0.03380578927155499	0.0448698766072676	0.06645437429248392	0.09469614472477657	0.08013597556000618	0.10080113787948429	0.07860038741497952	0.11683388859704325	0.06303101041265494	0.07293359513032668	0.06413200444994324	0.05882823602665306	0.04359503092498713	0.07112499407329675	0.07330019316007486	0.0845810652663917	0.0624378433645251	0.05739165101597937	0.0975128486569309	0.05410790413565174	0.06381187281894825	0.09317747907893152	0.07915020129060625	0.05077255098567886	0.07733767600160633	0.07862206766557814	0.07082889224463636	0.040449914985182064	0.03922477466756324	0.053604530205692585	0.04047783931816613	0.052250180182038544	0.03800290306229837	0.0459627716360931	0.0	0.8347792876319733
31009	0.4064610648490359	0.43538790406821437	0.44786827815909547	0.839426551988283	0.8504906393239956	0.8720751370092119	0.9003169074415046	0.8857567382767342	0.9064219005962123	0.8842211501317075	0.9224546513137712	0.8686517731293829	0.8785543578470547	0.8697527671666713	0.8644489987433811	0.8492157936417152	0.8767457567900248	0.8789209558768029	0.8902018279831198	0.8680586060812531	0.8630124137327074	0.9031336113736589	0.8597286668523797	0.8694326355356763	0.8987982417956595	0.8847709640073342	0.8563933137024069	0.8829584387183343	0.8842428303823061	0.8764496549613644	0.84607067770191	0.8448455373842912	0.8592252929224206	0.8460986020348942	0.8578709428987665	0.8436236657790264	0.8515855343538212	0.8347792876319733	0.0
