	w1pp	w23pp	f19pp	w14pp	S18H1	S19H1	F3H1	S3Hp	S23Hp	S30H1	S25Hp	S16H2	S1Hp	F14H1A	S17H1	S13Hp	F22H1A	w32pp	w3pp	w10pp	w16pp	w29pp	f24pp	w17pp	s28pp	f20ppA	f12ppB	w24pp	w11pp	w8pp	f2pp	w19pp	w26pp
w1pp	0.0	0.09730913589703058	0.09762234431269823	0.12155086392449593	0.3741615932333974	0.38436119680233827	0.5021398610226531	0.515430441722357	0.5004061844251475	0.4520150589512115	0.5157774742403218	0.5616885785939978	0.3981635499215874	0.40389733768020925	0.6469465994948033	0.4544528795011066	0.4570549993849995	0.12053120092487069	0.11146656192934917	0.1083614395561375	0.1246878363143328	0.11150347090715995	0.12773355885880672	0.14218573809148544	0.13624857452414457	0.13435995722085528	0.12829831578005632	0.0938349071503718	0.10394710311019684	0.09850241266109683	0.08384948374287683	0.12884108961723684	0.08513544405063553
w23pp	0.09730913589703058	0.0	0.05621992874443339	0.08014844835623111	0.3417876176125942	0.351987221181535	0.4697658854018498	0.4830564661015537	0.4680322088043442	0.4196410833304083	0.4834034986195186	0.5293146029731945	0.3657895743007842	0.371523362059406	0.614572623874	0.42207890388030334	0.42468102376419625	0.09536788889688132	0.08630324990135982	0.08319812752814815	0.09952452428634342	0.09512947792273349	0.11135956587438026	0.12581174510705898	0.11987458153971811	0.11798596423642882	0.11192432279562986	0.07746091416594533	0.08757311012577038	0.08212841967667037	0.06747549075845037	0.11246709663281038	0.06876145106620907
f19pp	0.09762234431269823	0.05621992874443339	0.0	0.05876888947042702	0.3421008260282618	0.35230042959720265	0.47007909381751745	0.48336967451722135	0.46834541722001183	0.4199542917460759	0.4837167070351862	0.5296278113888622	0.3661027827164518	0.3718365704750736	0.6148858322896676	0.42239211229597096	0.4249942321798639	0.09568109731254895	0.08661645831702745	0.08351133594381578	0.09983773270201107	0.09544268633840114	0.1116727742900479	0.12612495352272662	0.12018778995538576	0.11829917265209647	0.1122375312112975	0.07777412258161298	0.08788631854143802	0.08244162809233802	0.067788699174118	0.11278030504847802	0.0690746594818767
w14pp	0.12155086392449593	0.08014844835623111	0.05876888947042702	0.0	0.3660293456400595	0.37622894920900035	0.49400761342931515	0.5072981941290191	0.49227393683180953	0.4438828113578736	0.507645226646984	0.5535563310006599	0.3900313023282495	0.39576509008687133	0.6388143519014653	0.44632063190776866	0.4489227517916616	0.11960961692434666	0.11054497792882516	0.10743985555561349	0.12376625231380878	0.11937120595019884	0.1356012939018456	0.15005347313452433	0.14411630956718346	0.14222769226389417	0.13616605082309519	0.10170264219341069	0.11181483815323573	0.10637014770413572	0.09171721878591571	0.13670882466027573	0.0930031790936744
S18H1	0.3741615932333974	0.3417876176125942	0.3421008260282618	0.3660293456400595	0.0	0.19622376789157164	0.34503088687157873	0.35832146757128264	0.3432972102740731	0.2949060848001372	0.3586685000892475	0.40457960444292346	0.24105457577051304	0.2467883635291349	0.48983762534372893	0.29734390535003224	0.2999460252339251	0.3722203462332481	0.3631557072377266	0.36005058486451497	0.37637698162271027	0.37198193525910034	0.3882120232107471	0.4026642024434258	0.39672703887608496	0.3948384215727957	0.3887767801319967	0.3543133715023122	0.3644255674621372	0.3589808770130372	0.34432794809481726	0.3893195539691772	0.34561390840257594
S19H1	0.38436119680233827	0.351987221181535	0.35230042959720265	0.37622894920900035	0.19622376789157164	0.0	0.3552304904405196	0.3685210711402235	0.3534968138430139	0.30510568836907803	0.36886810365818834	0.4147792080118643	0.2512541793394539	0.2569879670980757	0.5000372289126698	0.3075435089189731	0.31014562880286595	0.38241994980218896	0.3733553108066675	0.3702501884334558	0.3865765851916511	0.3821815388280412	0.39841162677968794	0.41286380601236666	0.4069266424450258	0.4050380251417365	0.3989763837009375	0.364512975071253	0.37462517103107806	0.36918048058197805	0.35452755166375804	0.39951915753811806	0.3558135119715168
F3H1	0.5021398610226531	0.4697658854018498	0.47007909381751745	0.49400761342931515	0.34503088687157873	0.3552304904405196	0.0	0.18643641660610052	0.3342660126028401	0.33638348650328875	0.40014590179239906	0.446057006146075	0.3259460148822947	0.33167980264091657	0.5747290644555106	0.38223534446181395	0.38483746434570676	0.5001986140225038	0.4911339750269823	0.4880288526537706	0.5043552494119659	0.499960203048356	0.5161902910000027	0.5306424702326815	0.5247053066653407	0.5228166893620513	0.5167550479212524	0.4822916392915678	0.49240383525139286	0.48695914480229285	0.47230621588407284	0.5172978217584329	0.4735921761918316
S3Hp	0.515430441722357	0.4830564661015537	0.48336967451722135	0.5072981941290191	0.35832146757128264	0.3685210711402235	0.18643641660610052	0.0	0.34755659330254407	0.3496740672029927	0.413436482492103	0.4593475868457789	0.33923659558199865	0.34497038334062047	0.5880196451552145	0.39552592516151786	0.3981280450454107	0.5134891947222077	0.5044245557266862	0.5013194333534745	0.5176458301116698	0.5132507837480599	0.5294808716997066	0.5439330509323854	0.5379958873650446	0.5361072700617552	0.5300456286209563	0.4955822199912717	0.5056944159510968	0.5002497255019968	0.48559679658377675	0.5305884024581368	0.4868827568915355
S23Hp	0.5004061844251475	0.4680322088043442	0.46834541722001183	0.49227393683180953	0.3432972102740731	0.3534968138430139	0.3342660126028401	0.34755659330254407	0.0	0.3346498099057832	0.3984122251948935	0.4443233295485694	0.3242123382847891	0.32994612604341095	0.572995387858005	0.3805016678643083	0.3831037877482012	0.49846493742499814	0.48940029842947663	0.486295176056265	0.5026215728144603	0.49822652645085036	0.5144566144024971	0.5289087936351758	0.522971630067835	0.5210830127645457	0.5150213713237467	0.4805579626940622	0.49067015865388725	0.48522546820478724	0.4705725392865673	0.5155641451609273	0.47185849959432596
S30H1	0.4520150589512115	0.4196410833304083	0.4199542917460759	0.4438828113578736	0.2949060848001372	0.30510568836907803	0.33638348650328875	0.3496740672029927	0.3346498099057832	0.0	0.30578038094338766	0.36578640090415104	0.2758212128108532	0.281555000569475	0.5246042623840691	0.3321105423903724	0.33471266227426527	0.4500738119510622	0.44100917295554076	0.43790405058232906	0.45423044734052437	0.44983540097691443	0.4660654889285612	0.4805176681612399	0.47458050459389906	0.47269188729060974	0.4666302458498108	0.4321668372201263	0.4422790331799513	0.4368343427308513	0.4221814138126313	0.4671730196869913	0.42346737412039004
S25Hp	0.5157774742403218	0.4834034986195186	0.4837167070351862	0.507645226646984	0.3586685000892475	0.36886810365818834	0.40014590179239906	0.413436482492103	0.3984122251948935	0.30578038094338766	0.0	0.42954881619326135	0.3395836280999635	0.34531741585858533	0.5883666776731794	0.3958729576794827	0.3984750775633756	0.5138362272401725	0.5047715882446511	0.5016664658714394	0.5179928626296346	0.5135978162660247	0.5298279042176715	0.5442800834503503	0.5383429198830094	0.53645430257972	0.5303926611389211	0.4959292525092366	0.5060414484690616	0.5005967580199616	0.4859438291017416	0.5309354349761016	0.48722978940950035
S16H2	0.5616885785939978	0.5293146029731945	0.5296278113888622	0.5535563310006599	0.40457960444292346	0.4147792080118643	0.446057006146075	0.4593475868457789	0.4443233295485694	0.36578640090415104	0.42954881619326135	0.0	0.38549473245363947	0.3912285202122613	0.6342777820268554	0.4417840620331587	0.44438618191705154	0.5597473315938486	0.550682692598327	0.5475775702251153	0.5639039669833107	0.5595089206197007	0.5757390085713474	0.5901911878040262	0.5842540242366854	0.582365406933396	0.5763037654925971	0.5418403568629125	0.5519525528227376	0.5465078623736376	0.5318549334554176	0.5768465393297776	0.5331408937631762
S1Hp	0.3981635499215874	0.3657895743007842	0.3661027827164518	0.3900313023282495	0.24105457577051304	0.2512541793394539	0.3259460148822947	0.33923659558199865	0.3242123382847891	0.2758212128108532	0.3395836280999635	0.38549473245363947	0.0	0.12111927675178177	0.3641685385663758	0.2109213664656569	0.2673748724120106	0.3962223029214381	0.38715766392591666	0.38405254155270496	0.40037893831090027	0.39598389194729033	0.4122139798989371	0.4266661591316158	0.42072899556427495	0.41884037826098564	0.4127787368201867	0.3783153281905022	0.3884275241503272	0.3829828337012272	0.3683299047830072	0.4133215106573672	0.36961586509076594
F14H1A	0.40389733768020925	0.371523362059406	0.3718365704750736	0.39576509008687133	0.2467883635291349	0.2569879670980757	0.33167980264091657	0.34497038334062047	0.32994612604341095	0.281555000569475	0.34531741585858533	0.3912285202122613	0.12111927675178177	0.0	0.3387304521433529	0.21665515422427875	0.2731086601706324	0.40195609068005994	0.39289145168453843	0.3897863293113268	0.4061127260695221	0.40171767970591216	0.4179477676575589	0.43239994689023764	0.4264627833228968	0.4245741660196075	0.4185125245788085	0.384049115949124	0.39416131190894904	0.38871662145984903	0.3740636925416291	0.41905529841598904	0.37534965284938776
S17H1	0.6469465994948033	0.614572623874	0.6148858322896676	0.6388143519014653	0.48983762534372893	0.5000372289126698	0.5747290644555106	0.5880196451552145	0.572995387858005	0.5246042623840691	0.5883666776731794	0.6342777820268554	0.3641685385663758	0.3387304521433529	0.0	0.4597044160388728	0.5161579219852265	0.6450053524946541	0.6359407134991325	0.6328355911259209	0.6491619878841162	0.6447669415205062	0.660997029472153	0.6754492087048316	0.6695120451374907	0.6676234278342015	0.6615617863934026	0.627098377763718	0.6372105737235431	0.631765883274443	0.617112954356223	0.6621045602305831	0.6183989146639817
S13Hp	0.4544528795011066	0.42207890388030334	0.42239211229597096	0.44632063190776866	0.29734390535003224	0.3075435089189731	0.38223534446181395	0.39552592516151786	0.3805016678643083	0.3321105423903724	0.3958729576794827	0.4417840620331587	0.2109213664656569	0.21665515422427875	0.4597044160388728	0.0	0.3236642019915298	0.4525116325009573	0.4434469935054358	0.4403418711322241	0.4566682678904194	0.4522732215268095	0.46850330947845625	0.482955488711135	0.4770183251437941	0.4751297078405048	0.46906806639970583	0.43460465777002133	0.4447168537298464	0.43927216328074636	0.42461923436252635	0.4696108402368864	0.4259051946702851
F22H1A	0.4570549993849995	0.42468102376419625	0.4249942321798639	0.4489227517916616	0.2999460252339251	0.31014562880286595	0.38483746434570676	0.3981280450454107	0.3831037877482012	0.33471266227426527	0.3984750775633756	0.44438618191705154	0.2673748724120106	0.2731086601706324	0.5161579219852265	0.3236642019915298	0.0	0.4551137523848502	0.44604911338932873	0.44294399101611703	0.45927038777431234	0.4548753414107024	0.47110542936234917	0.4855576085950279	0.479620445027687	0.4777318277243977	0.47167018628359875	0.43720677765391425	0.4473189736137393	0.4418742831646393	0.42722135424641927	0.4722129601207793	0.428507314554178
w32pp	0.12053120092487069	0.09536788889688132	0.09568109731254895	0.11960961692434666	0.3722203462332481	0.38241994980218896	0.5001986140225038	0.5134891947222077	0.49846493742499814	0.4500738119510622	0.5138362272401725	0.5597473315938486	0.3962223029214381	0.40195609068005994	0.6450053524946541	0.4525116325009573	0.4551137523848502	0.0	0.08191812658998718	0.0788130042167755	0.09513940097497078	0.1183515429505736	0.13458163090222036	0.14903381013489908	0.14309664656755822	0.14120802926426892	0.13514638782346994	0.10068297919378544	0.11079517515361048	0.10535048470451047	0.09069755578629046	0.13568916166065048	0.09198351609404916
w3pp	0.11146656192934917	0.08630324990135982	0.08661645831702745	0.11054497792882516	0.3631557072377266	0.3733553108066675	0.4911339750269823	0.5044245557266862	0.48940029842947663	0.44100917295554076	0.5047715882446511	0.550682692598327	0.38715766392591666	0.39289145168453843	0.6359407134991325	0.4434469935054358	0.44604911338932873	0.08191812658998718	0.0	0.06418824005522948	0.08051463681342477	0.1092869039550521	0.12551699190669885	0.13996917113937757	0.1340320075720367	0.13214339026874744	0.12608174882794845	0.09161834019826394	0.10173053615808898	0.09628584570898897	0.08163291679076896	0.12662452266512897	0.08291887709852766
w10pp	0.1083614395561375	0.08319812752814815	0.08351133594381578	0.10743985555561349	0.36005058486451497	0.3702501884334558	0.4880288526537706	0.5013194333534745	0.486295176056265	0.43790405058232906	0.5016664658714394	0.5475775702251153	0.38405254155270496	0.3897863293113268	0.6328355911259209	0.4403418711322241	0.44294399101611703	0.0788130042167755	0.06418824005522948	0.0	0.06250913351672323	0.10618178158184043	0.12241186953348719	0.13686404876616592	0.13092688519882506	0.12903826789553574	0.12297662645473678	0.08851321782505227	0.09862541378487731	0.0931807233357773	0.0785277944175573	0.12351940029191731	0.07981375472531599
w16pp	0.1246878363143328	0.09952452428634342	0.09983773270201107	0.12376625231380878	0.37637698162271027	0.3865765851916511	0.5043552494119659	0.5176458301116698	0.5026215728144603	0.45423044734052437	0.5179928626296346	0.5639039669833107	0.40037893831090027	0.4061127260695221	0.6491619878841162	0.4566682678904194	0.45927038777431234	0.09513940097497078	0.08051463681342477	0.06250913351672323	0.0	0.12250817834003572	0.13873826629168248	0.1531904455243612	0.14725328195702034	0.14536466465373105	0.1393030232129321	0.10483961458324756	0.1149518105430726	0.10950712009397259	0.09485419117575258	0.1398457970501126	0.09614015148351128
w29pp	0.11150347090715995	0.09512947792273349	0.09544268633840114	0.11937120595019884	0.37198193525910034	0.3821815388280412	0.499960203048356	0.5132507837480599	0.49822652645085036	0.44983540097691443	0.5135978162660247	0.5595089206197007	0.39598389194729033	0.40171767970591216	0.6447669415205062	0.4522732215268095	0.4548753414107024	0.1183515429505736	0.1092869039550521	0.10618178158184043	0.12250817834003572	0.0	0.05589012429715198	0.0854589405460128	0.07952177697867194	0.07763315967538266	0.07157151823458369	0.05673525683022395	0.07418737520128171	0.0687426847521817	0.07195174175490204	0.11694334762926206	0.07323770206266074
f24pp	0.12773355885880672	0.11135956587438026	0.1116727742900479	0.1356012939018456	0.3882120232107471	0.39841162677968794	0.5161902910000027	0.5294808716997066	0.5144566144024971	0.4660654889285612	0.5298279042176715	0.5757390085713474	0.4122139798989371	0.4179477676575589	0.660997029472153	0.46850330947845625	0.47110542936234917	0.13458163090222036	0.12551699190669885	0.12241186953348719	0.13873826629168248	0.05589012429715198	0.0	0.10168902849765957	0.0957518649303187	0.09386324762702943	0.08780160618623045	0.07296534478187072	0.09041746315292848	0.08497277270382847	0.08818182970654881	0.13317343558090883	0.0894677900143075
w17pp	0.14218573809148544	0.12581174510705898	0.12612495352272662	0.15005347313452433	0.4026642024434258	0.41286380601236666	0.5306424702326815	0.5439330509323854	0.5289087936351758	0.4805176681612399	0.5442800834503503	0.5901911878040262	0.4266661591316158	0.43239994689023764	0.6754492087048316	0.482955488711135	0.4855576085950279	0.14903381013489908	0.13996917113937757	0.13686404876616592	0.1531904455243612	0.0854589405460128	0.10168902849765957	0.0	0.08462291824730994	0.10048341476551115	0.09442177332471219	0.08741752401454944	0.1048696423856072	0.09942495193650719	0.10263400893922753	0.14762561481358755	0.10391996924698622
s28pp	0.13624857452414457	0.11987458153971811	0.12018778995538576	0.14411630956718346	0.39672703887608496	0.4069266424450258	0.5247053066653407	0.5379958873650446	0.522971630067835	0.47458050459389906	0.5383429198830094	0.5842540242366854	0.42072899556427495	0.4264627833228968	0.6695120451374907	0.4770183251437941	0.479620445027687	0.14309664656755822	0.1340320075720367	0.13092688519882506	0.14725328195702034	0.07952177697867194	0.0957518649303187	0.08462291824730994	0.0	0.09454625119817028	0.08848460975737132	0.08148036044720858	0.09893247881826633	0.09348778836916632	0.09669684537188666	0.14168845124624668	0.09798280567964536
f20ppA	0.13435995722085528	0.11798596423642882	0.11829917265209647	0.14222769226389417	0.3948384215727957	0.4050380251417365	0.5228166893620513	0.5361072700617552	0.5210830127645457	0.47269188729060974	0.53645430257972	0.582365406933396	0.41884037826098564	0.4245741660196075	0.6676234278342015	0.4751297078405048	0.4777318277243977	0.14120802926426892	0.13214339026874744	0.12903826789553574	0.14536466465373105	0.07763315967538266	0.09386324762702943	0.10048341476551115	0.09454625119817028	0.0	0.08257113186782716	0.07959174314391929	0.09704386151497704	0.09159917106587703	0.09480822806859737	0.1397998339429574	0.09609418837635607
f12ppB	0.12829831578005632	0.11192432279562986	0.1122375312112975	0.13616605082309519	0.3887767801319967	0.3989763837009375	0.5167550479212524	0.5300456286209563	0.5150213713237467	0.4666302458498108	0.5303926611389211	0.5763037654925971	0.4127787368201867	0.4185125245788085	0.6615617863934026	0.46906806639970583	0.47167018628359875	0.13514638782346994	0.12608174882794845	0.12297662645473678	0.1393030232129321	0.07157151823458369	0.08780160618623045	0.09442177332471219	0.08848460975737132	0.08257113186782716	0.0	0.0735301017031203	0.09098222007417806	0.08553752962507806	0.0887465866277984	0.1337381925021584	0.0900325469355571
w24pp	0.0938349071503718	0.07746091416594533	0.07777412258161298	0.10170264219341069	0.3543133715023122	0.364512975071253	0.4822916392915678	0.4955822199912717	0.4805579626940622	0.4321668372201263	0.4959292525092366	0.5418403568629125	0.3783153281905022	0.384049115949124	0.627098377763718	0.43460465777002133	0.43720677765391425	0.10068297919378544	0.09161834019826394	0.08851321782505227	0.10483961458324756	0.05673525683022395	0.07296534478187072	0.08741752401454944	0.08148036044720858	0.07959174314391929	0.0735301017031203	0.0	0.05651881144449354	0.05107412099539354	0.05428317799811389	0.0992747838724739	0.05556913830587258
w11pp	0.10394710311019684	0.08757311012577038	0.08788631854143802	0.11181483815323573	0.3644255674621372	0.37462517103107806	0.49240383525139286	0.5056944159510968	0.49067015865388725	0.4422790331799513	0.5060414484690616	0.5519525528227376	0.3884275241503272	0.39416131190894904	0.6372105737235431	0.4447168537298464	0.4473189736137393	0.11079517515361048	0.10173053615808898	0.09862541378487731	0.1149518105430726	0.07418737520128171	0.09041746315292848	0.1048696423856072	0.09893247881826633	0.09704386151497704	0.09098222007417806	0.05651881144449354	0.0	0.047130035073394055	0.06439537395793893	0.10938697983229895	0.06568133426569762
w8pp	0.09850241266109683	0.08212841967667037	0.08244162809233802	0.10637014770413572	0.3589808770130372	0.36918048058197805	0.48695914480229285	0.5002497255019968	0.48522546820478724	0.4368343427308513	0.5005967580199616	0.5465078623736376	0.3829828337012272	0.38871662145984903	0.631765883274443	0.43927216328074636	0.4418742831646393	0.10535048470451047	0.09628584570898897	0.0931807233357773	0.10950712009397259	0.0687426847521817	0.08497277270382847	0.09942495193650719	0.09348778836916632	0.09159917106587703	0.08553752962507806	0.05107412099539354	0.047130035073394055	0.0	0.058950683508838926	0.10394228938319894	0.060236643816597615
f2pp	0.08384948374287683	0.06747549075845037	0.067788699174118	0.09171721878591571	0.34432794809481726	0.35452755166375804	0.47230621588407284	0.48559679658377675	0.4705725392865673	0.4221814138126313	0.4859438291017416	0.5318549334554176	0.3683299047830072	0.3740636925416291	0.617112954356223	0.42461923436252635	0.42722135424641927	0.09069755578629046	0.08163291679076896	0.0785277944175573	0.09485419117575258	0.07195174175490204	0.08818182970654881	0.10263400893922753	0.09669684537188666	0.09480822806859737	0.0887465866277984	0.05428317799811389	0.06439537395793893	0.058950683508838926	0.0	0.07033437578312156	0.036228215175813996
w19pp	0.12884108961723684	0.11246709663281038	0.11278030504847802	0.13670882466027573	0.3893195539691772	0.39951915753811806	0.5172978217584329	0.5305884024581368	0.5155641451609273	0.4671730196869913	0.5309354349761016	0.5768465393297776	0.4133215106573672	0.41905529841598904	0.6621045602305831	0.4696108402368864	0.4722129601207793	0.13568916166065048	0.12662452266512897	0.12351940029191731	0.1398457970501126	0.11694334762926206	0.13317343558090883	0.14762561481358755	0.14168845124624668	0.1397998339429574	0.1337381925021584	0.0992747838724739	0.10938697983229895	0.10394228938319894	0.07033437578312156	0.0	0.081219821050174
w26pp	0.08513544405063553	0.06876145106620907	0.0690746594818767	0.0930031790936744	0.34561390840257594	0.3558135119715168	0.4735921761918316	0.4868827568915355	0.47185849959432596	0.42346737412039004	0.48722978940950035	0.5331408937631762	0.36961586509076594	0.37534965284938776	0.6183989146639817	0.4259051946702851	0.428507314554178	0.09198351609404916	0.08291887709852766	0.07981375472531599	0.09614015148351128	0.07323770206266074	0.0894677900143075	0.10391996924698622	0.09798280567964536	0.09609418837635607	0.0900325469355571	0.05556913830587258	0.06568133426569762	0.060236643816597615	0.036228215175813996	0.081219821050174	0.0
