	F22HpB	S17H1	530055	531424	S27H1	530451	31236	S15Hp	S3Hp	S21H1	31232	S28Hp	F22H1A	530050	S30H1	S31Hp	S7Hp	F8H1	S29H1	S19H1	w11pp	w2pp	s24H1	S10H1	F23HpA	F1H1	530394	S1Hp	F32H1	S9H1	F6H1	S22Hp	31328	S16H2	F14H1A	530075	31071	F3H1	S26Hp
F22HpB	0.0	0.19774422986677048	0.20804797523243718	0.2690482470351021	0.2185207981732013	0.2654700303480645	0.2845468600200554	0.20917945756985407	0.2297478135006526	0.21530724706592946	0.2787614189467419	0.2421887222436706	0.47810983312482136	0.4335949646661185	0.47202700661911756	0.19326651051400529	0.20371063299159065	0.21234225126534217	0.2716612192594283	0.286142171922232	0.2741810076399463	0.32195468793513854	0.2496177938900907	0.2883607235269057	0.2894793693139388	0.21008999935399675	0.22518161768379014	0.20119945481165752	0.20162965759699586	0.19295066635423763	0.20312616220347718	0.1962878787127787	0.23670780633783345	0.16486592525845717	0.14072399608475916	0.14639844231926136	0.1983964852823023	0.10667245387467107	0.13100604364113766
S17H1	0.19774422986677048	0.0	0.15291676930611742	0.21391704110878235	0.20297339847566231	0.24992263065052547	0.28368127940596244	0.2083138769557611	0.22888223288655962	0.21444166645183646	0.27789583833264886	0.24132314162957763	0.47724425251072833	0.4327293840520255	0.47116142600502453	0.19240092989991228	0.20284505237749767	0.21147667065124914	0.2707956386453353	0.28527659130813904	0.2733154270258533	0.32108910732104556	0.24875221327599772	0.28749514291281275	0.28861378869984583	0.22506755713681675	0.2401591754666102	0.21617701259447758	0.22605182101518623	0.217372829772428	0.22754832562166752	0.22071004213096906	0.26112996975602376	0.2071701708947918	0.18302824172109383	0.188702687955596	0.24070073091863695	0.14897669951100573	0.18942845480416398
530055	0.20804797523243718	0.15291676930611742	0.0	0.1769372088729958	0.213277143841329	0.26022637601619214	0.29398502477162913	0.21861762232142778	0.23918597825222632	0.22474541181750315	0.28819958369831555	0.2516268869952443	0.487547997876395	0.4430331294176922	0.4814651713706912	0.20270467526557898	0.21314879774316436	0.22178041601691584	0.281099384011002	0.29558033667380573	0.28361917239152	0.33139285268671226	0.2590559586416644	0.29779888827847945	0.2989175340655125	0.23537130250248345	0.2504629208322769	0.22648075796014427	0.23635556638085292	0.2276765751380947	0.2378520709873342	0.23101378749663576	0.27143371512169046	0.2174739162604585	0.19333198708676053	0.1990064333212627	0.25100447628430367	0.15928044487667242	0.19973220016983068
531424	0.2690482470351021	0.21391704110878235	0.1769372088729958	0.0	0.27427741564399394	0.3212266478188571	0.35498529657429406	0.2796178941240927	0.30018625005489125	0.28574568362016806	0.34919985550098054	0.31262715879790925	0.54854826967906	0.5040334012203571	0.5424654431733562	0.2637049470682439	0.2741490695458293	0.28278068781958077	0.34209965581366697	0.35658060847647066	0.34461944419418494	0.39239312448937724	0.32005623044432935	0.3587991600811444	0.35991780586817745	0.2963715743051484	0.3114631926349418	0.2874810297628092	0.29735583818351785	0.2886768469407596	0.29885234278999917	0.2920140592993007	0.33243398692435544	0.2784741880631234	0.25433225888942546	0.26000670512392765	0.31200474808696854	0.22028071667933735	0.2607324719724956
S27H1	0.2185207981732013	0.20297339847566231	0.213277143841329	0.27427741564399394	0.0	0.2499706045966686	0.30445784771239326	0.2290904452621919	0.24965880119299044	0.23521823475826728	0.2986724066390797	0.26209970993600845	0.49802082081715915	0.4535059523584563	0.49193799431145535	0.2131774982063431	0.2236216206839285	0.23225323895767996	0.2915722069517661	0.30605315961456986	0.29409199533228414	0.3418656756274764	0.26952878158242854	0.30827171121924357	0.30939035700627665	0.24584412544324757	0.260935743773041	0.2369535809009084	0.24682838932161705	0.23814939807885882	0.24832489392809834	0.24148661043739988	0.2819065380624546	0.22794673920122263	0.20380481002752465	0.20947925626202682	0.2614772992250678	0.16975326781743655	0.2102050231105948
530451	0.2654700303480645	0.24992263065052547	0.26022637601619214	0.3212266478188571	0.2499706045966686	0.0	0.3514070798872564	0.27603967743705504	0.2966080333678536	0.28216746693313044	0.34562163881394287	0.30904894211087164	0.5449700529920223	0.5004551845333195	0.5388872264863185	0.26012673038120626	0.2705708528587917	0.27920247113254315	0.3385214391266293	0.35300239178943305	0.34104122750714727	0.38881490780233957	0.3164780137572917	0.3552209433941067	0.35633958918113984	0.29279335761811076	0.3078849759479042	0.28390281307577153	0.29377762149648023	0.28509863025372195	0.2952741261029615	0.288435842612263	0.32885577023731777	0.2748959713760858	0.2507540422023878	0.25642848843689	0.3084265313999309	0.2167024999922997	0.25715425528545793
31236	0.2845468600200554	0.28368127940596244	0.29398502477162913	0.35498529657429406	0.30445784771239326	0.3514070798872564	0.0	0.23143806754247995	0.2685537214991993	0.2541131550644761	0.31756732694528855	0.2809946302422173	0.5415162410412215	0.4970013725825187	0.5354334145355177	0.25667291843040546	0.2671170409079909	0.27574865918174235	0.3350676271758285	0.34954857983863225	0.3375874155563465	0.38536109585153877	0.31302420180649093	0.35176713144330596	0.35288577723033904	0.3118701872901017	0.32696180561989513	0.3029796427477625	0.31285445116847116	0.30417545992571293	0.3143509557749524	0.307512672284254	0.3479325999093087	0.29397280104807677	0.26983087187437876	0.2755053181088809	0.3275033610719219	0.23577932966429066	0.2762310849574489
S15Hp	0.20917945756985407	0.2083138769557611	0.21861762232142778	0.2796178941240927	0.2290904452621919	0.27603967743705504	0.23143806754247995	0.0	0.19318631904899794	0.17874575261427478	0.2421999244950872	0.20562722779201592	0.4661488385910202	0.4216339701323173	0.4600660120853164	0.1813055159802041	0.19174963845778947	0.20038125673154097	0.25970022472562715	0.27418117738843084	0.2622200131061452	0.3099936934013374	0.23765679935628956	0.2763997289931046	0.27751837478013763	0.23650278483990034	0.2515944031696938	0.22761224029756114	0.2374870487182698	0.22880805747551158	0.23898355332475107	0.23214526983405262	0.27256519745910734	0.2186053985978754	0.19446346942417742	0.20013791565867958	0.25213595862172056	0.1604119272140893	0.20086368250724757
S3Hp	0.2297478135006526	0.22888223288655962	0.23918597825222632	0.30018625005489125	0.24965880119299044	0.2966080333678536	0.2685537214991993	0.19318631904899794	0.0	0.11823990944815946	0.23002230480789698	0.1934496081048257	0.4867171945218187	0.4422023260631159	0.4806343680161149	0.20187387191100264	0.21231799438858806	0.22094961266233953	0.2802685806564257	0.29474953331922943	0.2827883690369437	0.33056204933213595	0.2582251552870881	0.29696808492390314	0.2980867307109362	0.25707114077069887	0.2721627591004923	0.2481805962283597	0.25805540464906834	0.24937641340631012	0.2595519092555496	0.2527136257648512	0.2931335533899059	0.23917375452867393	0.21503182535497595	0.22070627158947811	0.2727043145525191	0.18098028314488784	0.2214320384380461
S21H1	0.21530724706592946	0.21444166645183646	0.22474541181750315	0.28574568362016806	0.23521823475826728	0.28216746693313044	0.2541131550644761	0.17874575261427478	0.11823990944815946	0.0	0.21558173837317382	0.17900904167010254	0.47227662808709553	0.4277617596283927	0.46619380158139173	0.18743330547627948	0.19787742795386487	0.20650904622761634	0.26582801422170255	0.28030896688450624	0.2683478026022205	0.3161214828974128	0.24378458885236493	0.28252751848917995	0.28364616427621303	0.24263057433597573	0.2577221926657691	0.2337400297936365	0.2436148382143452	0.23493584697158695	0.24511134282082647	0.238273059330128	0.27869298695518274	0.22473318809395076	0.20059125892025276	0.20626570515475495	0.2582637481177959	0.16653971671016468	0.20699147200332293
31232	0.2787614189467419	0.27789583833264886	0.28819958369831555	0.34919985550098054	0.2986724066390797	0.34562163881394287	0.31756732694528855	0.2421999244950872	0.23002230480789698	0.21558173837317382	0.0	0.18382874756263162	0.535730799967908	0.4912159315092052	0.5296479734622042	0.25088747735709194	0.2613315998346773	0.2699632181084288	0.329282186102515	0.3437631387653187	0.33180197448303295	0.37957565477822525	0.30723876073317735	0.3459816903699924	0.3471003361570255	0.30608474621678816	0.3211763645465816	0.29719420167444893	0.30706901009515764	0.29839001885239935	0.3085655147016389	0.3017272312109404	0.34214715883599517	0.2881873599747632	0.2640454308010652	0.2697198770355674	0.3217179199986083	0.2299938885909771	0.27044564388413533
S28Hp	0.2421887222436706	0.24132314162957763	0.2516268869952443	0.31262715879790925	0.26209970993600845	0.30904894211087164	0.2809946302422173	0.20562722779201592	0.1934496081048257	0.17900904167010254	0.18382874756263162	0.0	0.49915810326483673	0.4546432348061339	0.49307527675913293	0.21431478065402065	0.22475890313160607	0.23339052140535754	0.29270948939944375	0.30719044206224744	0.2952292777799617	0.343002958075154	0.2706660640301061	0.30940899366692115	0.31052763945395423	0.2695120495137169	0.2846036678435103	0.2606215049713777	0.27049631339208635	0.2618173221493281	0.27199281799856767	0.2651545345078692	0.30557446213292394	0.2516146632716919	0.22747273409799396	0.23314718033249612	0.28514522329553704	0.19342119188790585	0.2338729471810641
F22H1A	0.47810983312482136	0.47724425251072833	0.487547997876395	0.54854826967906	0.49802082081715915	0.5449700529920223	0.5415162410412215	0.4661488385910202	0.4867171945218187	0.47227662808709553	0.535730799967908	0.49915810326483673	0.0	0.48168448897512656	0.5201165309281256	0.4356990822224344	0.44614320470001984	0.4547748229737713	0.5140937909678575	0.5285747436306611	0.5166135793483755	0.5643872596435677	0.4920503655985199	0.5307932952353349	0.531911941022368	0.5054331603948676	0.5205247787246611	0.4965426158525284	0.5064174242732371	0.4977384330304788	0.5079139288797183	0.5010756453890199	0.5414955730140747	0.48753577415284266	0.4633938449791447	0.4690682912136469	0.5210663341766878	0.4293423027690566	0.46979405806221486
530050	0.4335949646661185	0.4327293840520255	0.4430331294176922	0.5040334012203571	0.4535059523584563	0.5004551845333195	0.4970013725825187	0.4216339701323173	0.4422023260631159	0.4277617596283927	0.4912159315092052	0.4546432348061339	0.48168448897512656	0.0	0.3942908153225402	0.3911842137637316	0.401628336241317	0.41025995451506847	0.4695789225091547	0.48405987517195836	0.47209871088967265	0.519872391184865	0.44753549713981705	0.4862784267766321	0.48739707256366516	0.4609182919361648	0.4760099102659582	0.45202774739382556	0.46190255581453427	0.45322356457177604	0.46339906042101553	0.45656077693031705	0.4969807045553718	0.4430209056941399	0.41887897652044187	0.424553422754944	0.476551465717985	0.38482743431035377	0.425279189603512
S30H1	0.47202700661911756	0.47116142600502453	0.4814651713706912	0.5424654431733562	0.49193799431145535	0.5388872264863185	0.5354334145355177	0.4600660120853164	0.4806343680161149	0.46619380158139173	0.5296479734622042	0.49307527675913293	0.5201165309281256	0.3942908153225402	0.0	0.4296162557167306	0.44006037819431604	0.4486919964680675	0.5080109644621537	0.5224919171249574	0.5105307528426717	0.5583044331378639	0.4859675390928161	0.5247104687296311	0.5258291145166643	0.49935033388916383	0.5144419522189573	0.4904597893468246	0.5003345977675333	0.491655606524775	0.5018311023740145	0.4949928188833161	0.5354127465083709	0.48145294764713886	0.4573110184734409	0.4629854647079431	0.514983507670984	0.4232594762633528	0.46371123155651106
S31Hp	0.19326651051400529	0.19240092989991228	0.20270467526557898	0.2637049470682439	0.2131774982063431	0.26012673038120626	0.25667291843040546	0.1813055159802041	0.20187387191100264	0.18743330547627948	0.25088747735709194	0.21431478065402065	0.4356990822224344	0.3911842137637316	0.4296162557167306	0.0	0.13178298883927833	0.1404146071130298	0.19973357510711598	0.2142145277699197	0.20225336348763398	0.25002704378282625	0.17769014973777839	0.2164330793745934	0.2175517251616265	0.22058983778405156	0.23568145611384497	0.21169929324171233	0.22157410166242103	0.21289511041966278	0.2230706062689023	0.2162323227782038	0.25665225040325856	0.20269245154202659	0.17855052236832858	0.18422496860283077	0.23622301156587172	0.1444989801582405	0.18495073545139876
S7Hp	0.20371063299159065	0.20284505237749767	0.21314879774316436	0.2741490695458293	0.2236216206839285	0.2705708528587917	0.2671170409079909	0.19174963845778947	0.21231799438858806	0.19787742795386487	0.2613315998346773	0.22475890313160607	0.44614320470001984	0.401628336241317	0.44006037819431604	0.13178298883927833	0.0	0.1165346592166037	0.17585362721068987	0.19033457987349361	0.1783734155912079	0.22614709588640014	0.1538102018413523	0.19255313147816733	0.1936717772652004	0.23103396026163692	0.24612557859143036	0.22214341571929774	0.2320182241400064	0.22333923289724816	0.23351472874648768	0.22667644525578923	0.267096372880844	0.21313657401961197	0.188994644845914	0.19466909108041616	0.2466671340434571	0.1549431026358259	0.19539485792898414
F8H1	0.21234225126534217	0.21147667065124914	0.22178041601691584	0.28278068781958077	0.23225323895767996	0.27920247113254315	0.27574865918174235	0.20038125673154097	0.22094961266233953	0.20650904622761634	0.2699632181084288	0.23339052140535754	0.4547748229737713	0.41025995451506847	0.4486919964680675	0.1404146071130298	0.1165346592166037	0.0	0.09876264496251337	0.11324359762531709	0.10128243334303136	0.14905611363822363	0.07671921959317576	0.1154621492299908	0.11658079501702387	0.23966557853538842	0.25475719686518183	0.23077503399304922	0.24064984241375792	0.23197085117099966	0.24214634702023918	0.2353080635295407	0.27572799115459545	0.22176819229336348	0.19762626311966547	0.20330070935416766	0.2552987523172086	0.1635747209095774	0.20402647620273565
S29H1	0.2716612192594283	0.2707956386453353	0.281099384011002	0.34209965581366697	0.2915722069517661	0.3385214391266293	0.3350676271758285	0.25970022472562715	0.2802685806564257	0.26582801422170255	0.329282186102515	0.29270948939944375	0.5140937909678575	0.4695789225091547	0.5080109644621537	0.19973357510711598	0.17585362721068987	0.09876264496251337	0.0	0.08200166061294145	0.07004049633065572	0.11781417662584799	0.07940138332493267	0.11814431296174771	0.11926295874878078	0.2989845465294746	0.31407616485926804	0.29009400198713536	0.29996881040784407	0.2912898191650858	0.30146531501432533	0.29462703152362685	0.3350469591486816	0.2810871602874496	0.2569452311137516	0.2626196773482538	0.31461772031129476	0.22289368890366354	0.26334544419682177
S19H1	0.286142171922232	0.28527659130813904	0.29558033667380573	0.35658060847647066	0.30605315961456986	0.35300239178943305	0.34954857983863225	0.27418117738843084	0.29474953331922943	0.28030896688450624	0.3437631387653187	0.30719044206224744	0.5285747436306611	0.48405987517195836	0.5224919171249574	0.2142145277699197	0.19033457987349361	0.11324359762531709	0.08200166061294145	0.0	0.03691706545707321	0.08469074575226548	0.09388233598773639	0.13262526562455143	0.13374391141158448	0.3134654991922783	0.32855711752207173	0.3045749546499391	0.31444976307064776	0.30577077182788953	0.3159462676771291	0.3091079841864306	0.34952791181148535	0.2955681129502533	0.27142618377655536	0.27710063001105756	0.32909867297409845	0.23737464156646726	0.2778263968596255
w11pp	0.2741810076399463	0.2733154270258533	0.28361917239152	0.34461944419418494	0.29409199533228414	0.34104122750714727	0.3375874155563465	0.2622200131061452	0.2827883690369437	0.2683478026022205	0.33180197448303295	0.2952292777799617	0.5166135793483755	0.47209871088967265	0.5105307528426717	0.20225336348763398	0.1783734155912079	0.10128243334303136	0.07004049633065572	0.03691706545707321	0.0	0.06322464615352809	0.08192117170545066	0.1206641013422657	0.12178274712929876	0.30150433490999257	0.316595953239786	0.2926137903676534	0.30248859878836204	0.2938096075456038	0.3039851033948433	0.2971468199041449	0.3375667475291996	0.28360694866796765	0.25946501949426964	0.2651394657287718	0.3171375086918128	0.22541347728418154	0.2658652325773398
w2pp	0.32195468793513854	0.32108910732104556	0.33139285268671226	0.39239312448937724	0.3418656756274764	0.38881490780233957	0.38536109585153877	0.3099936934013374	0.33056204933213595	0.3161214828974128	0.37957565477822525	0.343002958075154	0.5643872596435677	0.519872391184865	0.5583044331378639	0.25002704378282625	0.22614709588640014	0.14905611363822363	0.11781417662584799	0.08469074575226548	0.06322464615352809	0.0	0.12969485200064293	0.16843778163745798	0.16955642742449104	0.34927801520518487	0.3643696335349783	0.34038747066284564	0.35026227908355434	0.34158328784079606	0.3517587836900356	0.3449205001993371	0.3853404278243919	0.3313806289631599	0.3072386997894619	0.3129131460239641	0.36491118898700503	0.27318715757937384	0.31363891287253204
s24H1	0.2496177938900907	0.24875221327599772	0.2590559586416644	0.32005623044432935	0.26952878158242854	0.3164780137572917	0.31302420180649093	0.23765679935628956	0.2582251552870881	0.24378458885236493	0.30723876073317735	0.2706660640301061	0.4920503655985199	0.44753549713981705	0.4859675390928161	0.17769014973777839	0.1538102018413523	0.07671921959317576	0.07940138332493267	0.09388233598773639	0.08192117170545066	0.12969485200064293	0.0	0.06922465941866496	0.07034330520569804	0.27694112116013697	0.2920327394899304	0.2680505766177978	0.27792538503850645	0.2692463937957482	0.2794218896449877	0.2725836061542893	0.313003533779344	0.25904373491811206	0.23490180574441405	0.24057625197891622	0.2925742949419572	0.20085026353432595	0.2413020188274842
S10H1	0.2883607235269057	0.28749514291281275	0.29779888827847945	0.3587991600811444	0.30827171121924357	0.3552209433941067	0.35176713144330596	0.2763997289931046	0.29696808492390314	0.28252751848917995	0.3459816903699924	0.30940899366692115	0.5307932952353349	0.4862784267766321	0.5247104687296311	0.2164330793745934	0.19255313147816733	0.1154621492299908	0.11814431296174771	0.13262526562455143	0.1206641013422657	0.16843778163745798	0.06922465941866496	0.0	0.03776522944387675	0.315684050796952	0.33077566912674544	0.3067935062546128	0.31666831467532147	0.30798932343256324	0.31816481928180274	0.3113265357911043	0.351746463416159	0.2977866645549271	0.2736447353812291	0.2793191816157312	0.3313172245787722	0.23959319317114097	0.2800449484642992
F23HpA	0.2894793693139388	0.28861378869984583	0.2989175340655125	0.35991780586817745	0.30939035700627665	0.35633958918113984	0.35288577723033904	0.27751837478013763	0.2980867307109362	0.28364616427621303	0.3471003361570255	0.31052763945395423	0.531911941022368	0.48739707256366516	0.5258291145166643	0.2175517251616265	0.1936717772652004	0.11658079501702387	0.11926295874878078	0.13374391141158448	0.12178274712929876	0.16955642742449104	0.07034330520569804	0.03776522944387675	0.0	0.3168026965839851	0.3318943149137785	0.3079121520416459	0.31778696046235455	0.3091079692195963	0.31928346506883587	0.3124451815781374	0.35286510920319214	0.2989053103419601	0.27476338116826216	0.28043782740276435	0.33243587036580524	0.24071183895817405	0.2811635942513323
F1H1	0.21008999935399675	0.22506755713681675	0.23537130250248345	0.2963715743051484	0.24584412544324757	0.29279335761811076	0.3118701872901017	0.23650278483990034	0.25707114077069887	0.24263057433597573	0.30608474621678816	0.2695120495137169	0.5054331603948676	0.4609182919361648	0.49935033388916383	0.22058983778405156	0.23103396026163692	0.23966557853538842	0.2989845465294746	0.3134654991922783	0.30150433490999257	0.34927801520518487	0.27694112116013697	0.315684050796952	0.3168026965839851	0.0	0.2243321297478792	0.20034996687574655	0.23839759050241247	0.2297185992596542	0.23989409510889376	0.23305581161819527	0.27347573924325	0.21951594038201805	0.19537401120832004	0.20104845744282224	0.2530465004058632	0.16132246899823197	0.20177422429139022
530394	0.22518161768379014	0.2401591754666102	0.2504629208322769	0.3114631926349418	0.260935743773041	0.3078849759479042	0.32696180561989513	0.2515944031696938	0.2721627591004923	0.2577221926657691	0.3211763645465816	0.2846036678435103	0.5205247787246611	0.4760099102659582	0.5144419522189573	0.23568145611384497	0.24612557859143036	0.25475719686518183	0.31407616485926804	0.32855711752207173	0.316595953239786	0.3643696335349783	0.2920327394899304	0.33077566912674544	0.3318943149137785	0.2243321297478792	0.0	0.08433466934964906	0.2534892088322059	0.24481021758944765	0.25498571343868714	0.24814742994798872	0.2885673575730434	0.23460755871181146	0.21046562953811349	0.21614007577261565	0.2681381187356566	0.17641408732802538	0.21686584262118364
S1Hp	0.20119945481165752	0.21617701259447758	0.22648075796014427	0.2874810297628092	0.2369535809009084	0.28390281307577153	0.3029796427477625	0.22761224029756114	0.2481805962283597	0.2337400297936365	0.29719420167444893	0.2606215049713777	0.4965426158525284	0.45202774739382556	0.4904597893468246	0.21169929324171233	0.22214341571929774	0.23077503399304922	0.29009400198713536	0.3045749546499391	0.2926137903676534	0.34038747066284564	0.2680505766177978	0.3067935062546128	0.3079121520416459	0.20034996687574655	0.08433466934964906	0.0	0.22950704596007326	0.22082805471731504	0.23100355056655453	0.22416526707585607	0.2645851947009108	0.21062539583967882	0.18648346666598084	0.192157912900483	0.24415595586352395	0.15243192445589276	0.192883679749051
F32H1	0.20162965759699586	0.22605182101518623	0.23635556638085292	0.29735583818351785	0.24682838932161705	0.29377762149648023	0.31285445116847116	0.2374870487182698	0.25805540464906834	0.2436148382143452	0.30706901009515764	0.27049631339208635	0.5064174242732371	0.46190255581453427	0.5003345977675333	0.22157410166242103	0.2320182241400064	0.24064984241375792	0.29996881040784407	0.31444976307064776	0.30248859878836204	0.35026227908355434	0.27792538503850645	0.31666831467532147	0.31778696046235455	0.23839759050241247	0.2534892088322059	0.22950704596007326	0.0	0.15040014155352394	0.16057563740276348	0.153737353912065	0.19415728153711975	0.21105559862501722	0.1869136694513192	0.1925881156858214	0.24458615864886235	0.15286212724123113	0.19331388253438936
S9H1	0.19295066635423763	0.217372829772428	0.2276765751380947	0.2886768469407596	0.23814939807885882	0.28509863025372195	0.30417545992571293	0.22880805747551158	0.24937641340631012	0.23493584697158695	0.29839001885239935	0.2618173221493281	0.4977384330304788	0.45322356457177604	0.491655606524775	0.21289511041966278	0.22333923289724816	0.23197085117099966	0.2912898191650858	0.30577077182788953	0.2938096075456038	0.34158328784079606	0.2692463937957482	0.30798932343256324	0.3091079692195963	0.2297185992596542	0.24481021758944765	0.22082805471731504	0.15040014155352394	0.0	0.11543726795548898	0.10859898446479052	0.14901891208984527	0.20237660738225896	0.17823467820856098	0.18390912444306315	0.2359071674061041	0.14418313599847288	0.18463489129163113
F6H1	0.20312616220347718	0.22754832562166752	0.2378520709873342	0.29885234278999917	0.24832489392809834	0.2952741261029615	0.3143509557749524	0.23898355332475107	0.2595519092555496	0.24511134282082647	0.3085655147016389	0.27199281799856767	0.5079139288797183	0.46339906042101553	0.5018311023740145	0.2230706062689023	0.23351472874648768	0.24214634702023918	0.30146531501432533	0.3159462676771291	0.3039851033948433	0.3517587836900356	0.2794218896449877	0.31816481928180274	0.31928346506883587	0.23989409510889376	0.25498571343868714	0.23100355056655453	0.16057563740276348	0.11543726795548898	0.0	0.09924288567776313	0.13966281330281788	0.21255210323149848	0.18841017405780047	0.19408462029230267	0.24608266325534361	0.1543586318477124	0.19481038714087065
S22Hp	0.1962878787127787	0.22071004213096906	0.23101378749663576	0.2920140592993007	0.24148661043739988	0.288435842612263	0.307512672284254	0.23214526983405262	0.2527136257648512	0.238273059330128	0.3017272312109404	0.2651545345078692	0.5010756453890199	0.45656077693031705	0.4949928188833161	0.2162323227782038	0.22667644525578923	0.2353080635295407	0.29462703152362685	0.3091079841864306	0.2971468199041449	0.3449205001993371	0.2725836061542893	0.3113265357911043	0.3124451815781374	0.23305581161819527	0.24814742994798872	0.22416526707585607	0.153737353912065	0.10859898446479052	0.09924288567776313	0.0	0.09163700977819314	0.2057138197408	0.18157189056710202	0.18724633680160419	0.23924437976464513	0.14752034835701394	0.18797210365017217
31328	0.23670780633783345	0.26112996975602376	0.27143371512169046	0.33243398692435544	0.2819065380624546	0.32885577023731777	0.3479325999093087	0.27256519745910734	0.2931335533899059	0.27869298695518274	0.34214715883599517	0.30557446213292394	0.5414955730140747	0.4969807045553718	0.5354127465083709	0.25665225040325856	0.267096372880844	0.27572799115459545	0.3350469591486816	0.34952791181148535	0.3375667475291996	0.3853404278243919	0.313003533779344	0.351746463416159	0.35286510920319214	0.27347573924325	0.2885673575730434	0.2645851947009108	0.19415728153711975	0.14901891208984527	0.13966281330281788	0.09163700977819314	0.0	0.24613374736585475	0.22199181819215674	0.22766626442665894	0.2796643073896999	0.18794027598206867	0.22839203127522692
S16H2	0.16486592525845717	0.2071701708947918	0.2174739162604585	0.2784741880631234	0.22794673920122263	0.2748959713760858	0.29397280104807677	0.2186053985978754	0.23917375452867393	0.22473318809395076	0.2881873599747632	0.2516146632716919	0.48753577415284266	0.4430209056941399	0.48145294764713886	0.20269245154202659	0.21313657401961197	0.22176819229336348	0.2810871602874496	0.2955681129502533	0.28360694866796765	0.3313806289631599	0.25904373491811206	0.2977866645549271	0.2989053103419601	0.21951594038201805	0.23460755871181146	0.21062539583967882	0.21105559862501722	0.20237660738225896	0.21255210323149848	0.2057138197408	0.24613374736585475	0.0	0.13443645699913503	0.14011090323363723	0.19210894619667818	0.10038491478904696	0.15655015019585064
F14H1A	0.14072399608475916	0.18302824172109383	0.19333198708676053	0.25433225888942546	0.20380481002752465	0.2507540422023878	0.26983087187437876	0.19446346942417742	0.21503182535497595	0.20059125892025276	0.2640454308010652	0.22747273409799396	0.4633938449791447	0.41887897652044187	0.4573110184734409	0.17855052236832858	0.188994644845914	0.19762626311966547	0.2569452311137516	0.27142618377655536	0.25946501949426964	0.3072386997894619	0.23490180574441405	0.2736447353812291	0.27476338116826216	0.19537401120832004	0.21046562953811349	0.18648346666598084	0.1869136694513192	0.17823467820856098	0.18841017405780047	0.18157189056710202	0.22199181819215674	0.13443645699913503	0.0	0.09234004870003962	0.15950145249017172	0.0677774210825405	0.13240822102215263
530075	0.14639844231926136	0.188702687955596	0.1990064333212627	0.26000670512392765	0.20947925626202682	0.25642848843689	0.2755053181088809	0.20013791565867958	0.22070627158947811	0.20626570515475495	0.2697198770355674	0.23314718033249612	0.4690682912136469	0.424553422754944	0.4629854647079431	0.18422496860283077	0.19466909108041616	0.20330070935416766	0.2626196773482538	0.27710063001105756	0.2651394657287718	0.3129131460239641	0.24057625197891622	0.2793191816157312	0.28043782740276435	0.20104845744282224	0.21614007577261565	0.192157912900483	0.1925881156858214	0.18390912444306315	0.19408462029230267	0.18724633680160419	0.22766626442665894	0.14011090323363723	0.09234004870003962	0.0	0.1651758987246739	0.07345186731704267	0.13808266725665483
31071	0.1983964852823023	0.24070073091863695	0.25100447628430367	0.31200474808696854	0.2614772992250678	0.3084265313999309	0.3275033610719219	0.25213595862172056	0.2727043145525191	0.2582637481177959	0.3217179199986083	0.28514522329553704	0.5210663341766878	0.476551465717985	0.514983507670984	0.23622301156587172	0.2466671340434571	0.2552987523172086	0.31461772031129476	0.32909867297409845	0.3171375086918128	0.36491118898700503	0.2925742949419572	0.3313172245787722	0.33243587036580524	0.2530465004058632	0.2681381187356566	0.24415595586352395	0.24458615864886235	0.2359071674061041	0.24608266325534361	0.23924437976464513	0.2796643073896999	0.19210894619667818	0.15950145249017172	0.1651758987246739	0.0	0.10866023315480322	0.19008071021969578
F3H1	0.10667245387467107	0.14897669951100573	0.15928044487667242	0.22028071667933735	0.16975326781743655	0.2167024999922997	0.23577932966429066	0.1604119272140893	0.18098028314488784	0.16653971671016468	0.2299938885909771	0.19342119188790585	0.4293423027690566	0.38482743431035377	0.4232594762633528	0.1444989801582405	0.1549431026358259	0.1635747209095774	0.22289368890366354	0.23737464156646726	0.22541347728418154	0.27318715757937384	0.20085026353432595	0.23959319317114097	0.24071183895817405	0.16132246899823197	0.17641408732802538	0.15243192445589276	0.15286212724123113	0.14418313599847288	0.1543586318477124	0.14752034835701394	0.18794027598206867	0.10038491478904696	0.0677774210825405	0.07345186731704267	0.10866023315480322	0.0	0.09835667881206456
S26Hp	0.13100604364113766	0.18942845480416398	0.19973220016983068	0.2607324719724956	0.2102050231105948	0.25715425528545793	0.2762310849574489	0.20086368250724757	0.2214320384380461	0.20699147200332293	0.27044564388413533	0.2338729471810641	0.46979405806221486	0.425279189603512	0.46371123155651106	0.18495073545139876	0.19539485792898414	0.20402647620273565	0.26334544419682177	0.2778263968596255	0.2658652325773398	0.31363891287253204	0.2413020188274842	0.2800449484642992	0.2811635942513323	0.20177422429139022	0.21686584262118364	0.192883679749051	0.19331388253438936	0.18463489129163113	0.19481038714087065	0.18797210365017217	0.22839203127522692	0.15655015019585064	0.13240822102215263	0.13808266725665483	0.19008071021969578	0.09835667881206456	0.0
