	530119	31129	530451	530163	w14pp	f11pp	w20pp	f16ppA	f20ppA	w26pp	w2pp	w16pp	w32pp	w11pp	w17pp	w21pp	31749	w19pp	f2pp	w18pp	f7pp	f8pp	f14ppB	530364	31416	31232	F8H1	31333	531424	31700	530050	31328	S28Hp	S19H1	530075	F3H1	31009	s24H1	31160	530315	31452	31600	530052	530215	31766	S1Hp	31750	530444	530295	S29H1	530177	31723	31714	31267	530055	530258	31428	31512	31300	S26Hp	31360	31071	F22HpB	31519	S21H1	530368	31379	31343	530074	31021
530119	0.0	0.14852387863418912	0.32094998119460016	0.3569182504759268	0.3442255407577299	0.3523441575505234	0.3479203855265509	0.3634180709346714	0.35566008991914566	0.3593258858279276	0.3578937308227075	0.36437531791377054	0.3764138231634751	0.35436363065719323	0.3568653590185966	0.3762234064200499	0.39024667530356494	0.36246863756599557	0.3617637710963293	0.34512329619015647	0.35057565706341026	0.35045108537903824	0.33663379466263926	0.37156202017863593	0.37167072303044935	0.35656651886818796	0.3917807842831015	0.40535396744338104	0.367954900232329	0.36491177387024765	0.369635173957958	0.3657382183817362	0.3771554509521161	0.3919426974949831	0.38542716463706866	0.35820741989720367	0.34506890668563817	0.3881504189558437	0.35830142873722143	0.41556864513928593	0.3541652421288698	0.3591618658730476	0.40905512143257505	0.41889160425235317	0.41687573780355547	0.4000472924645232	0.3887111871917488	0.3774017016576135	0.39680427631241744	0.41004280367068646	0.396396263143004	0.39613658690222847	0.3933712516688279	0.3771205401774853	0.3986385722381232	0.3780288768651384	0.37799991471717503	0.39530605855845635	0.3606747996600534	0.3834515570079364	0.4038446116571316	0.34757778522172267	0.4094507051791232	0.3967354299823498	0.4011782725994732	0.3673454029931945	0.3414256874908513	0.24845668488327183	0.1415775964621484	0.10782048949894546
31129	0.14852387863418912	0.0	0.33036257478992853	0.36633084407125516	0.35363813435305824	0.36175675114585176	0.3573329791218793	0.37283066452999974	0.36507268351447403	0.368738479423256	0.36730632441803585	0.3737879115090989	0.38582641675880347	0.3637762242525216	0.366277952613925	0.3856360000153783	0.3996592688988933	0.37188123116132393	0.37117636469165766	0.35453588978548484	0.35998825065873863	0.3598636789743666	0.34604638825796763	0.3809746137739643	0.3810833166257777	0.36597911246351633	0.40119337787842985	0.4147665610387094	0.3773674938276574	0.374324367465576	0.37904776755328634	0.37515081197706457	0.3865680445474445	0.4013552910903115	0.39483975823239703	0.36762001349253204	0.35448150028096653	0.39756301255117205	0.3677140223325498	0.4249812387346143	0.36357783572419816	0.36857445946837597	0.4184677150279034	0.42830419784768153	0.42628833139888384	0.40945988605985156	0.39812378078707716	0.38681429525294186	0.4062168699077458	0.41945539726601483	0.4058088567383324	0.40554918049755684	0.4027838452641563	0.3865331337728137	0.4080511658334516	0.3874414704604668	0.3874125083125034	0.4047186521537847	0.37008739325538176	0.3928641506032648	0.41325720525245996	0.35699037881705104	0.41886329877445155	0.40614802357767815	0.41059086619480156	0.3767579965885229	0.35083828108617965	0.2578692784786002	0.15099019005747677	0.11723308309427383
530451	0.32094998119460016	0.33036257478992853	0.0	0.19566003627813355	0.18296732655993664	0.19108594335273016	0.18666217132875768	0.20215985673687814	0.19440187572135242	0.1980676716301344	0.19663551662491424	0.2031171037159773	0.21515560896568187	0.19310541645940002	0.1956071448208034	0.21496519222225668	0.22898846110577165	0.20121042336820227	0.20050555689853605	0.18386508199236323	0.18931744286561702	0.189192871181245	0.17537558046484603	0.2103038059808427	0.2104125088326561	0.20818597782117343	0.24340024323608694	0.25697342639636656	0.2195743591853145	0.21653123282323314	0.22125463291094347	0.2173576773347217	0.22877490990510163	0.24356215644796858	0.23704662359005416	0.20982687885018916	0.19668836563862363	0.2397698779088292	0.20992088769020692	0.26718810409227145	0.2057847010818553	0.21078132482603307	0.2606745803855605	0.27051106320533863	0.268495196756541	0.25166675141750866	0.24033064614473432	0.229021160610599	0.24842373526540293	0.2616622626236719	0.24801572209598954	0.24775604585521396	0.24499071062181338	0.2287399991304708	0.2502580311911087	0.2296483358181239	0.22961937367016053	0.24692551751144184	0.21229425861303888	0.23507101596092195	0.25546407061011706	0.19919724417470813	0.2610701641321087	0.24835488893533525	0.25279773155245866	0.21896486194618	0.19304514644383675	0.20462406100902303	0.2761231843298982	0.2638196294197276
530163	0.3569182504759268	0.36633084407125516	0.19566003627813355	0.0	0.060144662433290016	0.06826327922608354	0.0638395072021111	0.07933719261023153	0.07157921159470582	0.07524500750348777	0.07381285249826763	0.08029443958933066	0.09233294483903523	0.07028275233275341	0.0727844806941568	0.09214252809561008	0.10616579697912504	0.07838775924155567	0.07768289277188943	0.06104241786571662	0.06649477873897039	0.06637020705459842	0.05255291633819943	0.1286764375262728	0.20384380037403355	0.24415424710250005	0.27936851251741357	0.2929416956776931	0.2555426284666411	0.25249950210455974	0.25722290219227006	0.2533259466160483	0.2647431791864282	0.2795304257292952	0.27301489287138075	0.24579514813151576	0.2326566349199502	0.27573814719015577	0.24588915697153352	0.303156373373598	0.24175297036318188	0.2467495941073597	0.29664284966688714	0.30647933248666526	0.30446346603786756	0.2876350206988353	0.2762989154260609	0.2649894298919256	0.2843920045467295	0.29763053190499855	0.2839839913773161	0.28372431513654056	0.28095897990314	0.2647082684117974	0.2862263004724353	0.2656166050994505	0.2655876429514871	0.28289378679276844	0.24826252789436548	0.2710392852422485	0.2914323398914437	0.23516551345603473	0.2970384334134353	0.2843231582166619	0.2887660008337853	0.2549331312275066	0.22901341572516337	0.24059233029034963	0.3120914536112248	0.29978789870105416
w14pp	0.3442255407577299	0.35363813435305824	0.18296732655993664	0.060144662433290016	0.0	0.030098830235628385	0.0299834916067619	0.04548117701488234	0.03772319599935663	0.04138899190813858	0.03995683690291844	0.04643842399398147	0.05847692924368604	0.03642673673740422	0.03892846509880761	0.058286512500260894	0.07230978138377585	0.044531743646206476	0.04382687717654024	0.027186402270367428	0.032638763143621206	0.032514191459249234	0.02615101036691992	0.11598372780807586	0.19115109065583663	0.2314615373843031	0.2666758027992166	0.2802489859594962	0.2428499187484442	0.23980679238636282	0.24453019247407315	0.24063323689785138	0.2520504694682313	0.26683771601109824	0.26032218315318384	0.23310243841331885	0.21996392520175329	0.26304543747195885	0.2331964472533366	0.2904636636554011	0.22906026064498497	0.23405688438916275	0.2839501399486902	0.2937866227684683	0.29177075631967064	0.2749423109806383	0.26360620570786397	0.2522967201737287	0.2716992948285326	0.2849378221868016	0.2712912816591192	0.27103160541834365	0.26826627018494303	0.2520155586936005	0.2735335907542384	0.2529238953812536	0.2528949332332902	0.2702010770745715	0.23556981817616857	0.2583465755240516	0.2787396301732467	0.2224728037378378	0.28434572369523836	0.2716304484984649	0.27607329111558837	0.2422404215093097	0.21632070600696643	0.2278996205721527	0.2993987438930279	0.28709518898285724
f11pp	0.3523441575505234	0.36175675114585176	0.19108594335273016	0.06826327922608354	0.030098830235628385	0.0	0.03810210839955542	0.05359979380767586	0.045841812792150154	0.0495076087009321	0.04807545369571196	0.05455704078677499	0.06659554603647956	0.04454535353019774	0.04704708189160113	0.06640512929305442	0.08042839817656937	0.052650360438999996	0.05194549396933376	0.03530501906316095	0.04075737993641473	0.040632808252042754	0.03426962715971344	0.12410234460086939	0.19926970744863015	0.23958015417709663	0.2747944195920101	0.28836760275228973	0.2509685355412377	0.24792540917915634	0.25264880926686667	0.2487518536906449	0.2601690862610248	0.27495633280389176	0.26844079994597736	0.24122105520611237	0.2280825419945468	0.2711640542647524	0.24131506404613012	0.2985822804481946	0.2371788774377785	0.24217550118195627	0.2920687567414837	0.3019052395612618	0.29988937311246416	0.28306092777343184	0.2717248225006575	0.2604153369665222	0.27981791162132613	0.2930564389795951	0.2794098984519127	0.27915022221113717	0.27638488697773655	0.260134175486394	0.2816522075470319	0.2610425121740471	0.26101355002608373	0.27831969386736505	0.2436884349689621	0.2664651923168451	0.28685824696604023	0.2305914205306313	0.2924643404880319	0.2797490652912584	0.2841919079083819	0.2503590383021032	0.22443932279975995	0.23601823736494623	0.3075173606858214	0.29521380577565076
w20pp	0.3479203855265509	0.3573329791218793	0.18666217132875768	0.0638395072021111	0.0299834916067619	0.03810210839955542	0.0	0.02410489995601756	0.016346918940491846	0.030596322712176362	0.02916416770695622	0.03564575479801926	0.047684260047723824	0.025634067541442006	0.028135795902845394	0.04749384330429868	0.06151711218781363	0.03373907445024426	0.033034207980578024	0.025650409758777457	0.031102770632031235	0.03097819894765926	0.029845855135740992	0.11967857257689694	0.19484593542465767	0.23515638215312418	0.2703706475680377	0.2839438307283173	0.24654476351726523	0.24350163715518386	0.2482250372428942	0.24432808166667241	0.2557453142370524	0.27053256077991933	0.2640170279220049	0.23679728318213988	0.22365876997057435	0.26674028224077995	0.23689129202215764	0.29415850842422214	0.232755105413806	0.23775172915798382	0.28764498471751127	0.2974814675372894	0.2954656010884917	0.2786371557494594	0.26730105047668506	0.2559915649425497	0.27539413959735365	0.2886326669556227	0.2749861264279403	0.2747264501871647	0.2719611149537641	0.2557104034624215	0.2772284355230594	0.25661874015007463	0.25658977800211125	0.27389592184339256	0.2392646629449896	0.2620414202928727	0.2824344749420678	0.22616764850665888	0.2880405684640594	0.275325293267286	0.2797681358844094	0.24593526627813073	0.2200155507757875	0.23159446534097378	0.30309358866184893	0.2907900337516783
f16ppA	0.3634180709346714	0.37283066452999974	0.20215985673687814	0.07933719261023153	0.04548117701488234	0.05359979380767586	0.02410489995601756	0.0	0.02028881676921304	0.046094008120296806	0.04466185311507667	0.0511434402061397	0.06318194545584427	0.04113175294956245	0.04363348131096584	0.06299152871241913	0.07701479759593408	0.049236759858364704	0.04853189338869847	0.0411480951668979	0.046600456040151686	0.046475884355779706	0.045343540543861444	0.1351762579850174	0.21034362083277813	0.25065406756124464	0.28586833297615816	0.29944151613643777	0.26204244892538575	0.2589993225633044	0.2637227226510147	0.2598257670747929	0.27124299964517284	0.2860302461880398	0.27951471333012534	0.25229496859026035	0.23915645537869484	0.2822379676489004	0.2523889774302781	0.30965619383234266	0.2482527908219265	0.2532494145661043	0.30314267012563173	0.31297915294540984	0.3109632864966122	0.2941348411575799	0.28279873588480553	0.2714892503506702	0.29089182500547417	0.30413035236374314	0.29048381183606076	0.29022413559528515	0.2874588003618846	0.27120808887054204	0.2927261209311799	0.27211642555819515	0.2720874634102317	0.2893936072515131	0.25476234835311007	0.27753910570099316	0.29793216035018827	0.24166533391477935	0.3035382538721799	0.29082297867540646	0.2952658212925299	0.26143295168625125	0.23551323618390796	0.24709215074909424	0.3185912740699694	0.30628771915979874
f20ppA	0.35566008991914566	0.36507268351447403	0.19440187572135242	0.07157921159470582	0.03772319599935663	0.045841812792150154	0.016346918940491846	0.02028881676921304	0.0	0.038336027104771096	0.036903872099550955	0.04338545919061399	0.05542396444031856	0.03337377193403674	0.03587550029544013	0.05523354769689341	0.06925681658040836	0.041478778842838994	0.04077391237317276	0.03339011415137219	0.03884247502462597	0.03871790334025399	0.03758555952833573	0.12741827696949168	0.20258563981725242	0.24289608654571893	0.27811035196063244	0.29168353512091205	0.25428446790986	0.2512413415477786	0.25596474163548893	0.25206778605926716	0.2634850186296471	0.2782722651725141	0.2717567323145996	0.24453698757473463	0.2313984743631691	0.2744799866333747	0.2446309964147524	0.3018982128168169	0.24049480980640076	0.24549143355057856	0.295384689110106	0.3052211719298841	0.30320530548108643	0.28637686014205416	0.2750407548692798	0.26373126933514446	0.2831338439899484	0.2963723713482174	0.28272583082053504	0.28246615457975943	0.2797008193463589	0.26345010785501627	0.2849681399156542	0.2643584445426694	0.264329482394706	0.2816356262359873	0.24700436733758435	0.26978112468546744	0.29017417933466255	0.23390735289925363	0.29578027285665415	0.28306499765988075	0.28750784027700416	0.2536749706707255	0.22775525516838224	0.23933416973356852	0.3108332930544437	0.298529738144273
w26pp	0.3593258858279276	0.368738479423256	0.1980676716301344	0.07524500750348777	0.04138899190813858	0.0495076087009321	0.030596322712176362	0.046094008120296806	0.038336027104771096	0.0	0.025026391604256487	0.03150797869531952	0.0484419770028993	0.02639178449661748	0.034534369612983534	0.05389241701443682	0.06791568589795177	0.0401376481603824	0.039432781690716165	0.037055910060154136	0.042508270933407914	0.04238369924903594	0.04125135543711768	0.13108407287827362	0.20625143572603438	0.24656188245450086	0.28177614786941435	0.29534933102969396	0.25795026381864194	0.2549071374565606	0.2596305375442709	0.25573358196804913	0.26715081453842904	0.281938061081296	0.2754225282233816	0.2482027834835166	0.23506427027195104	0.2781457825421566	0.24829679232353435	0.30556400872559886	0.24416060571518272	0.2491572294593605	0.2990504850188879	0.30888696783866604	0.3068711013898684	0.29004265605083607	0.2787065507780617	0.2673970652439264	0.28679963989873036	0.30003816725699933	0.28639162672931695	0.2861319504885414	0.2833666152551408	0.26711590376379823	0.28863393582443614	0.26802424045145135	0.26799527830348796	0.2853014221447693	0.2506701632463663	0.27344692059424935	0.29383997524344446	0.23757314880803554	0.2994460687654361	0.28673079356866266	0.2911736361857861	0.25734076657950744	0.23142105107716418	0.24299996564235046	0.31449908896322565	0.302195534053055
w2pp	0.3578937308227075	0.36730632441803585	0.19663551662491424	0.07381285249826763	0.03995683690291844	0.04807545369571196	0.02916416770695622	0.04466185311507667	0.036903872099550955	0.025026391604256487	0.0	0.023604661140037602	0.047009821997679155	0.024959629491397337	0.033102214607763386	0.05246026200921668	0.06648353089273162	0.03870549315516225	0.03800062668549602	0.035623755054933995	0.04107611592818777	0.04095154424381579	0.03981920043189753	0.12965191787305347	0.20481928072081423	0.24512972744928072	0.2803439928641942	0.2939171760244738	0.2565181088134218	0.2534749824513404	0.25819838253905075	0.254301426962829	0.2657186595332089	0.28050590607607584	0.27399037321816144	0.24677062847829645	0.2336321152667309	0.27671362753693646	0.2468646373183142	0.3041318537203787	0.24272845070996257	0.24772507445414035	0.2976183300136678	0.3074548128334459	0.30543894638464825	0.2886105010456159	0.2772743957728416	0.2659649102387063	0.2853674848935102	0.2986060122517792	0.2849594717240968	0.28469979548332125	0.28193446024992064	0.2656837487585781	0.287201780819216	0.2665920854462312	0.2665631232982678	0.28386926713954913	0.24923800824114617	0.2720147655890292	0.2924078202382243	0.2361409938028154	0.29801391376021596	0.2852986385634425	0.289741481180566	0.2559086115742873	0.22998889607194403	0.24156781063713031	0.3130669339580055	0.30076337904783484
w16pp	0.36437531791377054	0.3737879115090989	0.2031171037159773	0.08029443958933066	0.04643842399398147	0.05455704078677499	0.03564575479801926	0.0511434402061397	0.04338545919061399	0.03150797869531952	0.023604661140037602	0.0	0.0534914090887422	0.03144121658246037	0.03958380169882643	0.058941849100279706	0.07296511798379467	0.045187080246225295	0.04448221377655906	0.04210534214599703	0.04755770301925081	0.047433131334878836	0.046300787522960574	0.13613350496411653	0.2113008678118773	0.2516113145403438	0.28682557995525726	0.3003987631155369	0.26299969590448485	0.2599565695424035	0.2646799696301138	0.26078301405389204	0.272200246624272	0.2869874931671389	0.2804719603092245	0.2532522155693595	0.24011370235779395	0.28319521462799957	0.25334622440937726	0.31061344081144177	0.24921003780102563	0.25420666154520344	0.30409991710473083	0.31393639992450895	0.3119205334757113	0.295092088136679	0.2837559828639047	0.27244649732976933	0.29184907198457327	0.30508759934284224	0.2914410588151599	0.2911813825743843	0.2884160473409837	0.27216533584964114	0.29368336791027905	0.27307367253729425	0.27304471038933087	0.2903508542306122	0.2557195953322092	0.2784963526800923	0.29888940732928737	0.24262258089387848	0.304495500851279	0.29178022565450557	0.29622306827162903	0.26239019866535035	0.23647048316300712	0.24804939772819337	0.31954852104906856	0.3072449661388979
w32pp	0.3764138231634751	0.38582641675880347	0.21515560896568187	0.09233294483903523	0.05847692924368604	0.06659554603647956	0.047684260047723824	0.06318194545584427	0.05542396444031856	0.0484419770028993	0.047009821997679155	0.0534914090887422	0.0	0.03367773407586967	0.051622306948531	0.07098035434998429	0.08500362323349923	0.05722558549592986	0.05652071902626363	0.0541438473957016	0.05959620826895538	0.059471636584583404	0.05833929277266514	0.1481720102138211	0.22333937306158186	0.26364981979004837	0.2988640852049619	0.31243726836524144	0.2750382011541894	0.27199507479210805	0.2767184748798184	0.2728215193035966	0.2842387518739765	0.2990259984168435	0.29251046555892907	0.2652907208190641	0.2521522076074985	0.2952337198777041	0.26538472965908183	0.32265194606114633	0.2612485430507302	0.266245166794908	0.31613842235443546	0.32597490517421357	0.32395903872541587	0.3071305933863836	0.2957944881136092	0.2844850025794739	0.30388757723427784	0.31712610459254686	0.3034795640648644	0.3032198878240889	0.3004545525906883	0.2842038410993457	0.3057218731599836	0.2851121777869988	0.28508321563903544	0.30238935948031676	0.2677581005819138	0.29053485792979683	0.310927912578992	0.25466108614358307	0.3165340061009836	0.3038187309042102	0.3082615735213336	0.2744287039150549	0.24850898841271168	0.26008790297789797	0.3315870262987731	0.31928347138860247
w11pp	0.35436363065719323	0.3637762242525216	0.19310541645940002	0.07028275233275341	0.03642673673740422	0.04454535353019774	0.025634067541442006	0.04113175294956245	0.03337377193403674	0.02639178449661748	0.024959629491397337	0.03144121658246037	0.03367773407586967	0.0	0.029572114442249175	0.048930161843702455	0.06295343072721742	0.035175392989648044	0.03447052651998181	0.03209365488941978	0.03754601576267356	0.037421444078301586	0.036289100266383316	0.12612181770753927	0.2012891805553	0.2415996272837665	0.27681389269868	0.2903870758589596	0.2529880086479076	0.2499448822858262	0.25466828237353656	0.25077132679731473	0.2621885593676947	0.27697580591056165	0.2704602730526472	0.24324052831278223	0.2301020151012167	0.27318352737142226	0.24333453715279998	0.3006017535548645	0.23919835054444835	0.24419497428862613	0.2940882298481536	0.3039247126679317	0.30190884621913405	0.2850804008801017	0.2737442956073274	0.262434810073192	0.281837384727996	0.295075912086265	0.2814293715585826	0.281169695317807	0.27840436008440644	0.2621536485930639	0.28367168065370174	0.263061985280717	0.26303302313275356	0.28033916697403494	0.24570790807563195	0.268484665423515	0.2888777200727101	0.2326108936373012	0.29448381359470177	0.2817685383979283	0.2862113810150517	0.2523785114087731	0.2264587959064298	0.2380377104716161	0.30953683379249125	0.2972332788823206
w17pp	0.3568653590185966	0.366277952613925	0.1956071448208034	0.0727844806941568	0.03892846509880761	0.04704708189160113	0.028135795902845394	0.04363348131096584	0.03587550029544013	0.034534369612983534	0.033102214607763386	0.03958380169882643	0.051622306948531	0.029572114442249175	0.0	0.03510601496046352	0.05621021653560142	0.028432178798032042	0.02772731232836581	0.03459538325082317	0.040047744124076946	0.039923172439704974	0.038790828627786704	0.12862354606894266	0.2037909089167034	0.24410135564516988	0.2793156210600834	0.292888804220363	0.255489737009311	0.2524466106472296	0.25717001073493995	0.2532730551587181	0.2646902877290981	0.27947753427196503	0.2729620014140506	0.24574225667418562	0.23260374346262008	0.27568525573282565	0.24583626551420337	0.3031034819162679	0.24170007890585174	0.24669670265002952	0.29658995820955697	0.3064264410293351	0.30441057458053744	0.2875821292415051	0.27624602396873077	0.2649365384345954	0.2843391130893994	0.2975776404476684	0.283931099919986	0.2836714236792104	0.28090608844580983	0.2646553769544673	0.28617340901510513	0.2655637136421204	0.26553475149415695	0.2828408953354383	0.24820963643703534	0.2709863937849184	0.2913794484341135	0.23511262199870459	0.29698554195610516	0.2842702667593317	0.2887131093764551	0.2548802397701765	0.2289605242678332	0.24053943883301948	0.31203856215389464	0.299735007243724
w21pp	0.3762234064200499	0.3856360000153783	0.21496519222225668	0.09214252809561008	0.058286512500260894	0.06640512929305442	0.04749384330429868	0.06299152871241913	0.05523354769689341	0.05389241701443682	0.05246026200921668	0.058941849100279706	0.07098035434998429	0.048930161843702455	0.03510601496046352	0.0	0.0755682639370547	0.04779022619948532	0.04708535972981909	0.05395343065227645	0.05940579152553023	0.05928121984115825	0.058148876029239994	0.14798159347039594	0.22314895631815668	0.2634594030466232	0.2986736684615367	0.3122468516218163	0.2748477844107643	0.2718046580486829	0.27652805813639325	0.2726311025601714	0.2840483351305514	0.29883558167341834	0.2923200488155039	0.2651003040756389	0.2519617908640734	0.29504330313427896	0.26519431291565665	0.3224615293177212	0.26105812630730507	0.2660547500514828	0.3159480056110103	0.3257844884307884	0.32376862198199075	0.3069401766429584	0.2956040713701841	0.2842945858360487	0.3036971604908527	0.3169356878491217	0.3032891473214393	0.3030294710806637	0.30026413584726314	0.2840134243559206	0.30553145641655843	0.2849217610435737	0.28489279889561026	0.30219894273689163	0.2675676838384886	0.2903444411863717	0.3107374958355668	0.2544706694001579	0.31634358935755846	0.303628314160785	0.3080711567779084	0.2742382871716298	0.2483185716692865	0.2598974862344728	0.33139660955534794	0.3190930546451773
31749	0.39024667530356494	0.3996592688988933	0.22898846110577165	0.10616579697912504	0.07230978138377585	0.08042839817656937	0.06151711218781363	0.07701479759593408	0.06925681658040836	0.06791568589795177	0.06648353089273162	0.07296511798379467	0.08500362323349923	0.06295343072721742	0.05621021653560142	0.0755682639370547	0.0	0.05482534249227091	0.05412047602260468	0.0679766995357914	0.07342906040904518	0.07330448872467321	0.07217214491275493	0.1620048623539109	0.23717222520167164	0.27748267193013815	0.31269693734505166	0.3262701205053313	0.2888710532942792	0.28582792693219783	0.29055132701990816	0.28665437144368644	0.29807160401406635	0.3128588505569333	0.3063433176990189	0.2791235729591539	0.26598505974758835	0.3090665720177939	0.27921758179917167	0.3364847982012361	0.27508139519082	0.2800780189349978	0.32997127449452524	0.33980775731430335	0.33779189086550565	0.3209634455264734	0.30962734025369903	0.29831785471956374	0.3177204293743676	0.33095895673263664	0.31731241620495426	0.3170527399641787	0.3142874047307781	0.2980366932394355	0.31955472530007345	0.2989450299270886	0.29891606777912527	0.31622221162040653	0.28159095272200363	0.30436771006988667	0.3247607647190818	0.26849393828367285	0.33036685824107337	0.31765158304429997	0.32209442566142343	0.2882615560551447	0.26234184055280146	0.27392075511798775	0.34541987843886296	0.3331163235286923
w19pp	0.36246863756599557	0.37188123116132393	0.20121042336820227	0.07838775924155567	0.044531743646206476	0.052650360438999996	0.03373907445024426	0.049236759858364704	0.041478778842838994	0.0401376481603824	0.03870549315516225	0.045187080246225295	0.05722558549592986	0.035175392989648044	0.028432178798032042	0.04779022619948532	0.05482534249227091	0.0	0.020588920504203172	0.040198661798222034	0.04565102267147581	0.04552645098710384	0.044394107175185576	0.13422682461634153	0.20939418746410227	0.24970463419256878	0.2849188996074823	0.2984920827677619	0.26109301555670983	0.25804988919462846	0.2627732892823388	0.25887633370611707	0.270293566276497	0.2850808128193639	0.27856527996144953	0.25134553522158454	0.23820702201001898	0.28128853428022454	0.2514395440616023	0.30870676046366674	0.24730335745325063	0.2522999811974284	0.30219323675695586	0.312029719576734	0.3100138531279363	0.293185407788904	0.28184930251612966	0.27053981698199436	0.28994239163679825	0.3031809189950673	0.2895343784673849	0.28927470222660934	0.2865093669932087	0.2702586555018661	0.2917766875625041	0.27116699218951923	0.2711380300415559	0.28844417388283716	0.25381291498443426	0.2765896723323173	0.2969827269815124	0.24071590054610348	0.302588820503504	0.2898735453067306	0.29431638792385406	0.2604835183175753	0.2345638028152321	0.24614271738041837	0.3176418407012936	0.30533828579112293
f2pp	0.3617637710963293	0.37117636469165766	0.20050555689853605	0.07768289277188943	0.04382687717654024	0.05194549396933376	0.033034207980578024	0.04853189338869847	0.04077391237317276	0.039432781690716165	0.03800062668549602	0.04448221377655906	0.05652071902626363	0.03447052651998181	0.02772731232836581	0.04708535972981909	0.05412047602260468	0.020588920504203172	0.0	0.0394937953285558	0.04494615620180958	0.044821584517437604	0.04368924070551934	0.13352195814667528	0.20868932099443604	0.24899976772290255	0.284214033137816	0.2977872162980957	0.2603881490870436	0.25734502272496224	0.26206842281267256	0.2581714672364508	0.26958869980683076	0.28437594634969765	0.27786041349178325	0.25064066875191826	0.2375021555403527	0.2805836678105583	0.250734677591936	0.3080018939940005	0.24659849098358438	0.2515951147277622	0.3014883702872896	0.3113248531070677	0.30930898665827006	0.29248054131923773	0.28114443604646344	0.2698349505123281	0.289237525167132	0.302476052525401	0.28882951199771867	0.28856983575694306	0.28580450052354245	0.2695537890321999	0.2910718210928378	0.270462125719853	0.2704331635718896	0.28773930741317094	0.253108048514768	0.2758848058626511	0.2962778605118461	0.24001103407643723	0.3018839540338378	0.2891686788370643	0.2936115214541878	0.2597786518479091	0.23385893634556587	0.24543785091075213	0.3169369742316273	0.30463341932145666
w18pp	0.34512329619015647	0.35453588978548484	0.18386508199236323	0.06104241786571662	0.027186402270367428	0.03530501906316095	0.025650409758777457	0.0411480951668979	0.03339011415137219	0.037055910060154136	0.035623755054933995	0.04210534214599703	0.0541438473957016	0.03209365488941978	0.03459538325082317	0.05395343065227645	0.0679766995357914	0.040198661798222034	0.0394937953285558	0.0	0.019292444388818993	0.025824982519376642	0.027048765799346522	0.11688148324050247	0.19204884608826323	0.2323592928167297	0.2675735582316432	0.2811467413919228	0.2437476741808708	0.24070454781878942	0.24542794790649974	0.24153099233027797	0.2529482249006579	0.26773547144352483	0.26121993858561043	0.23400019384574544	0.22086168063417988	0.26394319290438545	0.2340942026857632	0.2913614190878277	0.22995801607741156	0.23495463982158935	0.28484789538111677	0.2946843782008949	0.29266851175209724	0.2758400664130649	0.26450396114029057	0.25319447560615527	0.2725970502609592	0.2858355776192282	0.2721890370915458	0.27192936085077024	0.26916402561736963	0.2529133141260271	0.274431346186665	0.2538216508136802	0.2537926886657168	0.2710988325069981	0.23646757360859516	0.2592443309564782	0.2796373856056733	0.22337055917026438	0.28524347912766496	0.2725282039308915	0.27697104654801497	0.24313817694173628	0.21721846143939302	0.2287973760045793	0.3002964993254545	0.28799294441528384
f7pp	0.35057565706341026	0.35998825065873863	0.18931744286561702	0.06649477873897039	0.032638763143621206	0.04075737993641473	0.031102770632031235	0.046600456040151686	0.03884247502462597	0.042508270933407914	0.04107611592818777	0.04755770301925081	0.05959620826895538	0.03754601576267356	0.040047744124076946	0.05940579152553023	0.07342906040904518	0.04565102267147581	0.04494615620180958	0.019292444388818993	0.0	0.03127734339263042	0.0325011266726003	0.12233384411375625	0.19750120696151702	0.2378116536899835	0.273025919104897	0.2865991022651766	0.24920003505412458	0.2461569086920432	0.25088030877975354	0.24698335320353176	0.2584005857739117	0.2731878323167786	0.2666722994588642	0.23945255471899923	0.22631404150743367	0.26939555377763924	0.239546563559017	0.2968137799610815	0.23541037695066536	0.24040700069484314	0.29030025625437056	0.3001367390741487	0.29812087262535103	0.2812924272863187	0.26995632201354436	0.25864683647940906	0.278049411134213	0.29128793849248197	0.2776413979647996	0.27738172172402403	0.2746163864906234	0.25836567499928087	0.2798837070599188	0.259274011686934	0.2592450495389706	0.2765511933802519	0.24191993448184895	0.264696691829732	0.2850897464789271	0.22882292004351817	0.29069584000091875	0.2779805648041453	0.28242340742126876	0.24859053781499008	0.22267082231264682	0.2342497368778331	0.3057488601987083	0.29344530528853763
f8pp	0.35045108537903824	0.3598636789743666	0.189192871181245	0.06637020705459842	0.032514191459249234	0.040632808252042754	0.03097819894765926	0.046475884355779706	0.03871790334025399	0.04238369924903594	0.04095154424381579	0.047433131334878836	0.059471636584583404	0.037421444078301586	0.039923172439704974	0.05928121984115825	0.07330448872467321	0.04552645098710384	0.044821584517437604	0.025824982519376642	0.03127734339263042	0.0	0.03237655498822833	0.12220927242938427	0.197376635277145	0.2376870820056115	0.272901347420525	0.28647453058080463	0.24907546336975256	0.2460323370076712	0.2507557370953815	0.24685878151915974	0.2582760140895397	0.27306326063240666	0.2665477277744922	0.2393279830346272	0.22618946982306168	0.2692709820932673	0.23942199187464497	0.29668920827670947	0.23528580526629334	0.24028242901047114	0.2901756845699986	0.3000121673897767	0.297996300940979	0.28116785560194674	0.2698317503291724	0.25852226479503704	0.277924839449841	0.29116336680811	0.2775168262804276	0.277257150039652	0.27449181480625146	0.25824110331490885	0.27975913537554675	0.25914944000256196	0.2591204778545986	0.2764266216958799	0.24179536279747693	0.26457212014536	0.28496517479455513	0.2286983483591462	0.2905712683165467	0.2778559931197733	0.28229883573689674	0.24846596613061805	0.22254625062827482	0.2341251651934611	0.30562428851433626	0.2933207336041656
f14ppB	0.33663379466263926	0.34604638825796763	0.17537558046484603	0.05255291633819943	0.02615101036691992	0.03426962715971344	0.029845855135740992	0.045343540543861444	0.03758555952833573	0.04125135543711768	0.03981920043189753	0.046300787522960574	0.05833929277266514	0.036289100266383316	0.038790828627786704	0.058148876029239994	0.07217214491275493	0.044394107175185576	0.04368924070551934	0.027048765799346522	0.0325011266726003	0.03237655498822833	0.0	0.10839198171298528	0.18355934456074602	0.22386979128921253	0.25908405670412604	0.27265723986440565	0.23525817265335358	0.2322150462912722	0.23693844637898254	0.23304149080276076	0.24445872337314073	0.2592459699160077	0.2527304370580932	0.22551069231822823	0.2123721791066627	0.2554536913768683	0.225604701158246	0.2828719175603105	0.22146851454989436	0.22646513829407217	0.2763583938535996	0.28619487667337773	0.28417901022458003	0.26735056488554776	0.2560144596127734	0.24470497407863806	0.264107548733442	0.277346076091711	0.26369953556402864	0.26343985932325303	0.2606745240898525	0.24442381259850987	0.2659418446591478	0.24533214928616298	0.2453031871381996	0.2626093309794809	0.22797807208107795	0.25075482942896105	0.27114788407815615	0.21488105764274723	0.27675397760014775	0.26403870240337435	0.26848154502049776	0.23464867541421908	0.20872895991187584	0.22030787447706213	0.2918069977979373	0.27950344288776663
530364	0.37156202017863593	0.3809746137739643	0.2103038059808427	0.1286764375262728	0.11598372780807586	0.12410234460086939	0.11967857257689694	0.1351762579850174	0.12741827696949168	0.13108407287827362	0.12965191787305347	0.13613350496411653	0.1481720102138211	0.12612181770753927	0.12862354606894266	0.14798159347039594	0.1620048623539109	0.13422682461634153	0.13352195814667528	0.11688148324050247	0.12233384411375625	0.12220927242938427	0.10839198171298528	0.0	0.2184875700767427	0.2587980168052092	0.29401228222012266	0.3075854653804023	0.27018639816935025	0.2671432718072689	0.2718666718949792	0.26796971631875743	0.2793869488891374	0.2941741954320043	0.2876586625740899	0.2604389178342249	0.24730040462265934	0.29038191689286497	0.26053292667424266	0.31780014307630716	0.256396740065891	0.26139336381006884	0.31128661936959623	0.32112310218937434	0.3191072357405767	0.3022787904015444	0.2909426851287701	0.27963319959463473	0.29903577424943867	0.31227430160770764	0.2986277610800253	0.2983680848392497	0.2956027496058491	0.27935203811450654	0.30087007017514444	0.28026037480215965	0.28023141265419627	0.2975375564954776	0.2629062975970746	0.2856830549449577	0.30607610959415277	0.24980928315874387	0.3116822031161444	0.29896692791937096	0.3034097705364944	0.26957690093021575	0.2436571854278725	0.25523609999305874	0.32673522331393395	0.3144316684037633
31416	0.37167072303044935	0.3810833166257777	0.2104125088326561	0.20384380037403355	0.19115109065583663	0.19926970744863015	0.19484593542465767	0.21034362083277813	0.20258563981725242	0.20625143572603438	0.20481928072081423	0.2113008678118773	0.22333937306158186	0.2012891805553	0.2037909089167034	0.22314895631815668	0.23717222520167164	0.20939418746410227	0.20868932099443604	0.19204884608826323	0.19750120696151702	0.197376635277145	0.18355934456074602	0.2184875700767427	0.0	0.2589067196570226	0.29412098507193607	0.30769416823221574	0.27029510102116366	0.2672519746590823	0.2719753747467926	0.26807841917057085	0.2794956517409508	0.2942828982838177	0.2877673654259033	0.2605476206860383	0.24740910747447276	0.2904906197446784	0.2606416295260561	0.3179088459281206	0.25650544291770444	0.26150206666188225	0.31139532222140964	0.32123180504118776	0.3192159385923901	0.3023874932533578	0.2910513879805835	0.27974190244644814	0.2991444771012521	0.31238300445952105	0.2987364639318387	0.2984767876910631	0.2957114524576625	0.27946074096631995	0.30097877302695786	0.28036907765397306	0.2803401155060097	0.297646259347291	0.26301500044888804	0.28579175779677113	0.3061848124459662	0.24991798601055729	0.31179090596795783	0.2990756307711844	0.30351847338830784	0.26968560378202916	0.24376588827968593	0.25534480284487215	0.32684392616574737	0.3145403712555767
31232	0.35656651886818796	0.36597911246351633	0.20818597782117343	0.24415424710250005	0.2314615373843031	0.23958015417709663	0.23515638215312418	0.25065406756124464	0.24289608654571893	0.24656188245450086	0.24512972744928072	0.2516113145403438	0.26364981979004837	0.2415996272837665	0.24410135564516988	0.2634594030466232	0.27748267193013815	0.24970463419256878	0.24899976772290255	0.2323592928167297	0.2378116536899835	0.2376870820056115	0.22386979128921253	0.2587980168052092	0.2589067196570226	0.0	0.25949793740206395	0.27307112056234356	0.23567205335129154	0.23262892698921017	0.2373523270769205	0.23345537150069873	0.24487260407107864	0.2596598506139456	0.2531443177560312	0.2259245730161662	0.21278605980460064	0.2558675720748062	0.22601858185618395	0.28328579825824846	0.22188239524783232	0.2268790189920101	0.2767722745515375	0.28660875737131564	0.284592890922518	0.26776444558348567	0.2564283403107113	0.24511885477657602	0.26452142943137996	0.27775995678964893	0.26411341626196655	0.263853740021191	0.2610884047877904	0.24483769329644783	0.26635572535708574	0.24574602998410094	0.24571706783613756	0.2630232116774189	0.22839195277901592	0.25116871012689895	0.27156176477609406	0.21529493834068514	0.2771678582980857	0.26445258310131226	0.2688954257184357	0.23506255611215704	0.20914284060981378	0.2402405986826108	0.311739722003486	0.29943616709331533
F8H1	0.3917807842831015	0.40119337787842985	0.24340024323608694	0.27936851251741357	0.2666758027992166	0.2747944195920101	0.2703706475680377	0.28586833297615816	0.27811035196063244	0.28177614786941435	0.2803439928641942	0.28682557995525726	0.2988640852049619	0.27681389269868	0.2793156210600834	0.2986736684615367	0.31269693734505166	0.2849188996074823	0.284214033137816	0.2675735582316432	0.273025919104897	0.272901347420525	0.25908405670412604	0.29401228222012266	0.29412098507193607	0.25949793740206395	0.0	0.22573133376074667	0.18833226654969462	0.18528914018761328	0.19001254027532358	0.20427958961582712	0.21569682218620706	0.230484068729074	0.2239685358711596	0.19674879113129462	0.2049208946615519	0.24800240693175746	0.21815341671313518	0.2754206331151997	0.21401723010478355	0.21901385384896133	0.2689071094084888	0.2787435922282669	0.27672772577946925	0.2598992804404369	0.24856317516766258	0.23725368963352725	0.2566562642883312	0.2698947916466002	0.2562482511189178	0.2559885748781422	0.25322323964474164	0.23697252815339903	0.25849056021403694	0.23788086484105214	0.23785190269308876	0.25515804653437013	0.22052678763596714	0.2433035449838502	0.2636965996330453	0.2074297731976364	0.26930269315503697	0.2565874179582635	0.2610302605753869	0.2271973909691083	0.21932029825427785	0.2754548640975243	0.3469539874183995	0.33465043250822885
31333	0.40535396744338104	0.4147665610387094	0.25697342639636656	0.2929416956776931	0.2802489859594962	0.28836760275228973	0.2839438307283173	0.29944151613643777	0.29168353512091205	0.29534933102969396	0.2939171760244738	0.3003987631155369	0.31243726836524144	0.2903870758589596	0.292888804220363	0.3122468516218163	0.3262701205053313	0.2984920827677619	0.2977872162980957	0.2811467413919228	0.2865991022651766	0.28647453058080463	0.27265723986440565	0.3075854653804023	0.30769416823221574	0.27307112056234356	0.22573133376074667	0.0	0.17313462021029455	0.1700914938482132	0.1748148939359235	0.21785277277610673	0.22927000534648667	0.24405725188935362	0.23754171903143922	0.21032197429157423	0.2184940778218315	0.26157559009203707	0.2317265998734148	0.28899381627547926	0.22759041326506316	0.23258703700924094	0.2824802925687684	0.2923167753885465	0.2903009089397488	0.27347246360071653	0.2621363583279422	0.2508268727938069	0.27022944744861077	0.2834679748068798	0.2698214342791974	0.26956175803842186	0.26679642280502125	0.25054571131367864	0.2720637433743166	0.25145404800133175	0.25142508585336837	0.2687312296946497	0.23409997079624675	0.2568767281441298	0.2772697827933249	0.221002956357916	0.2828758763153165	0.2701606011185431	0.2746034437356666	0.2407705741293879	0.23289348141455746	0.2890280472578039	0.36052717057867906	0.3482236156685084
531424	0.367954900232329	0.3773674938276574	0.2195743591853145	0.2555426284666411	0.2428499187484442	0.2509685355412377	0.24654476351726523	0.26204244892538575	0.25428446790986	0.25795026381864194	0.2565181088134218	0.26299969590448485	0.2750382011541894	0.2529880086479076	0.255489737009311	0.2748477844107643	0.2888710532942792	0.26109301555670983	0.2603881490870436	0.2437476741808708	0.24920003505412458	0.24907546336975256	0.23525817265335358	0.27018639816935025	0.27029510102116366	0.23567205335129154	0.18833226654969462	0.17313462021029455	0.0	0.11552905071339949	0.1202524508011098	0.1804537055650547	0.19187093813543465	0.2066581846783016	0.20014265182038715	0.17292290708052216	0.18109501061077943	0.22417652288098502	0.19432753266236275	0.25159474906442725	0.1901913460540111	0.19518796979818892	0.24508122535771634	0.2549177081774945	0.2529018417286968	0.23607339638966449	0.22473729111689017	0.21342780558275481	0.23283038023755875	0.24606890759582775	0.23242236706814537	0.2321626908273698	0.2293973555939692	0.21314664410262663	0.23466467616326453	0.21405498079027974	0.21402601864231635	0.23133216248359767	0.1967009035851947	0.21947766093307777	0.23987071558227288	0.18360388914686396	0.2454768091042645	0.23276153390749107	0.2372043765246145	0.20337150691833583	0.19549441420350544	0.2516289800467518	0.32312810336762704	0.3108245484574564
