	31379	530295	31333	F3H1	S14Hp	31766	S1Hp	31129	530364	S27H1	530052	530215	530055	31711	31750	31714	530444	530258	31600	31700	31112	S15Hp	S4Hp	S26Hp	S3Hp	S10H1	530050	31452	S21H1	530154	31236	530177	530394	31160	31267	31537	31071	S25Hp	31343	530331	31360	S19H1	31512	S17H1	S28Hp	530074	31749	530167	530315	530251	s24H1	531414	530119	31723	530368	31428	530227	S8Hp	31557	31219	F22H1A	31416	31009	31021	31300	31328	530163	31637	F14H1B	31519
31379	0.0	0.07016970159385194	0.22889156836533014	0.3104338216986345	0.2771418114856957	0.3272544520438056	0.2978445272002585	0.29649233819526866	0.31881419817787904	0.2753044219029021	0.3553853014044292	0.2594689574776972	0.30147807099956386	0.32313431312109087	0.2548307615204889	0.3335234884018064	0.2318407514231297	0.2976035942363098	0.2838263953179651	0.2562337057544637	0.37868999472091336	0.36230528392919104	0.2562363445817102	0.33628194828262226	0.34692211955865415	0.31048693269119926	0.3168411867049251	0.35293073734758174	0.3430667686060549	0.39784236291678926	0.36789513249882033	0.3570331523385852	0.32087933748317105	0.3388340813143056	0.26269921392172707	0.36528483935684264	0.24331573353960623	0.28105519419306946	0.38982567529381873	0.36111971114398295	0.3739208996130616	0.3275746463429255	0.3682867779660606	0.38800135793109297	0.4114631890982888	0.30773282303047245	0.3068893662334701	0.3049685338331255	0.34040112960535135	0.39758352711054606	0.3894151613974308	0.40341519366273937	0.4124675037847623	0.4101167589899079	0.35836167158223686	0.41970775431360213	0.3858787823034864	0.37726867925030205	0.3903976869943124	0.2839698817391464	0.3994910903572936	0.4194579464601064	0.28745125689334117	0.3455025558579635	0.2788929934663698	0.2898379542884947	0.3246410401059816	0.39313584301763427	0.25660841518678623	0.27169321930783963
530295	0.07016970159385194	0.0	0.23884517163539298	0.3203874249686973	0.28709541475575856	0.33720805531386844	0.30779813047032134	0.3064459414653315	0.3287678014479419	0.28525802517296495	0.36533890467449204	0.26942256074776005	0.3114316742696267	0.33308791639115365	0.2647843647905517	0.34347709167186924	0.24179435469319255	0.30755719750637267	0.29377999858802795	0.2661873090245266	0.38864359799097614	0.37225888719925393	0.2661899478517731	0.34623555155268504	0.356875722828717	0.3204405359612621	0.326794789974988	0.36288434061764463	0.35302037187611773	0.4077959661868521	0.37784873576888317	0.366986755608648	0.3308329407532339	0.3487876845843684	0.2726528171917899	0.37523844262690553	0.25326933680966907	0.29100879746313224	0.39977927856388157	0.3710733144140458	0.3838745028831244	0.33752824961298833	0.37824038123612347	0.3979549612011558	0.4214167923683516	0.3176864263005353	0.31684296950353286	0.3149221371031884	0.3503547328754142	0.4075371303806089	0.39936876466749366	0.4133687969328022	0.42242110705482516	0.42007036225997074	0.36831527485229976	0.42966135758366497	0.3958323855735492	0.3872222825203649	0.4003512902643752	0.29392348500920923	0.4094446936273564	0.42941154973016926	0.29740486016340406	0.35545615912802636	0.28884659673643265	0.29979155755855746	0.33459464337604444	0.4030894462876971	0.266562018456849	0.28164682257790247
31333	0.22889156836533014	0.23884517163539298	0.0	0.19909218954339797	0.1658001793304592	0.21591281988856909	0.186502895045022	0.1851507060400321	0.20747256602264247	0.1639627897476656	0.24404366924919263	0.1481273253224607	0.20735624775534922	0.2290124898768762	0.16070893827627422	0.26429834656978557	0.16261560959110888	0.22837845240428897	0.21460125348594428	0.18700856392244292	0.30946485288889247	0.29308014209717026	0.1870112027496894	0.26705680645060137	0.2776969777266333	0.24126179085917843	0.2476160448729043	0.28370559551556096	0.27384162677403406	0.32861722108476843	0.2986699906667995	0.28780801050656435	0.2516541956511502	0.2696089394822847	0.19347407208970624	0.29605969752482186	0.1740905917075854	0.2118300523610486	0.3206005334617979	0.2918945693119621	0.30469575778104074	0.25834950451090466	0.2990616361340398	0.31877621609907214	0.34223804726626794	0.23850768119845162	0.23766422440144921	0.2357433920011047	0.2711759877733305	0.32835838527852523	0.32019001956541004	0.33419005183071854	0.3432423619527415	0.3408916171578871	0.2891365297502161	0.3504826124815813	0.31665364047146555	0.3080435374182812	0.32117254516229155	0.21474473990712556	0.33026594852527275	0.3502328046280856	0.21822611506132036	0.2762774140259427	0.20966785163434898	0.22061281245647382	0.2554158982739608	0.3239107011856135	0.1873832733547654	0.24082047668897683
F3H1	0.3104338216986345	0.3203874249686973	0.19909218954339797	0.0	0.14579786665938646	0.25705824153994505	0.22764831669639796	0.25429359002312524	0.2766154500057356	0.23310567373075874	0.31318655323228584	0.21727020930555385	0.28889850108865356	0.3105547432101805	0.24225119160957856	0.3458405999030899	0.24415786292441322	0.30992070573759334	0.2961435068192486	0.26855081725574725	0.3910071062221968	0.3746223954304746	0.26855345608299375	0.3485990597839057	0.35923923105993766	0.32280404419248276	0.3291582982062087	0.3652478488488653	0.3553838801073384	0.41015947441807277	0.38021224400010384	0.3693502638398687	0.33319644898445455	0.35115119281558904	0.2750163254230106	0.3776019508581262	0.25563284504088973	0.2933723056943529	0.40214278679510224	0.37343682264526645	0.3862380111143451	0.339891757844209	0.38060388946734414	0.4003184694323765	0.4237803005995723	0.32004993453175595	0.3192064777347535	0.31728564533440906	0.35271824110663486	0.40990063861182957	0.4017322728987144	0.4157323051640229	0.42478461528604583	0.4224338704911914	0.3706787830835204	0.43202486581488564	0.3981958938047699	0.38958579075158556	0.4027147984955959	0.2962869932404299	0.4118082018585771	0.43177505796138993	0.29976836839462473	0.35781966735924703	0.2912101049676533	0.30215506578977813	0.3369581516072651	0.40545295451891783	0.26892552668806974	0.32236273002228116
S14Hp	0.2771418114856957	0.28709541475575856	0.1658001793304592	0.14579786665938646	0.0	0.2237662313270063	0.1943563064834592	0.22100157981018653	0.24332343979279691	0.19981366351781998	0.2798945430193471	0.1839781990926151	0.2556064908757148	0.2772627329972418	0.20895918139663983	0.31254858969015115	0.21086585271147446	0.2766286955246545	0.26285149660630985	0.2352588070428085	0.3577150960092581	0.3413303852175358	0.23526144587005499	0.315307049570967	0.3259472208469989	0.289512033979544	0.29586628799326986	0.3319558386359265	0.32209186989439964	0.376867464205134	0.3469202337871651	0.3360582536269299	0.2999044387715158	0.31785918260265034	0.24172431521007182	0.3443099406451874	0.22234083482795097	0.2600802954814142	0.3688507765821635	0.3401448124323277	0.3529460009014063	0.30659974763127024	0.3473118792544053	0.3670264592194378	0.3904882903866335	0.2867579243188172	0.2859144675218148	0.28399363512147024	0.3194262308936961	0.37660862839889087	0.36844026268577557	0.3824402949510841	0.39149260507310707	0.38914186027825265	0.3373867728705816	0.3987328556019469	0.3649038835918311	0.3562937805386468	0.3694227882826572	0.26299498302749114	0.3785161916456383	0.39848304774845117	0.2664763581816859	0.32452765714630827	0.25791809475471456	0.2688630555768394	0.30366614139432635	0.372160944305979	0.23563351647513098	0.2890707198093424
31766	0.3272544520438056	0.33720805531386844	0.21591281988856909	0.25705824153994505	0.2237662313270063	0.0	0.22681643672607488	0.27111422036829635	0.29343608035090674	0.24992630407592986	0.33000718357745695	0.23409083965072497	0.3057191314338247	0.3273753735553516	0.25907182195474965	0.362661230248261	0.26097849326958433	0.32674133608276446	0.31296413716441973	0.28537144760091837	0.4078277365673679	0.3914430257756457	0.28537408642816486	0.3654196901290768	0.3760598614051088	0.3396246745376539	0.3459789285513798	0.3820684791940364	0.3722045104525095	0.4269801047632439	0.39703287434527496	0.3861708941850398	0.35001707932962567	0.36797182316076016	0.2918369557681817	0.3944225812032973	0.27245347538606085	0.310192936039524	0.41896341714027335	0.39025745299043757	0.4030586414595162	0.3567123881893801	0.39742451981251525	0.4171390997775476	0.4406009309447434	0.33687056487692707	0.33602710807992464	0.3341062756795802	0.369538871451806	0.4267212689570007	0.4185529032438855	0.432552935509194	0.44160524563121695	0.4392545008363625	0.38749941342869154	0.44884549616005676	0.415016524149941	0.4064064210967567	0.419535428840767	0.313107623585601	0.4286288322037482	0.44859568830656105	0.31658899873979585	0.37464029770441815	0.30803073531282443	0.31897569613494925	0.3537787819524362	0.42227358486408895	0.28574615703324086	0.3391833603674523
S1Hp	0.2978445272002585	0.30779813047032134	0.186502895045022	0.22764831669639796	0.1943563064834592	0.22681643672607488	0.0	0.2417042955247493	0.2640261555073597	0.22051637923238276	0.30059725873390986	0.20468091480717787	0.2763092065902776	0.2979654487118045	0.22966189711120258	0.3332513054047139	0.23156856842603724	0.29733141123921736	0.28355421232087263	0.2559615227573713	0.37841781172382083	0.3620331009320986	0.25596416158461777	0.3360097652855297	0.3466499365615617	0.3102147496941068	0.3165690037078327	0.3526585543504893	0.3427945856089624	0.3975701799196968	0.36762294950172786	0.3567609693414927	0.32060715448607857	0.33856189831721306	0.2624270309246346	0.3650126563597502	0.24304355054251375	0.28078301119597693	0.38955349229672626	0.3608475281468905	0.3736487166159691	0.327302463345833	0.36801459496896816	0.3877291749340005	0.4111910061011963	0.30746064003338	0.30661718323637754	0.3046963508360331	0.3401289466082589	0.3973113441134536	0.3891429784003384	0.4031430106656469	0.41219532078766985	0.40984457599281543	0.35808948858514444	0.41943557131650966	0.3856065993063939	0.3769964962532096	0.3901255039972199	0.2836976987420539	0.3992189073602011	0.41918576346301395	0.28717907389624875	0.34523037286087105	0.27862081046927734	0.28956577129140215	0.32436885710888913	0.39286366002054185	0.25633623218969376	0.3097734355239052
31129	0.29649233819526866	0.3064459414653315	0.1851507060400321	0.25429359002312524	0.22100157981018653	0.27111422036829635	0.2417042955247493	0.0	0.08955541413517358	0.07989394360514591	0.23843815620059938	0.14252181227386745	0.27495701758528773	0.29661325970681474	0.22830970810621273	0.3318991163997241	0.2302163794210474	0.29597922223422746	0.2822020233158828	0.25460933375238143	0.37706562271883104	0.3606809119271087	0.2546119725796279	0.33465757628053994	0.34529774755657183	0.30886256068911694	0.3152168147028428	0.3513063653454994	0.3414423966039726	0.39621799091470694	0.366270760496738	0.35540878033650286	0.3192549654810887	0.33720970931222327	0.26107484191964475	0.3636604673547603	0.2416913615375239	0.27943082219098714	0.3882013032917364	0.3594953391419006	0.37229652761097926	0.32595027434084317	0.36666240596397826	0.3863769859290107	0.40983881709620645	0.3061084510283901	0.30526499423138775	0.3033441618310432	0.33877675760326903	0.3959591551084638	0.3877907893953485	0.40179082166065705	0.41084313178268	0.4084923869878256	0.35673729958015454	0.4180833823115198	0.38425441030140406	0.37564430724821973	0.3887733149922301	0.28234550973706407	0.39786671835521126	0.4178335744580241	0.28582688489125885	0.3438781838558812	0.2772686214642875	0.28821358228641236	0.3230166681038993	0.39151147101555195	0.2549840431847039	0.30842124651891534
530364	0.31881419817787904	0.3287678014479419	0.20747256602264247	0.2766154500057356	0.24332343979279691	0.29343608035090674	0.2640261555073597	0.08955541413517358	0.0	0.1022158035877563	0.26076001618320976	0.16484367225647784	0.2972788775678981	0.3189351196894251	0.25063156808882314	0.35422097638233446	0.25253823940365777	0.31830108221683784	0.30452388329849317	0.2769311937349918	0.3993874827014414	0.3830027719097191	0.2769338325622383	0.3569794362631503	0.3676196075391822	0.3311844206717273	0.3375386746854532	0.3736282253281098	0.36376425658658296	0.4185398508973173	0.3885926204793484	0.37773064031911324	0.3415768254636991	0.35953156929483365	0.28339670190225513	0.3859823273373707	0.2640132215201343	0.3017526821735975	0.4105231632743468	0.381817199124511	0.39461838759358964	0.34827213432345355	0.38898426594658864	0.4086988459116211	0.43216067707881684	0.3284303110110005	0.32758685421399814	0.32566602181365356	0.3610986175858794	0.4182810150910742	0.4101126493779589	0.42411268164326743	0.4331649917652904	0.43081424697043597	0.3790591595627649	0.4404052422941302	0.40657627028401444	0.3979661672308301	0.4110951749748405	0.30466736971967445	0.42018857833782164	0.4401554344406345	0.30814874487386923	0.3662000438384916	0.29959048144689787	0.31053544226902274	0.34533852808650967	0.41383333099816233	0.2773059031673143	0.3307431065015257
S27H1	0.2753044219029021	0.28525802517296495	0.1639627897476656	0.23310567373075874	0.19981366351781998	0.24992630407592986	0.22051637923238276	0.07989394360514591	0.1022158035877563	0.0	0.21725023990823286	0.12133389598150092	0.2537691012929212	0.2754253434144482	0.2071217918138462	0.31071120010735753	0.20902846312868084	0.27479130594186096	0.26101410702351624	0.23342141746001488	0.35587770642646444	0.3394929956347422	0.23342405628726137	0.31346965998817333	0.3241098312642053	0.2876746443967504	0.2940288984104763	0.3301184490531329	0.320254480311606	0.3750300746223404	0.34508284420437146	0.3342208640441363	0.2980670491887222	0.31602179301985667	0.2398869256272782	0.3424725510623938	0.22050344524515736	0.25824290589862053	0.36701338699936986	0.3383074228495341	0.3511086113186127	0.3047623580484766	0.34547448967161176	0.3651890696366441	0.3886509008038399	0.2849205347360236	0.28407707793902115	0.2821562455386767	0.3175888413109025	0.3747712388160972	0.366602873102982	0.3806029053682905	0.38965521549031346	0.38730447069545904	0.33554938328778805	0.39689546601915326	0.3630664940090375	0.3544563909558532	0.3675853986998635	0.2611575934446975	0.3766788020628447	0.39664565816565756	0.26463896859889235	0.32269026756351465	0.25608070517192094	0.26702566599404576	0.30182875181153274	0.37032355472318546	0.23379612689233736	0.2872333302265488
530052	0.3553853014044292	0.36533890467449204	0.24404366924919263	0.31318655323228584	0.2798945430193471	0.33000718357745695	0.30059725873390986	0.23843815620059938	0.26076001618320976	0.21725023990823286	0.0	0.17910724366829886	0.3338499807944483	0.3555062229159752	0.28720267131537325	0.3907920796088846	0.28910934263020793	0.35487218544338806	0.34109498652504333	0.31350229696154197	0.4359585859279915	0.4195738751362693	0.31350493578878846	0.3935505394897004	0.4041907107657324	0.3677555238982775	0.3741097779120034	0.41019932855466	0.4003353598131331	0.4551109541238675	0.42516372370589856	0.4143017435456634	0.37814792869024927	0.39610267252138376	0.3199678051288053	0.4225534305639209	0.30058432474668445	0.3383237854001476	0.44709426650089695	0.41838830235106117	0.4311894908201398	0.3848432375500037	0.42555536917313885	0.4452699491381712	0.468731780305367	0.36500141423755067	0.36415795744054824	0.3622371250402038	0.3976697208124296	0.4548521183176243	0.4466837526045091	0.4606837848698176	0.46973609499184055	0.4673853501969861	0.41563026278931514	0.47697634552068036	0.4431473735105646	0.4345372704573803	0.4476662782013906	0.3412384729462246	0.4567596815643718	0.47672653766718465	0.34471984810041945	0.40277114706504175	0.33616158467344803	0.34710654549557285	0.3819096313130598	0.45040443422471255	0.31387700639386446	0.3673142097280759
530215	0.2594689574776972	0.26942256074776005	0.1481273253224607	0.21727020930555385	0.1839781990926151	0.23409083965072497	0.20468091480717787	0.14252181227386745	0.16484367225647784	0.12133389598150092	0.17910724366829886	0.0	0.2379336368677163	0.2595898789892433	0.19128632738864132	0.29487573568215264	0.19319299870347595	0.25895584151665607	0.24517864259831135	0.21758595303481	0.3400422420012596	0.32365753120953733	0.21758859186205648	0.2976341955629685	0.3082743668390004	0.2718391799715455	0.2781934339852714	0.31428298462792803	0.30441901588640113	0.3591946101971355	0.32924737977916657	0.3183853996189314	0.2822315847635173	0.30018632859465183	0.2240514612020733	0.32663708663718893	0.20466798081995247	0.2424074414734157	0.35117792257416497	0.3224719584243292	0.3352731468934078	0.28892689362327173	0.32963902524640687	0.34935360521143927	0.372815436378635	0.2690850703108187	0.2682416135138163	0.2663207811134718	0.3017533768856976	0.35893577439089236	0.3507674086777771	0.3647674409430856	0.37381975106510856	0.37146900627025414	0.31971391886258316	0.38106000159394837	0.3472310295838326	0.3386209265306483	0.35174993427465867	0.24532212901949263	0.3608433376376398	0.38081019374045266	0.24880350417368746	0.30685480313830976	0.24024524074671605	0.2511902015688409	0.28599328738632784	0.35448809029798056	0.21796066246713247	0.2713978658013439
530055	0.30147807099956386	0.3114316742696267	0.20735624775534922	0.28889850108865356	0.2556064908757148	0.3057191314338247	0.2763092065902776	0.27495701758528773	0.2972788775678981	0.2537691012929212	0.3338499807944483	0.2379336368677163	0.0	0.24450988258100798	0.176206330980406	0.3368848492040193	0.2352021122253426	0.3009649550385227	0.287187756120178	0.25959506655667663	0.3820513555231262	0.365666644731404	0.2595977053839231	0.3396433090848351	0.35028348036086704	0.31384829349341214	0.32020254750713806	0.3562920981497947	0.3464281294082678	0.40120372371900215	0.3712564933010332	0.36039451314079807	0.32424069828538393	0.3421954421165184	0.26606057472393996	0.3686462001590556	0.24667709434181911	0.2844165549952823	0.3931870360960316	0.36448107194619583	0.37728226041527446	0.3309360071451384	0.3716481387682735	0.39136271873330586	0.41482454990050166	0.31109418383268533	0.3102507270356829	0.30832989463533844	0.34376249040756424	0.40094488791275895	0.39277652219964376	0.40677655446495226	0.4158288645869752	0.4134781197921208	0.3617230323844498	0.423069115115815	0.38924014310569927	0.38063004005251494	0.39375904779652526	0.2873312425413593	0.40285245115950646	0.4228193072623193	0.2908126176955541	0.3488639166601764	0.2822543542685827	0.2931993150907075	0.3280024009081945	0.3964972038198472	0.2599697759889991	0.31340697932321054
31711	0.32313431312109087	0.33308791639115365	0.2290124898768762	0.3105547432101805	0.2772627329972418	0.3273753735553516	0.2979654487118045	0.29661325970681474	0.3189351196894251	0.2754253434144482	0.3555062229159752	0.2595898789892433	0.24450988258100798	0.0	0.17000811851512465	0.35854109132554624	0.25685835434686954	0.32262119716004967	0.30884399824170494	0.2812513086782036	0.4037075976446532	0.3873228868529309	0.2812539475054501	0.3612995512063621	0.37193972248239404	0.3355045356149391	0.341858789628665	0.3779483402713216	0.3680843715297948	0.4228599658405291	0.3929127354225602	0.382050755262325	0.3458969404069109	0.3638516842380454	0.2877168168454669	0.39030244228058253	0.2683333364633461	0.3060727971168093	0.4148432782175586	0.3861373140677228	0.3989385025368014	0.3525922492666653	0.39330438088980046	0.41301896085483286	0.4364807920220286	0.33275042595421234	0.3319069691572099	0.3299861367568654	0.3654187325290912	0.42260113003428595	0.4144327643211707	0.42843279658647926	0.43748510670850216	0.43513436191364774	0.38337927450597675	0.44472535723734197	0.41089638522722627	0.40228628217404194	0.41541528991805227	0.3089874846628863	0.42450869328103347	0.44447554938384626	0.31246885981708106	0.3705201587817034	0.30391059639010964	0.3148555572122345	0.3496586430297215	0.41815344594137416	0.28162601811052607	0.33506322144473755
31750	0.2548307615204889	0.2647843647905517	0.16070893827627422	0.24225119160957856	0.20895918139663983	0.25907182195474965	0.22966189711120258	0.22830970810621273	0.25063156808882314	0.2071217918138462	0.28720267131537325	0.19128632738864132	0.176206330980406	0.17000811851512465	0.0	0.29023753972494426	0.1885548027462676	0.2543176455594477	0.240540446641103	0.2129477570776016	0.3354040460440512	0.31901933525232895	0.2129503959048481	0.2929959996057601	0.30363617088179207	0.2672009840143371	0.27355523802806303	0.30964478867071965	0.2997808199291928	0.3545564142399271	0.32460918382195825	0.31374720366172304	0.2775933888063089	0.29554813263744345	0.21941326524486496	0.32199889067998055	0.20002978486274411	0.23776924551620732	0.34653972661695664	0.3178337624671208	0.33063495093619943	0.28428869766606335	0.3250008292891985	0.3447154092542309	0.36817724042142663	0.26444687435361036	0.26360341755660793	0.2616825851562634	0.2971151809284892	0.354297578433684	0.34612921272056874	0.3601292449858773	0.3691815551079002	0.36683081031304576	0.3150757229053748	0.37642180563674	0.3425928336266243	0.33398273057343997	0.3471117383174503	0.24068393306228428	0.3562051416804315	0.3761719977832443	0.24416530821647908	0.30221660718110144	0.2356070447895077	0.24655200561163254	0.2813550914291195	0.3498498943407722	0.2133224665099241	0.26675966984413557
31714	0.3335234884018064	0.34347709167186924	0.26429834656978557	0.3458405999030899	0.31254858969015115	0.362661230248261	0.3332513054047139	0.3318991163997241	0.35422097638233446	0.31071120010735753	0.3907920796088846	0.29487573568215264	0.3368848492040193	0.35854109132554624	0.29023753972494426	0.0	0.13129645491347672	0.26513386822375296	0.25135666930540823	0.22376397974190687	0.3462202687083564	0.3298355579166342	0.265406859238641	0.345452462939553	0.3560926342155849	0.31965744734813	0.32601170136185587	0.3621012520045125	0.35223728326298565	0.40701287757372	0.3770656471557511	0.36620366699551593	0.3300498521401018	0.34800459597123634	0.2718697285786578	0.3744553540137734	0.252486248196537	0.2902257088500002	0.3989961899507495	0.3702902258009137	0.3830914142699923	0.33674516099985624	0.3774572926229913	0.3971718725880238	0.4206337037552196	0.3169033376874032	0.3160598808904008	0.31413904849005625	0.3495716442622821	0.40675404176747687	0.39858567605436157	0.4125857083196701	0.42163801844169313	0.41928727364683865	0.3675321862391676	0.42887826897053294	0.39504929696041713	0.3864391939072328	0.3995682016512432	0.29314039639607714	0.4086616050142243	0.42862846111703723	0.2966217715502719	0.3546730705148943	0.28806350812330056	0.29900846894542543	0.33381155476291235	0.402306357674565	0.265778929843717	0.3454523967254531
530444	0.2318407514231297	0.24179435469319255	0.16261560959110888	0.24415786292441322	0.21086585271147446	0.26097849326958433	0.23156856842603724	0.2302163794210474	0.25253823940365777	0.20902846312868084	0.28910934263020793	0.19319299870347595	0.2352021122253426	0.25685835434686954	0.1885548027462676	0.13129645491347672	0.0	0.16345113124507626	0.1496739323267316	0.1220812427632302	0.2445375317296798	0.22815282093795752	0.1637241222599643	0.2437697259608763	0.2544098972369082	0.21797471036945332	0.2243289643831792	0.2604185150258358	0.25055454628430895	0.3053301405950433	0.2753829101770744	0.26452093001683924	0.2283671151614251	0.24632185899255962	0.17018699159998113	0.2727726170350967	0.1508035112178603	0.18854297187132352	0.2973134529720728	0.268607488822237	0.28140867729131563	0.23506242402117955	0.27577455564431463	0.2954891356093471	0.3189509667765429	0.2152206007087265	0.2143771439117241	0.2124563115113796	0.2478889072836054	0.3050713047888002	0.2969029390756849	0.31090297134099343	0.31995528146301644	0.31760453666816196	0.2658494492604909	0.32719553199185625	0.29336655998174044	0.2847564569285561	0.2978854646725665	0.19145765941740045	0.30697886803554764	0.32694572413836054	0.19493903457159525	0.2529903335362176	0.18638077114462387	0.1973257319667487	0.23212881778423566	0.3006236206958883	0.1640961928650403	0.2437696597467764
530258	0.2976035942363098	0.30755719750637267	0.22837845240428897	0.30992070573759334	0.2766286955246545	0.32674133608276446	0.29733141123921736	0.29597922223422746	0.31830108221683784	0.27479130594186096	0.35487218544338806	0.25895584151665607	0.3009649550385227	0.32262119716004967	0.2543176455594477	0.26513386822375296	0.16345113124507626	0.0	0.13322556547558934	0.15866911937269892	0.2811254083391485	0.26474069754742624	0.22948696507314437	0.3095325687740564	0.32017274005008833	0.2837375531826334	0.2900918071963593	0.3261813578390159	0.3163173890974891	0.3710929834082234	0.3411457529902545	0.3302837728300193	0.29412995797460517	0.3120847018057397	0.23594983441316122	0.3385354598482768	0.21656635403104038	0.2543058146845036	0.3630762957852529	0.3343703316354171	0.3471715201044957	0.3008252668343596	0.34153739845749476	0.36125197842252715	0.38471380958972295	0.28098344352190663	0.2801399867249042	0.2782191543245597	0.3136517500967855	0.37083414760198025	0.362665781888865	0.37666581415417355	0.3857181242761965	0.38336737948134203	0.33161229207367104	0.3929583748050363	0.35912940279492056	0.35051929974173623	0.36364830748574656	0.25722050223058057	0.37274171084872776	0.3927085669515406	0.26070187738477535	0.3187531763493977	0.25214361395780394	0.2630885747799288	0.2978916605974158	0.36638646350906845	0.22985903567822036	0.30953250255995646
31600	0.2838263953179651	0.29377999858802795	0.21460125348594428	0.2961435068192486	0.26285149660630985	0.31296413716441973	0.28355421232087263	0.2822020233158828	0.30452388329849317	0.26101410702351624	0.34109498652504333	0.24517864259831135	0.287187756120178	0.30884399824170494	0.240540446641103	0.25135666930540823	0.1496739323267316	0.13322556547558934	0.0	0.14489192045435423	0.26734820942080384	0.25096349862908157	0.2157097661547997	0.2957553698557117	0.3063955411317436	0.2699603542642887	0.27631460827801463	0.31240415892067125	0.30254019017914435	0.3573157844898787	0.3273685540719098	0.31650657391167464	0.2803527590562605	0.29830750288739505	0.22217263549481653	0.32475826092993215	0.20278915511269568	0.24052861576615892	0.3492990968669082	0.3205931327170724	0.33339432118615103	0.28704806791601495	0.3277601995391501	0.3474747795041825	0.3709366106713783	0.2672062446035619	0.26636278780655953	0.264441955406215	0.2998745511784408	0.3570569486836356	0.34888858297052033	0.3628886152358289	0.37194092535785184	0.36959018056299736	0.3178350931553264	0.37918117588669165	0.34535220387657584	0.3367421008233915	0.3498711085674019	0.24344330331223585	0.35896451193038303	0.37893136803319594	0.24692467846643068	0.304975977431053	0.23836641503945927	0.24931137586158414	0.28411446167907106	0.3526092645907238	0.2160818367598757	0.2957553036416118
31700	0.2562337057544637	0.2661873090245266	0.18700856392244292	0.26855081725574725	0.2352588070428085	0.28537144760091837	0.2559615227573713	0.25460933375238143	0.2769311937349918	0.23342141746001488	0.31350229696154197	0.21758595303481	0.25959506655667663	0.2812513086782036	0.2129477570776016	0.22376397974190687	0.1220812427632302	0.15866911937269892	0.14489192045435423	0.0	0.19077073072726478	0.1743860199355425	0.1881170765912983	0.2681626802922103	0.27880285156824225	0.24236766470078736	0.2487219187145132	0.28481146935716983	0.274947500615643	0.32972309492637736	0.29977586450840843	0.2889138843481733	0.25276006949275914	0.27071481332389363	0.19457994593131517	0.29716557136643074	0.17519646554919432	0.21293592620265753	0.3217064073034068	0.29300044315357104	0.3058016316226497	0.2594553783525136	0.30016750997564867	0.31988208994068107	0.34334392110787687	0.23961355504006054	0.23877009824305812	0.2368492658427136	0.27228186161493945	0.32946425912013416	0.3212958934070189	0.33529592567232747	0.3443482357943504	0.341997490999496	0.29024240359182496	0.35158848632319023	0.3177595143130745	0.30914941125989015	0.3222784190039005	0.2158506137487345	0.3313718223668817	0.3513386784696945	0.21933198890292926	0.2773832878675516	0.2107737254759579	0.22171868629808272	0.2565217721155697	0.32501657502722237	0.1884891471963743	0.2681626140781104
31112	0.37868999472091336	0.38864359799097614	0.30946485288889247	0.3910071062221968	0.3577150960092581	0.4078277365673679	0.37841781172382083	0.37706562271883104	0.3993874827014414	0.35587770642646444	0.4359585859279915	0.3400422420012596	0.3820513555231262	0.4037075976446532	0.3354040460440512	0.3462202687083564	0.2445375317296798	0.2811254083391485	0.26734820942080384	0.19077073072726478	0.0	0.06539949967205932	0.3105733655577479	0.3906189692586599	0.4012591405346918	0.36482395366723697	0.3711782076809628	0.40726775832361944	0.39740378958209255	0.45217938389282697	0.422232153474858	0.4113701733146229	0.37521635845920875	0.39317110229034324	0.3170362348977648	0.41962186033288035	0.2976527545156439	0.3353922151691071	0.4441626962698564	0.41545673212002066	0.4282579205890993	0.3819116673189632	0.4226237989420983	0.4423383789071307	0.4658002100743265	0.3620698440065101	0.3612263872095077	0.3593055548091632	0.39473815058138906	0.4519205480865838	0.44375218237346853	0.4577522146387771	0.46680452476080003	0.4644537799659456	0.41269869255827457	0.47404477528963984	0.44021580327952403	0.4316057002263397	0.4447347079703501	0.33830690271518404	0.45382811133333123	0.47379496743614413	0.3417882778693789	0.3998395768340012	0.3332300144424075	0.34417497526453233	0.37897806108201926	0.447472863993672	0.3109454361628239	0.39061890304456004
S15Hp	0.36230528392919104	0.37225888719925393	0.29308014209717026	0.3746223954304746	0.3413303852175358	0.3914430257756457	0.3620331009320986	0.3606809119271087	0.3830027719097191	0.3394929956347422	0.4195738751362693	0.32365753120953733	0.365666644731404	0.3873228868529309	0.31901933525232895	0.3298355579166342	0.22815282093795752	0.26474069754742624	0.25096349862908157	0.1743860199355425	0.06539949967205932	0.0	0.2941886547660256	0.37423425846693764	0.3848744297429696	0.34843924287551464	0.35479349688924056	0.3908830475318972	0.38101907879037034	0.43579467310110465	0.4058474426831358	0.39498546252290057	0.35883164766748643	0.376786391498621	0.30065152410604246	0.4032371495411581	0.28126804372392167	0.31900750437738484	0.42777798547813417	0.39907202132829833	0.41187320979737696	0.3655269565272409	0.406239088150376	0.4259536681154084	0.4494154992826042	0.3456851332147879	0.34484167641778546	0.34292084401744094	0.37835343978966673	0.4355358372948615	0.42736747158174626	0.4413675038470548	0.45041981396907776	0.4480690691742233	0.3963139817665523	0.4576600644979176	0.4238310924878018	0.4152209894346175	0.4283499971786278	0.32192219192346183	0.437443400541609	0.45741025664442186	0.3254035670776566	0.38345486604227896	0.3168453036506852	0.32779026447281007	0.36259335029029705	0.4310881532019497	0.2945607253711016	0.3742341922528377
S4Hp	0.2562363445817102	0.2661899478517731	0.1870112027496894	0.26855345608299375	0.23526144587005499	0.28537408642816486	0.25596416158461777	0.2546119725796279	0.2769338325622383	0.23342405628726137	0.31350493578878846	0.21758859186205648	0.2595977053839231	0.2812539475054501	0.2129503959048481	0.265406859238641	0.1637241222599643	0.22948696507314437	0.2157097661547997	0.1881170765912983	0.3105733655577479	0.2941886547660256	0.0	0.1633163044386307	0.20968036308044677	0.17324517621299187	0.20780465768316914	0.24389420832582576	0.23403023958429886	0.2888058338950332	0.2588586034770643	0.27327312286769445	0.23711930801228032	0.2550740518434148	0.17893918445083634	0.28152480988595197	0.1595557040687155	0.19729516472217873	0.306065645822928	0.2773596816730922	0.29016087014217085	0.24381461687203476	0.2845267484951699	0.30424132846020224	0.32770315962739804	0.22397279355958172	0.22312933676257932	0.2212085043622348	0.2566411001344606	0.31382349763965534	0.30565513192654015	0.3196551641918487	0.3287074743138716	0.3263567295190172	0.2746016421113462	0.33594772484271146	0.30211875283259565	0.2935086497794113	0.30663765752342165	0.20020985226825566	0.31573106088640285	0.3356979169892157	0.2036912274224505	0.2617425263870728	0.19513296399547908	0.20607792481760392	0.24088101063509088	0.3093758135467436	0.1728483857158955	0.26816525290535687
S26Hp	0.33628194828262226	0.34623555155268504	0.26705680645060137	0.3485990597839057	0.315307049570967	0.3654196901290768	0.3360097652855297	0.33465757628053994	0.3569794362631503	0.31346965998817333	0.3935505394897004	0.2976341955629685	0.3396433090848351	0.3612995512063621	0.2929959996057601	0.345452462939553	0.2437697259608763	0.3095325687740564	0.2957553698557117	0.2681626802922103	0.3906189692586599	0.37423425846693764	0.1633163044386307	0.0	0.28972596678135876	0.25329077991390386	0.2878502613840811	0.3239398120267377	0.3140758432852109	0.3688514375959452	0.3389042071779763	0.3533187265686064	0.3171649117131923	0.3351196555443268	0.25898478815174836	0.3615704135868639	0.23960130776962751	0.27734076842309074	0.38611124952384	0.3574052853740042	0.3702064738430828	0.3238602205729467	0.36457235219608186	0.38428693216111426	0.40774876332831006	0.30401839726049373	0.3031749404634913	0.3012541080631468	0.3366867038353726	0.39386910134056735	0.3857007356274521	0.39970076789276066	0.4087530780147836	0.40640233321992913	0.35464724581225815	0.4159933285436235	0.38216435653350767	0.37355425348032334	0.38668326122433366	0.2802554559691677	0.39577666458731486	0.4157435206901277	0.28373683112336245	0.3417881300879848	0.2751785676963911	0.2861235285185159	0.3209266143360029	0.38942141724765555	0.2528939894168075	0.34821085660626894
S3Hp	0.34692211955865415	0.356875722828717	0.2776969777266333	0.35923923105993766	0.3259472208469989	0.3760598614051088	0.3466499365615617	0.34529774755657183	0.3676196075391822	0.3241098312642053	0.4041907107657324	0.3082743668390004	0.35028348036086704	0.37193972248239404	0.30363617088179207	0.3560926342155849	0.2544098972369082	0.32017274005008833	0.3063955411317436	0.27880285156824225	0.4012591405346918	0.3848744297429696	0.20968036308044677	0.28972596678135876	0.0	0.19976324989881447	0.298490432660113	0.3345799833027696	0.32471601456124277	0.37949160887197714	0.3495443784540082	0.36395889784463836	0.32780508298922423	0.3457598268203588	0.26962495942778025	0.3722105848628958	0.2502414790456594	0.28798093969912264	0.3967514207998719	0.36804545665003613	0.38084664511911476	0.3345003918489787	0.37521252347211376	0.3949271034371462	0.418388934604342	0.31465856853652563	0.31381511173952326	0.3118942793391787	0.34732687511140453	0.4045092726165993	0.396340906903484	0.41034093916879255	0.41939324929081556	0.4170425044959611	0.36528741708829005	0.42663349981965537	0.39280452780953956	0.38419442475635524	0.3973234325003656	0.2908956272451996	0.40641683586334676	0.42638369196615966	0.2943770023993944	0.3524283013640167	0.285818738972423	0.29676369979454786	0.3315667856120348	0.40006158852368745	0.2635341606928394	0.35885102788230083
S10H1	0.31048693269119926	0.3204405359612621	0.24126179085917843	0.32280404419248276	0.289512033979544	0.3396246745376539	0.3102147496941068	0.30886256068911694	0.3311844206717273	0.2876746443967504	0.3677555238982775	0.2718391799715455	0.31384829349341214	0.3355045356149391	0.2672009840143371	0.31965744734813	0.21797471036945332	0.2837375531826334	0.2699603542642887	0.24236766470078736	0.36482395366723697	0.34843924287551464	0.17324517621299187	0.25329077991390386	0.19976324989881447	0.0	0.26205524579265815	0.2981447964353148	0.2882808276937879	0.34305642200452224	0.3131091915865533	0.32752371097718347	0.29136989612176933	0.3093246399529038	0.23318977256032536	0.335775397995441	0.21380629217820452	0.25154575283166775	0.360316233932417	0.33161026978258124	0.34441145825165986	0.2980652049815238	0.3387773366046589	0.35849191656969126	0.38195374773688706	0.27822338166907074	0.2773799248720683	0.27545909247172384	0.31089168824394964	0.36807408574914435	0.35990572003602916	0.3739057523013377	0.3829580624233606	0.3806073176285062	0.3288522302208352	0.3901983129522005	0.35636934094208467	0.34775923788890034	0.36088824563291066	0.2544604403777447	0.36998164899589187	0.3899485050987047	0.2579418155319395	0.3159931144965618	0.2493835521049681	0.2603285129270929	0.2951315987445799	0.3636264016562326	0.22709897382538452	0.32241584101484594
530050	0.3168411867049251	0.326794789974988	0.2476160448729043	0.3291582982062087	0.29586628799326986	0.3459789285513798	0.3165690037078327	0.3152168147028428	0.3375386746854532	0.2940288984104763	0.3741097779120034	0.2781934339852714	0.32020254750713806	0.341858789628665	0.27355523802806303	0.32601170136185587	0.2243289643831792	0.2900918071963593	0.27631460827801463	0.2487219187145132	0.3711782076809628	0.35479349688924056	0.20780465768316914	0.2878502613840811	0.298490432660113	0.26205524579265815	0.0	0.19490341481482132	0.2651199983160225	0.31989559262675693	0.28994836220878795	0.3338779649909094	0.29772415013549525	0.31567889396662974	0.23954402657405127	0.34212965200916684	0.22016054619193043	0.2579000068453936	0.3666704879461429	0.33796452379630715	0.3507657122653858	0.3044194589952497	0.3451315906183848	0.3648461705834172	0.388308001750613	0.2845776356827966	0.2837341788857942	0.2818133464854497	0.31724594225767555	0.37442833976287027	0.366259974049755	0.38026000631506357	0.3893123164370865	0.3869615716422321	0.33520648423456106	0.39655256696592633	0.3627235949558105	0.3541134919026262	0.3672424996466366	0.2608146943914706	0.3763359030096177	0.3963027591124306	0.26429606954566537	0.32234736851028767	0.255737806118694	0.2666827669408188	0.30148585275830575	0.36998065566995847	0.2334532278391104	0.3287700950285718
31452	0.35293073734758174	0.36288434061764463	0.28370559551556096	0.3652478488488653	0.3319558386359265	0.3820684791940364	0.3526585543504893	0.3513063653454994	0.3736282253281098	0.3301184490531329	0.41019932855466	0.31428298462792803	0.3562920981497947	0.3779483402713216	0.30964478867071965	0.3621012520045125	0.2604185150258358	0.3261813578390159	0.31240415892067125	0.28481146935716983	0.40726775832361944	0.3908830475318972	0.24389420832582576	0.3239398120267377	0.3345799833027696	0.2981447964353148	0.19490341481482132	0.0	0.30120954895867913	0.35598514326941355	0.32603791285144457	0.369967515633566	0.33381370077815187	0.35176844460928636	0.2756335772167079	0.37821920265182346	0.25625009683458705	0.2939895574880502	0.4027600385887995	0.37405407443896377	0.3868552629080424	0.3405090096379063	0.3812211412610414	0.4009357212260738	0.4243975523932696	0.3206671863254532	0.31982372952845084	0.3179028971281063	0.35333549290033217	0.4105178904055269	0.40234952469241164	0.4163495569577202	0.42540186707974315	0.4230511222848887	0.3712960348772177	0.43264211760858295	0.39881314559846714	0.3902030425452828	0.4033320502892932	0.2969042450341272	0.41242545365227434	0.43239230975508725	0.300385620188322	0.3584369191529443	0.29182735676135063	0.30277231758347545	0.33757540340096237	0.4060702063126151	0.269542778481767	0.3648596456712284
S21H1	0.3430667686060549	0.35302037187611773	0.27384162677403406	0.3553838801073384	0.32209186989439964	0.3722045104525095	0.3427945856089624	0.3414423966039726	0.36376425658658296	0.320254480311606	0.4003353598131331	0.30441901588640113	0.3464281294082678	0.3680843715297948	0.2997808199291928	0.35223728326298565	0.25055454628430895	0.3163173890974891	0.30254019017914435	0.274947500615643	0.39740378958209255	0.38101907879037034	0.23403023958429886	0.3140758432852109	0.32471601456124277	0.2882808276937879	0.2651199983160225	0.30120954895867913	0.0	0.31192157118065006	0.28197434076268113	0.3601035468920391	0.32394973203662497	0.3419044758677595	0.265769608475181	0.36835523391029656	0.24638612809306015	0.2841255887465234	0.39289606984727266	0.36419010569743687	0.3769912941665155	0.3306450408963794	0.3713571725195145	0.39107175248454695	0.41453358365174275	0.31080321758392637	0.309959760786924	0.3080389283865794	0.3434715241588053	0.40065392166400005	0.39248555595088475	0.4064855882161933	0.4155378983382163	0.41318715354336183	0.3614320661356908	0.4227781488670561	0.3889491768569403	0.380339073803756	0.39346808154776636	0.2870402762926003	0.4025614849107475	0.4225283410135604	0.29052165144679515	0.34857295041141745	0.28196338801982374	0.2929083488419486	0.32771143465943553	0.3962062375710882	0.25967880974024016	0.3549956769297016
