	S14Hp	w32pp	w8pp	w16pp	S10H1	S16H2	S13Hp	s20pp	F7H1	f14ppA	w6pp	f22ppB	f11pp	f31pp	w4pp	f4pp	f18pp	f23ppA	F14H1A	S31Hp	f17ppA	S2Hp	f20ppA	f30pp	w21pp	w3pp	w1pp	s3pp	w10pp	f16ppA	f21pp	s2pp	w2pp	f25pp	f14ppB	f6ppB	f8pp	f23ppB	w12pp	f12ppB	f32pp	w25pp	w18pp	f1pp	f2pp	f17ppB	w17pp	f10pp	f13pp	w28pp	f22ppA	w22pp	S22Hp	w14pp	w11pp	w20pp	f7pp	w13pp	f19pp	w19pp	F14H1B	S28Hp	w23pp	w24pp	w27pp	w29pp	w26pp	f15pp	f9pp	S3Hp	S18H1	F6H1	S6Hp	f26pp	w31pp	w9pp	f6ppA	f24pp	f12ppA	f20ppB	w15pp	s12pp	s24pp	s17pp	s29pp	w7pp	s30pp	s28pp	s25pp
S14Hp	0.0	0.21040178489486364	0.21474945091537648	0.22653031175891938	0.4228377953112875	0.43800230439487275	0.38793972173432817	0.34860116124202023	0.4090014985266173	0.2705410428174046	0.32624249096333235	0.3028250306277935	0.29542988160148653	0.36329741926029874	0.3254726177662002	0.34307461109297455	0.3400778657074034	0.3293380368480926	0.4124560332081537	0.43366260087570124	0.3939013319674821	0.4990133725349969	0.30196711617211835	0.309910718680223	0.37338862225229863	0.38992859156190207	0.399126704841669	0.37377707850210473	0.32812969300193817	0.3202049255371653	0.3475145288378182	0.34939818555827246	0.3418095959822737	0.30196611617161834	0.3014480490797821	0.29693694425239614	0.3062460722918509	0.32025428078914275	0.31734269679623905	0.28883889010920966	0.30575546549038907	0.27917757787553404	0.2769973660328307	0.26861038161498874	0.2699789716231392	0.2697563706066597	0.2563850692536081	0.2563850692536081	0.2837004089722567	0.23952769634219617	0.2557530380302331	0.2740637264673538	0.3694132440986895	0.24450480720178466	0.23638966624599583	0.24099913213519278	0.24099913213519278	0.272288478466405	0.2925544399099199	0.3374257828559639	0.4407780712181055	0.4012686256137756	0.2759889939643435	0.26781071503845494	0.2756190543606995	0.2627760689843686	0.26032685960856305	0.30504800863447745	0.31942688961313537	0.3942467842370841	0.471671527173645	0.38934993414006625	0.3727467767362612	0.3208411778466391	0.29028442789691855	0.260325859608063	0.24479775319092262	0.2414254204105	0.23439728582964037	0.2744761181821941	0.2478890999513577	0.24664774855775576	0.2405530909198744	0.3857060936569765	0.292261537927624	0.2706200964683988	0.28219226737409064	0.2837728571681963	0.23872034604882914
w32pp	0.21040178489486364	0.0	0.04360497714612324	0.05538583798966616	0.2516933215420343	0.2668578306256195	0.21679524796507496	0.17745668747276702	0.23785702475736412	0.09939656904815138	0.15509801719407915	0.13168055685854024	0.1242854078322333	0.19215294549104553	0.15432814399694697	0.17193013732372137	0.16893339193815016	0.1581935630788394	0.2413115594389005	0.262518127106448	0.22275685819822894	0.3278688987657436	0.13082264240286515	0.1387662449109698	0.20224414848304542	0.21878411779264884	0.22798223107241583	0.20263260473285152	0.156985219232685	0.1490604517679121	0.176370055068565	0.17825371178901925	0.17066512221302046	0.1308216424023651	0.13030357531052889	0.12579247048314293	0.1351015985225977	0.14910980701988957	0.14619822302698582	0.11769441633995643	0.13461099172113583	0.1080331041062808	0.10585289226357746	0.09746590784573549	0.09883449785388596	0.09861189683740648	0.08524059548435485	0.08524059548435485	0.11255593520300347	0.06838322257294295	0.08460856426097987	0.10291925269810055	0.1982687703294363	0.07336033343253144	0.06524519247674261	0.06985465836593956	0.06985465836593956	0.10114400469715179	0.12140996614066668	0.16628130908671068	0.26963359744885224	0.23012415184452237	0.10484452019509027	0.0966662412692017	0.10447458059144628	0.0916315952151154	0.08918238583930979	0.13390353486522424	0.14828241584388213	0.22310231046783088	0.30052705340439173	0.21820546037081304	0.20160230296700804	0.14969670407738592	0.11913995412766533	0.08918138583880976	0.07365327942166938	0.07028094664124677	0.06325281206038715	0.10333164441294085	0.07674462618210445	0.07550327478850252	0.06940861715062116	0.21456161988772332	0.12111706415837077	0.09947562269914559	0.11104779360483742	0.11262838339894306	0.07244536954385143
w8pp	0.21474945091537648	0.04360497714612324	0.0	0.054503479777343336	0.2508109633297115	0.2659754724132967	0.21591288975275214	0.1765743292604442	0.2369746665450413	0.09851421083582855	0.15421565898175632	0.1307981986462174	0.12340304961991047	0.1912705872787227	0.15344578578462414	0.17104777911139854	0.16805103372582733	0.15731120486651656	0.24042920122657768	0.2616357688941252	0.2218744999859061	0.32698654055342075	0.1299402841905423	0.13788388669864696	0.2013617902707226	0.217901759580326	0.227099872860093	0.2017502465205287	0.15610286102036217	0.14817809355558928	0.1754876968562422	0.17737135357669642	0.16978276400069764	0.12993928419004228	0.12942121709820603	0.1249101122708201	0.13421924031027485	0.14822744880756675	0.14531586481466297	0.11681205812763361	0.13372863350881298	0.10715074589395797	0.10497053405125463	0.09658354963341266	0.09795213964156313	0.09772953862508366	0.08435823727203202	0.08435823727203202	0.11167357699068065	0.06750086436062012	0.08372620604865705	0.10203689448577773	0.19738641211711347	0.07247797522020862	0.06436283426441979	0.06897230015361673	0.06897230015361673	0.10026164648482896	0.12052760792834386	0.16539895087438786	0.26875123923652944	0.22924179363219954	0.10396216198276745	0.09578388305687888	0.10359222237912345	0.09074923700279257	0.08830002762698697	0.1330211766529014	0.1474000576315593	0.22221995225550806	0.2996446951920689	0.2173231021584902	0.20071994475468521	0.1488143458650631	0.1182575959153425	0.08829902762648693	0.07277092120934656	0.06939858842892395	0.06237045384806432	0.10244928620061802	0.07586226796978163	0.0746209165761797	0.06852625893829833	0.2136792616754005	0.12023470594604795	0.09859326448682276	0.1101654353925146	0.11174602518662023	0.07679303556436426
w16pp	0.22653031175891938	0.05538583798966616	0.054503479777343336	0.0	0.24525200778051623	0.26041651686410144	0.21035393420355689	0.17101537371124895	0.23141571099584604	0.09295525528663331	0.14865670343256107	0.12523924309702217	0.11784409407071522	0.18571163172952745	0.1478868302354289	0.1654888235622033	0.16249207817663208	0.1517522493173213	0.23487024567738243	0.25607681334492993	0.21631554443671086	0.3214275850042255	0.12438132864134707	0.13232493114945174	0.19580283472152735	0.21234280403113076	0.22154091731089776	0.19619129097133345	0.15054390547116692	0.14261913800639403	0.16992874130704694	0.17181239802750117	0.1642238084515024	0.12438032864084703	0.12386226154901081	0.11935115672162486	0.12866028476107963	0.1426684932583715	0.13975690926546774	0.11125310257843837	0.12816967795961776	0.10159179034476273	0.0994115785020594	0.09102459408421743	0.09239318409236788	0.09217058307588841	0.07879928172283679	0.07879928172283679	0.1061146214414854	0.06194190881142488	0.0781672504994618	0.09647793893658249	0.19182745656791822	0.06691901967101338	0.058803878715224536	0.0634133446044215	0.0634133446044215	0.09470269093563372	0.1149686523791486	0.1598399953251926	0.26319228368733416	0.2236828380830043	0.0984032064335722	0.09022492750768363	0.09803326682992822	0.08519028145359733	0.08274107207779172	0.12746222110370617	0.14184110208236406	0.2166609967063128	0.29408573964287366	0.21176414660929496	0.19516098920548997	0.14325539031586784	0.11269864036614727	0.0827400720772917	0.06721196566015131	0.06383963287972871	0.05681149829886908	0.09689033065142277	0.07030331242058638	0.06906196102698445	0.06296730338910309	0.20812030612620525	0.11467575039685271	0.09303430893762751	0.10460647984331936	0.106187069637425	0.0885738964079072
S10H1	0.4228377953112875	0.2516933215420343	0.2508109633297115	0.24525200778051623	0.0	0.40737537246619715	0.38146560881096203	0.34212704831865404	0.4025273856032512	0.27055446473731	0.32625591288323774	0.3028384525476988	0.2954433035213919	0.3633108411802041	0.32548603968610557	0.34308803301287993	0.3400912876273088	0.329351458767998	0.4124694551280591	0.43367602279560663	0.3939147538873875	0.4990267944549022	0.30198053809202374	0.3099241406001284	0.373402044172204	0.38994201348180746	0.3991401267615744	0.3737905004220101	0.32814311492184356	0.3202183474570707	0.3475279507577236	0.34941160747817784	0.34182301790217906	0.3019795380915237	0.30146147099968745	0.2969503661723015	0.3062594942117563	0.32026770270904814	0.31735611871614444	0.28885231202911504	0.3057688874102944	0.2791909997954394	0.27701078795273604	0.2686238035348941	0.26999239354304455	0.2697697925265651	0.25639849117351343	0.25639849117351343	0.28371383089216207	0.23954111826210156	0.25576645995013847	0.27407714838725916	0.36942666601859486	0.24451822912169005	0.23640308816590122	0.24101255405509817	0.24101255405509817	0.2723019003863104	0.2925678618298253	0.3374392047758693	0.44079149313801086	0.40128204753368096	0.2760024158842489	0.2678241369583603	0.2756324762806049	0.262789490904274	0.2603402815284684	0.30506143055438284	0.31944031153304075	0.3942602061569895	0.4716849490935503	0.38936335605997163	0.3727601986561666	0.3208545997665445	0.29029784981682394	0.26033928152796837	0.244811175110828	0.24143884233040538	0.23441070774954575	0.27448954010209947	0.24790252187126305	0.2502973311036418	0.2442026734657604	0.3893556762028626	0.29591112047351004	0.27426967901428484	0.2858418499199767	0.2874224397140823	0.2848813799602753
S16H2	0.43800230439487275	0.2668578306256195	0.2659754724132967	0.26041651686410144	0.40737537246619715	0.0	0.3966301178945473	0.35729155740223933	0.41769189468683643	0.28571897382089523	0.341420421966823	0.31800296163128405	0.31060781260497716	0.37847535026378937	0.3406505487696908	0.3582525420964652	0.355255796710894	0.3445159678515832	0.42763396421164435	0.4488405318791919	0.40907926297097275	0.5141913035384875	0.317145047175609	0.32508864968371365	0.38856655325578926	0.4051065225653927	0.41430463584515964	0.38895500950559536	0.3433076240054288	0.3353828565406559	0.3626924598413088	0.3645761165617631	0.3569875269857643	0.31714404717510897	0.3166259800832727	0.31211487525588677	0.32142400329534154	0.3354322117926334	0.3325206277997297	0.3040168211127003	0.32093339649387964	0.2943555088790246	0.2921752970363213	0.28378831261847937	0.2851569026266298	0.2849343016101503	0.2715630002570987	0.2715630002570987	0.2988783399757473	0.2547056273456868	0.2709309690337237	0.2892416574708444	0.3845911751021801	0.2596827382052753	0.25156759724948646	0.2561770631386834	0.2561770631386834	0.28746640946989566	0.30773237091341055	0.35260371385945455	0.4559560022215961	0.4164465566172662	0.29116692496783414	0.28298864604194557	0.29079698536419013	0.27795399998785925	0.27550479061205363	0.3202259396379681	0.334604820616626	0.4094247152405747	0.48684945817713554	0.4045278651435569	0.38792470773975185	0.33601910885012976	0.3054623589004092	0.2755037906115536	0.25997568419441325	0.25660335141399065	0.249575216833131	0.2896540491856847	0.2630670309548483	0.265461840187227	0.25936718254934565	0.40452018528644784	0.3110756295570953	0.2894341880978701	0.30100635900356193	0.30258694879766757	0.30004588904386054
S13Hp	0.38793972173432817	0.21679524796507496	0.21591288975275214	0.21035393420355689	0.38146560881096203	0.3966301178945473	0.0	0.19257101896398282	0.3310937109716833	0.23565639116035064	0.2913578393062784	0.2679403789707395	0.2605452299444326	0.3284127676032448	0.2905879661091462	0.30818995943592065	0.3051932140503494	0.29445338519103864	0.37757138155109976	0.3987779492186473	0.3590166803104282	0.4641287208779429	0.2670824645150644	0.27502606702316906	0.3385039705952447	0.35504393990484806	0.3642420531846151	0.3388924268450508	0.29324504134488427	0.2853202738801114	0.3126298771807643	0.3145135339012185	0.3069249443252197	0.2670814645145644	0.26656339742272817	0.2620522925953422	0.27136142063479696	0.28536962913208885	0.28245804513918504	0.2539542384521557	0.2708708138333351	0.24429292621848006	0.24211271437577672	0.23372572995793475	0.2350943199660852	0.23487171894960573	0.22150041759655412	0.22150041759655412	0.24881575731520272	0.20464304468514222	0.22086838637317913	0.23917907481029982	0.3345285924416356	0.2096201555447307	0.20150501458894188	0.20611448047813882	0.20611448047813882	0.23740382680935107	0.25766978825286596	0.3025411311989099	0.4058934195610515	0.3663839739567216	0.24110434230728955	0.23292606338140098	0.24073440270364554	0.22789141732731466	0.22544220795150904	0.2701633569774235	0.28454223795608136	0.35936213258003014	0.43678687551659096	0.3544652824830123	0.3378621250792073	0.28595652618958517	0.2553997762398646	0.22544120795100903	0.20991310153386866	0.20654076875344604	0.1995126341725864	0.23959146652514013	0.2130044482943037	0.21539925752668243	0.20930459988880107	0.3544576026259032	0.2610130468965507	0.2393716054373255	0.25094377634301734	0.252524366137123	0.24998330638331595
s20pp	0.34860116124202023	0.17745668747276702	0.1765743292604442	0.17101537371124895	0.34212704831865404	0.35729155740223933	0.19257101896398282	0.0	0.29175515047937534	0.1963178306680427	0.25201927881397046	0.22860181847843156	0.22120666945212464	0.28907420711093684	0.2512494056168383	0.26885139894361265	0.2658546535580415	0.2551148246987307	0.3382328210587918	0.35943938872633935	0.3196781198181202	0.42479016038563494	0.22774390402275646	0.23568750653086112	0.29916541010293674	0.3157053794125402	0.3249034926923071	0.29955386635274284	0.2539064808525763	0.24598171338780342	0.2732913166884563	0.27517497340891056	0.2675863838329118	0.22774290402225644	0.2272248369304202	0.22271373210303425	0.23202286014248902	0.2460310686397809	0.24311948464687713	0.21461567795984776	0.23153225334102714	0.20495436572617212	0.20277415388346878	0.1943871694656268	0.19575575947377727	0.1955331584572978	0.18216185710424618	0.18216185710424618	0.20947719682289478	0.16530448419283428	0.1815298258808712	0.19984051431799188	0.2951900319493276	0.17028159505242277	0.16216645409663394	0.16677591998583088	0.16677591998583088	0.19806526631704313	0.21833122776055802	0.263202570706602	0.3665548590687436	0.3270454134644137	0.20176578181498162	0.19358750288909304	0.2013958422113376	0.18855285683500672	0.1861036474592011	0.23082479648511556	0.24520367746377345	0.3200235720877222	0.397448315024283	0.31512672199070435	0.2985235645868993	0.24661796569727723	0.21606121574755666	0.1861026474587011	0.17057454104156072	0.1672022082611381	0.16017407368027847	0.2002529060328322	0.17366588780199577	0.1760606970343745	0.16996603939649313	0.3151190421335953	0.22167448640424275	0.20003304494501756	0.2116052158507094	0.21318580564481504	0.210644745891008
F7H1	0.4090014985266173	0.23785702475736412	0.2369746665450413	0.23141571099584604	0.4025273856032512	0.41769189468683643	0.3310937109716833	0.29175515047937534	0.0	0.2567181679526398	0.31241961609856755	0.2890021557630287	0.28160700673672173	0.34947454439553394	0.3116497429014354	0.3292517362282098	0.32625499084263854	0.3155151619833278	0.3986331583433889	0.41983972601093644	0.38007845710271737	0.48519049767023203	0.28814424130735355	0.2960878438154582	0.35956574738753383	0.3761057166971372	0.38530382997690427	0.35995420363733993	0.3143068181371734	0.30638205067240054	0.33369165397305345	0.33557531069350766	0.3279867211175089	0.28814324130685354	0.2876251742150173	0.28311406938763134	0.2924231974270861	0.306431405924378	0.3035198219314742	0.27501601524444486	0.29193259062562427	0.26535470301076924	0.2631744911680659	0.2547875067502239	0.25615609675837436	0.2559334957418949	0.24256219438884327	0.24256219438884327	0.2698775341074919	0.22570482147743137	0.24193016316546828	0.260240851602589	0.35559036923392473	0.23068193233701986	0.22256679138123103	0.22717625727042798	0.22717625727042798	0.2584656036016402	0.2787315650451551	0.32360290799119906	0.42695519635334067	0.3874457507490108	0.2621661190995787	0.25398784017369014	0.2617961794959347	0.24895319411960382	0.2465039847437982	0.29122513376971265	0.3056040147483705	0.3804239093723193	0.4578486523088801	0.37552705927530144	0.3589239018714965	0.3070183029818743	0.27646155303215375	0.24650298474329818	0.23097487832615782	0.2276025455457352	0.22057441096487557	0.2606532433174293	0.23406622508659286	0.23646103431897159	0.23036637668109022	0.37551937941819236	0.28207482368883985	0.26043338222961465	0.2720055531353065	0.27358614292941213	0.2710450831756051
f14ppA	0.2705410428174046	0.09939656904815138	0.09851421083582855	0.09295525528663331	0.27055446473731	0.28571897382089523	0.23565639116035064	0.1963178306680427	0.2567181679526398	0.0	0.12090790641158425	0.09749044607604535	0.09009529704973841	0.1579628347085506	0.12013803321445207	0.13774002654122647	0.13474328115565526	0.12400345229634449	0.20712144865640558	0.2283280163239531	0.18856674741573404	0.29367878798324876	0.09663253162037025	0.10457613412847491	0.1680540377005505	0.18459400701015394	0.19379212028992093	0.1684424939503566	0.1227951084501901	0.11487034098541721	0.14217994428607011	0.14406360100652435	0.13647501143052557	0.09663153161987022	0.09611346452803399	0.09160235970064805	0.1009114877401028	0.11491969623739468	0.11200811224449092	0.08350430555746156	0.10042088093864093	0.07384299332378591	0.07166278148108257	0.0632757970632406	0.06464438707139107	0.0644217860549116	0.051050484701859966	0.051050484701859966	0.0783658244205086	0.05716481348395576	0.07339015517199268	0.09170084360911337	0.18705036124044908	0.06214192434354425	0.05402678338775542	0.058636249276952365	0.058636249276952365	0.0899255956081646	0.11019155705167949	0.1550628999977235	0.25841518835986504	0.21890574275553515	0.09362611110610308	0.08544783218021451	0.09325617150245909	0.08041318612612822	0.0779639767503226	0.12268512577623705	0.13706400675489494	0.21188390137884366	0.2893086443154045	0.20698705128182582	0.19038389387802082	0.13847829498839873	0.10792154503867815	0.07796297674982258	0.0624348703326822	0.05906253755225959	0.06727915388706814	0.10735798623962184	0.08077096800878544	0.09800057860975887	0.09190592097187751	0.23705892370897966	0.14361436797962712	0.12197292652040194	0.13354509742609377	0.1351256872201994	0.1325846274663924
w6pp	0.32624249096333235	0.15509801719407915	0.15421565898175632	0.14865670343256107	0.32625591288323774	0.341420421966823	0.2913578393062784	0.25201927881397046	0.31241961609856755	0.12090790641158425	0.0	0.10370043022870215	0.09630528120239522	0.16417281886120744	0.12634801736710888	0.14395001069388327	0.14095326530831206	0.1302134364490013	0.21333143280906242	0.23453800047660994	0.19477673156839084	0.29988877213590553	0.10284251577302705	0.1107861182811317	0.17426402185320733	0.19080399116281074	0.20000210444257774	0.17465247810301343	0.1290050926028469	0.12108032513807401	0.1483899284387269	0.15027358515918116	0.14268499558318237	0.10284151577252702	0.10232344868069079	0.09781234385330484	0.1071214718927596	0.12112968039005147	0.11821809639714771	0.08971428971011837	0.10663086509129774	0.08005297747644273	0.07787276563373938	0.06948578121589741	0.07085437122404788	0.07063377020856845	0.07399915071318801	0.07399915071318801	0.12794672315942948	0.11286626162988353	0.12909160331792047	0.14740229175504113	0.24275180938637686	0.11784337248947202	0.10972823153368319	0.11433769742288014	0.11433769742288014	0.14562704375409236	0.16589300519760725	0.21076434814365125	0.3141166365057928	0.2746071909014629	0.14932755925203084	0.14114928032614227	0.14895761964838686	0.13611463427205597	0.13366542489625038	0.1783865739221648	0.1927654549008227	0.2675853495247714	0.34501009246133224	0.2626884994277536	0.2460853420239486	0.19417974313432648	0.1636229931846059	0.13366442489575034	0.11813631847860996	0.11476398569818735	0.1229806020329959	0.1630594343855496	0.13647241615471323	0.15370202675568662	0.14760736911780525	0.29276037185490744	0.19931581612555488	0.17767437466632968	0.18924654557202153	0.19082713536612717	0.18828607561232014
f22ppB	0.3028250306277935	0.13168055685854024	0.1307981986462174	0.12523924309702217	0.3028384525476988	0.31800296163128405	0.2679403789707395	0.22860181847843156	0.2890021557630287	0.09749044607604535	0.10370043022870215	0.0	0.011732049311801154	0.07959958697061337	0.06969163230534983	0.08729362563212424	0.08429688024655302	0.07355705138724225	0.1566750477473034	0.17788161541485092	0.13812034650663182	0.24323238707414652	0.046186130711268016	0.054129733219372665	0.11760763679144828	0.1341476061010517	0.14334571938081872	0.1179960930412544	0.07234870754108785	0.06442394007631497	0.09173354337696787	0.09361720009742212	0.08602861052142333	0.046185130710767984	0.04566706361893175	0.04115595879154581	0.05046508683100056	0.06447329532829243	0.06156171133538867	0.03305790464835934	0.0499744800295387	0.031820755636877966	0.029640543794174613	0.036405204175232166	0.037773794183382635	0.04721630987302955	0.05058169037764911	0.05058169037764911	0.10452926282389058	0.08944880129434463	0.10567414298238155	0.12398483141950223	0.21933434905083793	0.09442591215393312	0.08631077119814429	0.09092023708734123	0.09092023708734123	0.12220958341855347	0.14247554486206837	0.18734688780811234	0.2906991761702539	0.25118973056592403	0.12591009891649194	0.11773181999060336	0.12554015931284795	0.11269717393651707	0.11024796456071147	0.1549691135866259	0.1693479945652838	0.24416788918923255	0.32159263212579337	0.2392710390922147	0.22266788168840967	0.17076228279878758	0.140205532849067	0.11024696456021144	0.09471885814307106	0.09134652536264845	0.099563141697457	0.13964197405001072	0.11305495581917431	0.13028456642014774	0.12418990878226636	0.2693429115193685	0.17589835579001598	0.1542569143307908	0.16582908523648263	0.16740967503058826	0.16486861527678126
f11pp	0.29542988160148653	0.1242854078322333	0.12340304961991047	0.11784409407071522	0.2954433035213919	0.31060781260497716	0.2605452299444326	0.22120666945212464	0.28160700673672173	0.09009529704973841	0.09630528120239522	0.011732049311801154	0.0	0.06786953765981227	0.062296483279042913	0.07989847660581732	0.0769017312202461	0.06616190236093533	0.14927989872099648	0.170486466388544	0.1307251974803249	0.2358372380478396	0.03879098168496109	0.04673458419306574	0.11021248776514136	0.12675245707474478	0.1359505703545118	0.11060094401494748	0.06495355851478093	0.05702879105000805	0.08433839435066096	0.0862220510711152	0.07863346149511641	0.03878998168446106	0.03827191459262483	0.03376080976523889	0.043069937804693634	0.0570781463019855	0.05416656230908175	0.025662755622052415	0.042579331003231774	0.024425606610571048	0.02224539476786769	0.029010055148925244	0.03037864515707571	0.039821160846722624	0.04318654135134218	0.04318654135134218	0.09713411379758366	0.0820536522680377	0.09827899395607462	0.1165896823931953	0.211939200024531	0.08703076312762617	0.07891562217183734	0.0835250880610343	0.0835250880610343	0.11481443439224653	0.13508039583576142	0.17995173878180543	0.283304027143947	0.24379458153961708	0.11851494989018502	0.11033667096429645	0.11814501028654101	0.10530202491021014	0.10285281553440453	0.14757396456031896	0.16195284553897688	0.2367727401629256	0.3141974830994864	0.23187589006590775	0.21527273266210276	0.16336713377248063	0.13281038382276006	0.1028518155339045	0.08732370911676413	0.08395137633634152	0.09216799267115007	0.13224682502370377	0.10565980679286738	0.1228894173938408	0.11679475975595943	0.26194776249306156	0.16850320676370906	0.14686176530448386	0.1584339362101757	0.16001452600428134	0.15747346625047431
f31pp	0.36329741926029874	0.19215294549104553	0.1912705872787227	0.18571163172952745	0.3633108411802041	0.37847535026378937	0.3284127676032448	0.28907420711093684	0.34947454439553394	0.1579628347085506	0.16417281886120744	0.07959958697061337	0.06786953765981227	0.0	0.13016402093785512	0.14776601426462954	0.1447692688790583	0.13402944001974754	0.21714743637980868	0.2383540040473562	0.1985927351391371	0.3037047757066518	0.1066585193437733	0.11460212185187796	0.17808002542395357	0.19461999473355698	0.203818108013324	0.17846848167375967	0.13282109617359314	0.12489632870882025	0.15220593200947316	0.1540895887299274	0.1465009991539286	0.10665751934327328	0.10613945225143703	0.1016283474240511	0.11093747546350585	0.12494568396079772	0.12203409996789397	0.09353029328086462	0.11044686866204398	0.09229314426938326	0.09011293242667989	0.09687759280773746	0.09824618281588791	0.10768869850553484	0.11105407901015438	0.11105407901015438	0.16500165145639586	0.14992118992684988	0.16614653161488682	0.1844572200520075	0.2798067376833432	0.15489830078643838	0.14678315983064955	0.1513926257198465	0.1513926257198465	0.18268197205105874	0.20294793349457363	0.24781927644061763	0.3511715648027592	0.3116621191984293	0.18638248754899722	0.17820420862310865	0.1860125479453532	0.17316956256902233	0.17072035319321674	0.21544150221913116	0.22982038319778908	0.3046402778217378	0.3820650207582986	0.29974342772471996	0.28314027032091493	0.23123467143129284	0.20067792148157226	0.1707193531927167	0.15519124677557633	0.15181891399515374	0.16003553032996226	0.20011436268251598	0.17352734445167958	0.190756955052653	0.18466229741477164	0.32981530015187377	0.23637074442252126	0.21472930296329606	0.2263014738689879	0.22788206366309355	0.22534100390928652
w4pp	0.3254726177662002	0.15432814399694697	0.15344578578462414	0.1478868302354289	0.32548603968610557	0.3406505487696908	0.2905879661091462	0.2512494056168383	0.3116497429014354	0.12013803321445207	0.12634801736710888	0.06969163230534983	0.062296483279042913	0.13016402093785512	0.0	0.023374639964095847	0.02037789457852463	0.009638065719213858	0.09275606207927499	0.11396262974682256	0.09044814834536469	0.1955601889128794	0.023511501597081992	0.03145510410518664	0.09493300767726226	0.11147297698686567	0.1206710902666327	0.09532146392706838	0.049674078426901844	0.041749310962128944	0.06905891426278185	0.0709425709832361	0.0633539814072373	0.023510501596581964	0.03304677834118996	0.028537673514804077	0.03784880155525888	0.05185701005255075	0.048945426059646996	0.03663772765899061	0.05355430304016997	0.054468342775284694	0.05228813093258134	0.05905279131363889	0.06042138132178936	0.06986389701143628	0.07322927751605582	0.07322927751605582	0.1271768499622973	0.11209638843275135	0.1283217301207883	0.14663241855790896	0.24198193618924468	0.11707349929233984	0.10895835833655101	0.11356782422574796	0.11356782422574796	0.14485717055696018	0.16512313200047507	0.20999447494651907	0.3133467633086606	0.27383731770433073	0.14855768605489866	0.1403794071290101	0.14818774645125468	0.1353447610749238	0.1328955516991182	0.17761670072503263	0.19199558170369052	0.26681547632763924	0.34424021926420006	0.2619186262306214	0.24531546882681643	0.1934098699371943	0.16285311998747373	0.13289455169861816	0.11736644528147779	0.11399411250105518	0.12221072883586373	0.16228956118841742	0.13570254295758105	0.15293215355855444	0.14683749592067308	0.29199049865777527	0.1985459429284227	0.1769045014691975	0.18847667237488935	0.190057262168995	0.18751620241518796
f4pp	0.34307461109297455	0.17193013732372137	0.17104777911139854	0.1654888235622033	0.34308803301287993	0.3582525420964652	0.30818995943592065	0.26885139894361265	0.3292517362282098	0.13774002654122647	0.14395001069388327	0.08729362563212424	0.07989847660581732	0.14776601426462954	0.023374639964095847	0.0	0.002998745386571274	0.02053259638560563	0.10365059274566676	0.12485716041321433	0.10805014167213908	0.2131621822396538	0.041113494923856395	0.049057097431961044	0.11253500100403666	0.12907497031364007	0.1382730835934071	0.11292345725384278	0.06727607175367624	0.059351304288903346	0.08666090758955625	0.08854456431001051	0.0809559747340117	0.04111249492335636	0.050648771667964367	0.04613966684157849	0.05545079488203329	0.06945900337932516	0.06654741938642142	0.054239720985765016	0.07115629636694437	0.07207033610205911	0.06989012425935574	0.07665478464041331	0.07802337464856376	0.08746589033821067	0.09083127084283023	0.09083127084283023	0.1447788432890717	0.12969838175952575	0.14592372344756266	0.16423441188468335	0.25958392951601905	0.13467549261911424	0.1265603516633254	0.13116981755252236	0.13116981755252236	0.1624591638837346	0.1827251253272495	0.22759646827329347	0.33094875663543505	0.29143931103110515	0.16615967938167306	0.1579814004557845	0.16578973977802908	0.1529467544016982	0.15049754502589258	0.19521869405180703	0.20959757503046492	0.28441746965441367	0.3618422125909745	0.2795206195573958	0.2629174621535908	0.2110118632639687	0.18045511331424813	0.15049654502539256	0.1349684386082522	0.13159610582782957	0.13981272216263813	0.17989155451519184	0.15330453628435542	0.17053414688532886	0.1644394892474475	0.30959249198454963	0.2161479362551971	0.19450649479597193	0.20607866570166375	0.20765925549576938	0.20511819574196238
f18pp	0.3400778657074034	0.16893339193815016	0.16805103372582733	0.16249207817663208	0.3400912876273088	0.355255796710894	0.3051932140503494	0.2658546535580415	0.32625499084263854	0.13474328115565526	0.14095326530831206	0.08429688024655302	0.0769017312202461	0.1447692688790583	0.02037789457852463	0.002998745386571274	0.0	0.017535851000034415	0.10065384736009556	0.12186041502764311	0.10505339628656787	0.2101654368540826	0.03811674953828518	0.04606035204638983	0.10953825561846545	0.12607822492806886	0.13527633820783588	0.10992671186827156	0.06427932636810503	0.05635455890333213	0.08366416220398504	0.08554781892443929	0.07795922934844049	0.03811574953778515	0.04765202628239315	0.043142921456007274	0.05245404949646208	0.06646225799375395	0.0635506740008502	0.0512429756001938	0.06815955098137316	0.0690735907164879	0.06689337887378453	0.0736580392548421	0.07502662926299256	0.08446914495263946	0.08783452545725902	0.08783452545725902	0.1417820979035005	0.12670163637395454	0.14292697806199145	0.16123766649911214	0.25658718413044784	0.13167874723354303	0.1235636062777542	0.12817307216695115	0.12817307216695115	0.1594624184981634	0.17972837994167828	0.22459972288772226	0.32795201124986384	0.28844256564553394	0.16316293399610185	0.15498465507021328	0.16279299439245787	0.14995000901612698	0.14750079964032137	0.19222194866623582	0.2066008296448937	0.28142072426884246	0.3588454672054033	0.2765238741718246	0.2599207167680196	0.2080151178783975	0.17745836792867692	0.14749979963982135	0.13197169322268099	0.12859936044225836	0.13681597677706692	0.17689480912962063	0.1503077908987842	0.16753740149975765	0.1614427438618763	0.3065957465989784	0.2131511908696259	0.19150974941040072	0.20308192031609254	0.20466251011019818	0.20212145035639117
f23ppA	0.3293380368480926	0.1581935630788394	0.15731120486651656	0.1517522493173213	0.329351458767998	0.3445159678515832	0.29445338519103864	0.2551148246987307	0.3155151619833278	0.12400345229634449	0.1302134364490013	0.07355705138724225	0.06616190236093533	0.13402944001974754	0.009638065719213858	0.02053259638560563	0.017535851000034415	0.0	0.0831199963610612	0.10432656402860876	0.0943135674272571	0.19942560799477183	0.027376920678974404	0.03532052318707905	0.09879842675915468	0.11533839606875809	0.12453650934852512	0.09918688300896078	0.05353949750879425	0.045614730044021355	0.07292433334467427	0.0748079900651285	0.06721940048912972	0.027375920678474375	0.036912197423082375	0.0324030925966965	0.0417142206371513	0.05572242913444317	0.05281084514153942	0.040503146740883025	0.05741972212206239	0.05833376185717711	0.05615355001447376	0.06291821039553132	0.06428680040368177	0.0737293160933287	0.07709469659794824	0.07709469659794824	0.13104226904418972	0.11596180751464377	0.1321871492026807	0.15049783763980137	0.2458473552711371	0.12093891837423226	0.11282377741844343	0.11743324330764038	0.11743324330764038	0.1487225896388526	0.1689885510823675	0.2138598940284115	0.31721218239055304	0.27770273678622315	0.15242310513679108	0.1442448262109025	0.1520531655331471	0.13921018015681622	0.13676097078101063	0.18148211980692505	0.19586100078558294	0.27068089540953166	0.3481056383460925	0.2657840453125138	0.24918088790870885	0.19727528901908672	0.16671853906936615	0.13675997078051058	0.1212318643633702	0.1178595315829476	0.12607614791775615	0.16615498027030984	0.13956796203947347	0.15679757264044686	0.1507029150025655	0.2958559177396677	0.20241136201031512	0.18076992055108992	0.19234209145678177	0.1939226812508874	0.19138162149708038
F14H1A	0.4124560332081537	0.2413115594389005	0.24042920122657768	0.23487024567738243	0.4124694551280591	0.42763396421164435	0.37757138155109976	0.3382328210587918	0.3986331583433889	0.20712144865640558	0.21333143280906242	0.1566750477473034	0.14927989872099648	0.21714743637980868	0.09275606207927499	0.10365059274566676	0.10065384736009556	0.0831199963610612	0.0	0.1691826401666981	0.17743156378731822	0.28254360435483294	0.11049491703903554	0.11843851954714019	0.1819164231192158	0.19845639242881924	0.20765450570858623	0.18230487936902193	0.1366574938688554	0.1287327264040825	0.15604232970473542	0.15792598642518965	0.15033739684919084	0.11049391703853552	0.12003019378314352	0.11552108895675764	0.12483221699721245	0.13884042549450432	0.13592884150160056	0.12362114310094417	0.14053771848212354	0.14145175821723824	0.1392715463745349	0.14603620675559245	0.1474047967637429	0.15684731245338981	0.16021269295800936	0.16021269295800936	0.21416026540425084	0.19907980387470486	0.2153051455627418	0.23361583399986247	0.3289653516311982	0.20405691473429335	0.19594177377850452	0.20055123966770147	0.20055123966770147	0.23184058599891372	0.2521065474424286	0.2969778903884726	0.40033017875061416	0.36082073314628427	0.2355411014968522	0.22736282257096363	0.2351711618932082	0.2223281765168773	0.21987896714107172	0.26460011616698614	0.27897899714564406	0.3537988917695928	0.4312236347061536	0.34890204167257494	0.33229888426876997	0.2803932853791478	0.24983653542942724	0.21987796714057167	0.2043498607234313	0.20097752794300872	0.20919414427781724	0.24927297663037096	0.22268595839953456	0.23991556900050798	0.23382091136262662	0.3789739140997288	0.28552935837037624	0.26388791691115104	0.2754600878168429	0.2770406776109485	0.2744996178571415
S31Hp	0.43366260087570124	0.262518127106448	0.2616357688941252	0.25607681334492993	0.43367602279560663	0.4488405318791919	0.3987779492186473	0.35943938872633935	0.41983972601093644	0.2283280163239531	0.23453800047660994	0.17788161541485092	0.170486466388544	0.2383540040473562	0.11396262974682256	0.12485716041321433	0.12186041502764311	0.10432656402860876	0.1691826401666981	0.0	0.1986381314548658	0.3037501720223805	0.1317014847065831	0.13964508721468777	0.20312299078676338	0.2196629600963668	0.22886107337613382	0.20351144703656948	0.15786406153640295	0.14993929407163006	0.17724889737228297	0.1791325540927372	0.17154396451673842	0.1317004847060831	0.14123676145069106	0.13672765662430517	0.14603878466475997	0.16004699316205184	0.1571354091691481	0.1448277107684917	0.16174428614967107	0.16265832588478576	0.16047811404208243	0.16724277442313998	0.16861136443129043	0.17805388012093734	0.18141926062555688	0.18141926062555688	0.23536683307179837	0.2202863715422524	0.23651171323028933	0.25482240166741	0.3501719192987457	0.22526348240184088	0.21714834144605205	0.221757807335249	0.221757807335249	0.25304715366646124	0.27331311510997613	0.31818445805602014	0.4215367464181617	0.3820273008138318	0.2567476691643997	0.24856939023851116	0.2563777295607557	0.24353474418442483	0.24108553480861925	0.28580668383453367	0.3001855648131916	0.3750054594371403	0.45243020237370113	0.37010860934012246	0.35350545193631744	0.30159985304669534	0.27104310309697477	0.2410845348081192	0.22555642839097884	0.22218409561055624	0.23040071194536477	0.2704795442979185	0.2438925260670821	0.2611221366680555	0.25502747903017414	0.4001804817672763	0.30673592603792377	0.28509448457869857	0.2966666554843904	0.29824724527849605	0.295706185524689
f17ppA	0.3939013319674821	0.22275685819822894	0.2218744999859061	0.21631554443671086	0.3939147538873875	0.40907926297097275	0.3590166803104282	0.3196781198181202	0.38007845710271737	0.18856674741573404	0.19477673156839084	0.13812034650663182	0.1307251974803249	0.1985927351391371	0.09044814834536469	0.10805014167213908	0.10505339628656787	0.0943135674272571	0.17743156378731822	0.1986381314548658	0.0	0.21742279905091216	0.09194021579836398	0.09988381830646864	0.16336172187854425	0.17990169118814767	0.1890998044679147	0.16375017812835035	0.11810279262818384	0.11017802516341094	0.13748762846406384	0.13937128518451808	0.1317826956085193	0.09193921579786396	0.10147549254247196	0.09696638771608608	0.10627751575654089	0.12028572425383276	0.117374140260929	0.10506644186027261	0.12198301724145197	0.1228970569765667	0.12071684513386333	0.12748150551492088	0.12885009552307133	0.13829261121271824	0.14165799171733778	0.14165799171733778	0.19560556416357927	0.1805251026340333	0.19675044432207023	0.21506113275919092	0.3104106503905266	0.18550221349362178	0.17738707253783295	0.1819965384270299	0.1819965384270299	0.21328588475824214	0.23355184620175704	0.278423189147801	0.38177547750994256	0.34226603190561267	0.21698640025618063	0.20880812133029206	0.21661646065253662	0.20377347527620576	0.20132426590040015	0.2460454149263146	0.26042429590497246	0.3352441905289212	0.41266893346548206	0.3303473404319034	0.31374418302809837	0.26183858413847627	0.2312818341887557	0.20132326589990013	0.18579515948275974	0.18242282670233712	0.19063944303714567	0.23071827538969938	0.204131257158863	0.22136086775983643	0.21526621012195507	0.3604192128590572	0.2669746571297047	0.2453332156704795	0.25690538657617135	0.2584859763702769	0.25594491661646995
S2Hp	0.4990133725349969	0.3278688987657436	0.32698654055342075	0.3214275850042255	0.4990267944549022	0.5141913035384875	0.4641287208779429	0.42479016038563494	0.48519049767023203	0.29367878798324876	0.29988877213590553	0.24323238707414652	0.2358372380478396	0.3037047757066518	0.1955601889128794	0.2131621822396538	0.2101654368540826	0.19942560799477183	0.28254360435483294	0.3037501720223805	0.21742279905091216	0.0	0.1970522563658787	0.20499585887398336	0.26847376244605897	0.28501373175566236	0.2942118450354294	0.2688622186958651	0.22321483319569854	0.21529006573092566	0.24259966903157856	0.2444833257520328	0.23689473617603402	0.19705125636537868	0.20658753310998665	0.20207842828360076	0.21138955632405557	0.22539776482134743	0.22248618082844368	0.2101784824277873	0.22709505780896666	0.22800909754408136	0.22582888570137802	0.23259354608243557	0.23396213609058603	0.24340465178023293	0.24677003228485248	0.24677003228485248	0.300717604731094	0.28563714320154804	0.30186248488958495	0.32017317332670564	0.41552269095804134	0.2906142540611365	0.2824991131053477	0.2871085789945446	0.2871085789945446	0.31839792532575684	0.3386638867692717	0.38353522971531573	0.48688751807745734	0.44737807247312744	0.3220984408236953	0.31392016189780675	0.32172850122005137	0.3088855158437205	0.30643630646791487	0.3511574554938293	0.3655363364724872	0.44035623109643596	0.5177809740329967	0.43545938099941806	0.4188562235956131	0.366950624705991	0.3363938747562704	0.30643530646741485	0.2909072000502745	0.28753486726985183	0.29575148360466036	0.3358303159572141	0.3092432977263777	0.3264729083273511	0.32037825068946973	0.46553125342657187	0.37208669769721936	0.35044525623799416	0.362017427143686	0.3635980169377916	0.3610569571839847
