	F7H1	S17H1	S4Hp	S18H1	S21H1	S20H1	F22HpB	S12Hp	F3H1	S16H2	31300	S6Hp	530055	f8pp	f21pp	w1pp	f1pp	f26pp	w14pp	w19pp	f14ppA	f10pp	f2pp	w16pp	f13pp	w4pp	f4pp	w3pp	f12ppA	S9H1	31452	S15Hp
F7H1	0.0	0.21426847487533213	0.24583009782566628	0.2479895899309581	0.24393221024600065	0.2531044367484799	0.25670707953818894	0.18450153113822299	0.2673680274266734	0.26588927044180505	0.4862964775692909	0.5813170448524885	0.5259629837088594	0.39061863001653513	0.4008982092050457	0.4288969319829799	0.40839652966352874	0.41159717888512815	0.4200183312029407	0.4128440527521483	0.4012977924054368	0.3875865551174503	0.4015867628899379	0.39894024611939294	0.38754004594112074	0.4164397088137863	0.4079641774871628	0.40426781812292284	0.3819260752160216	0.2737606960215327	0.2570771701911969	0.2653674407780645
S17H1	0.21426847487533213	0.0	0.2503461286241455	0.25250562072943733	0.24844824104447988	0.2576204675469591	0.2612231103366682	0.18901756193670222	0.27188405822515266	0.2704053012402843	0.49081250836777013	0.5858330756509676	0.5304790145073386	0.39513466081501436	0.40541424000352494	0.43341296278145913	0.41291256046200797	0.4161132096836074	0.4245343620014199	0.41736008355062754	0.405813823203916	0.39210258591592956	0.4061027936884171	0.40345627691787217	0.39205607673959997	0.4209557396122655	0.412480208285642	0.40878384892140207	0.38644210601450085	0.2782767268200119	0.26159320098967614	0.26988347157654374
S4Hp	0.24583009782566628	0.2503461286241455	0.0	0.08981937144408808	0.21195193134685011	0.24948372657883558	0.2530863693685447	0.1808808209685787	0.26374731725702916	0.2622685602721607	0.48267576739964657	0.5776963346828441	0.5223422735392151	0.3869979198468908	0.39727749903540144	0.4252762218133356	0.4047758194938844	0.4079764687154839	0.41639762103329636	0.40922334258250403	0.39767708223579246	0.38396584494780606	0.3979660527202936	0.39531953594974867	0.3839193357714764	0.41281899864414195	0.40434346731751847	0.4006471079532785	0.37830536504637735	0.27013998585188836	0.2534564600215526	0.26174673060842024
S18H1	0.2479895899309581	0.25250562072943733	0.08981937144408808	0.0	0.2141114234521419	0.2516432186841273	0.25524586147383643	0.18304031307387045	0.2659068093623209	0.2644280523774525	0.48483525950493833	0.5798558267881359	0.5245017656445069	0.38915741195218256	0.3994369911406932	0.42743571391862734	0.4069353115991762	0.41013596082077564	0.4185571131385881	0.4113828346877958	0.3998365743410842	0.3861253370530978	0.4001255448255854	0.39747902805504043	0.38607882787676817	0.4149784907494337	0.40650295942281023	0.4028066000585703	0.3804648571516691	0.2722994779571801	0.25561595212684435	0.263906222713712
S21H1	0.24393221024600065	0.24844824104447988	0.21195193134685011	0.2141114234521419	0.0	0.2475858389991699	0.251188481788879	0.178982933388913	0.26184942967736347	0.26037067269249503	0.4807778798199809	0.5757984471031784	0.5204443859595494	0.3851000322672251	0.39537961145573575	0.4233783342336699	0.4028779319142187	0.4060785811358182	0.41449973345363067	0.40732545500283834	0.39577919465612676	0.38206795736814037	0.3960681651406279	0.393421648370083	0.3820214481918107	0.41092111106447626	0.4024455797378528	0.3987492203736128	0.37640747746671166	0.2682420982722227	0.2515585724418869	0.25984884302875455
S20H1	0.2531044367484799	0.2576204675469591	0.24948372657883558	0.2516432186841273	0.2475858389991699	0.0	0.17163589048215638	0.16072846653175993	0.24359496282021037	0.242116205835342	0.4744545358450311	0.5694751031282286	0.5141210419845996	0.37877668829227534	0.3890562674807859	0.4170549902587201	0.39655458793926895	0.39975523716086836	0.4081763894786809	0.4010021110278885	0.389455850681177	0.37574461339319054	0.3897448211656781	0.38709830439513315	0.37569810421686095	0.4045977670895265	0.396122235762903	0.39242587639866305	0.37008413349176184	0.2619187542972729	0.24523522846693713	0.2535254990538047
F22HpB	0.25670707953818894	0.2612231103366682	0.2530863693685447	0.25524586147383643	0.251188481788879	0.17163589048215638	0.0	0.164331109321469	0.24719760560991944	0.24571884862505106	0.4780571786347402	0.5730777459179377	0.5177236847743087	0.3823793310819844	0.392658910270495	0.4206576330484292	0.400157230728978	0.4033578799505774	0.41177903226838997	0.4046047538175976	0.39305849347088606	0.3793472561828996	0.39334746395538717	0.3907009471848422	0.37930074700657	0.40820040987923556	0.3997248785526121	0.3960285191883721	0.3736867762814709	0.26552139708698197	0.2488378712566462	0.2571281418435138
S12Hp	0.18450153113822299	0.18901756193670222	0.1808808209685787	0.18304031307387045	0.178982933388913	0.16072846653175993	0.164331109321469	0.0	0.1502919079612629	0.14881315097639458	0.4058516302347742	0.5008721975179717	0.44551813637434273	0.31017378268201845	0.32045336187052903	0.3484520846484632	0.32795168232901206	0.33115233155061147	0.339573483868424	0.3323992054176316	0.3208529450709201	0.30714170778293365	0.3211419155554212	0.31849539878487626	0.30709519860660406	0.3359948614792696	0.3275193301526461	0.32382297078840616	0.30148122788150494	0.193315848687016	0.17663232285668024	0.18492259344354783
F3H1	0.2673680274266734	0.27188405822515266	0.26374731725702916	0.2659068093623209	0.26184942967736347	0.24359496282021037	0.24719760560991944	0.1502919079612629	0.0	0.16251335125957656	0.48871812652322466	0.5837386938064222	0.5283846326627932	0.3930402789704689	0.40331985815897947	0.43131858093691366	0.4108181786174625	0.4140188278390619	0.42243998015687445	0.41526570170608207	0.40371944135937055	0.3900082040713841	0.40400841184387165	0.4013618950733267	0.3899616948950545	0.41886135776772004	0.41038582644109656	0.4066894670768566	0.3843477241699554	0.27618234497546645	0.2594988191451307	0.2677890897319983
S16H2	0.26588927044180505	0.2704053012402843	0.2622685602721607	0.2644280523774525	0.26037067269249503	0.242116205835342	0.24571884862505106	0.14881315097639458	0.16251335125957656	0.0	0.4872393695383563	0.5822599368215537	0.5269058756779248	0.3915615219856005	0.4018411011741111	0.4298398239520453	0.4093394216325941	0.41254007085419353	0.42096122317200607	0.4137869447212137	0.40224068437450217	0.3885294470865157	0.40252965485900327	0.3998831380884583	0.3884829379101861	0.41738260078285166	0.4089070694562282	0.4052107100919882	0.382868967185087	0.2747035879905981	0.2580200621602623	0.2663103327471299
31300	0.4862964775692909	0.49081250836777013	0.48267576739964657	0.48483525950493833	0.4807778798199809	0.4744545358450311	0.4780571786347402	0.4058516302347742	0.48871812652322466	0.4872393695383563	0.0	0.19483412694409846	0.1394800658004695	0.5227630828580516	0.5330426620465623	0.5610413848244964	0.5405409825050452	0.5437416317266447	0.5521627840444572	0.5449885055936647	0.5334422452469533	0.5197310079589669	0.5337312157314544	0.5310846989609095	0.5196844987826372	0.5485841616553028	0.5401086303286793	0.5364122709644393	0.5140705280575382	0.4446724174957942	0.4615510349151383	0.4698413055020059
S6Hp	0.5813170448524885	0.5858330756509676	0.5776963346828441	0.5798558267881359	0.5757984471031784	0.5694751031282286	0.5730777459179377	0.5008721975179717	0.5837386938064222	0.5822599368215537	0.19483412694409846	0.0	0.1264506701849762	0.6177836501412493	0.6280632293297598	0.6560619521076939	0.6355615497882428	0.6387621990098422	0.6471833513276547	0.6400090728768624	0.6284628125301508	0.6147515752421644	0.628751783014652	0.626105266244107	0.6147050660658349	0.6436047289385003	0.6351291976118768	0.6314328382476369	0.6090910953407357	0.5396929847789917	0.5565716021983358	0.5648618727852035
530055	0.5259629837088594	0.5304790145073386	0.5223422735392151	0.5245017656445069	0.5204443859595494	0.5141210419845996	0.5177236847743087	0.44551813637434273	0.5283846326627932	0.5269058756779248	0.1394800658004695	0.1264506701849762	0.0	0.5624295889976202	0.5727091681861307	0.6007078909640649	0.5802074886446138	0.5834081378662132	0.5918292901840256	0.5846550117332333	0.5731087513865218	0.5593975140985354	0.5733977218710229	0.5707512051004779	0.5593510049222058	0.5882506677948713	0.5797751364682477	0.5760787771040079	0.5537370341971066	0.4843389236353628	0.5012175410547068	0.5095078116415744
f8pp	0.39061863001653513	0.39513466081501436	0.3869979198468908	0.38915741195218256	0.3851000322672251	0.37877668829227534	0.3823793310819844	0.31017378268201845	0.3930402789704689	0.3915615219856005	0.5227630828580516	0.6177836501412493	0.5624295889976202	0.0	0.020627853868479873	0.05192560771271739	0.03142520539326622	0.03462585461486564	0.04304700693267815	0.04659184858581624	0.03504558823910474	0.026306004844517956	0.040306212617005524	0.037659695846460575	0.03515409837058458	0.06405376124325007	0.055578229916626615	0.05188187055238666	0.045590805995891916	0.3489945699430385	0.36587318736238256	0.37416345794925016
f21pp	0.4008982092050457	0.40541424000352494	0.39727749903540144	0.3994369911406932	0.39537961145573575	0.3890562674807859	0.392658910270495	0.32045336187052903	0.40331985815897947	0.4018411011741111	0.5330426620465623	0.6280632293297598	0.5727091681861307	0.020627853868479873	0.0	0.062205186901227956	0.04170478458177679	0.04490543380337621	0.053326586121188714	0.056871427774326806	0.045325167427615304	0.03658558403302852	0.05058579180551609	0.04793927503497114	0.045433677559095144	0.07433334043176064	0.06585780910513718	0.062161449740897226	0.05587038518440248	0.3592741491315491	0.37615276655089314	0.38444303713776073
w1pp	0.4288969319829799	0.43341296278145913	0.4252762218133356	0.42743571391862734	0.4233783342336699	0.4170549902587201	0.4206576330484292	0.3484520846484632	0.43131858093691366	0.4298398239520453	0.5610413848244964	0.6560619521076939	0.6007078909640649	0.05192560771271739	0.062205186901227956	0.0	0.03562324820263404	0.060444692120063676	0.06886584443787619	0.08487015055226099	0.0733238902055495	0.06458430681096271	0.07858451458345028	0.07593799781290533	0.07343240033702933	0.10233206320969482	0.09385653188307136	0.0901601725188314	0.08386910796233665	0.38727287190948323	0.40415148932882733	0.4124417599156949
f1pp	0.40839652966352874	0.41291256046200797	0.4047758194938844	0.4069353115991762	0.4028779319142187	0.39655458793926895	0.400157230728978	0.32795168232901206	0.4108181786174625	0.4093394216325941	0.5405409825050452	0.6355615497882428	0.5802074886446138	0.03142520539326622	0.04170478458177679	0.03562324820263404	0.0	0.03994428980061251	0.048365442118425014	0.06436974823280983	0.05282348788609832	0.04408390449151154	0.05808411226399911	0.05543759549345416	0.05293199801757817	0.08183166089024366	0.0733561295636202	0.06965977019938024	0.06336870564288549	0.36677246959003207	0.38365108700937617	0.39194135759624377
f26pp	0.41159717888512815	0.4161132096836074	0.4079764687154839	0.41013596082077564	0.4060785811358182	0.39975523716086836	0.4033578799505774	0.33115233155061147	0.4140188278390619	0.41254007085419353	0.5437416317266447	0.6387621990098422	0.5834081378662132	0.03462585461486564	0.04490543380337621	0.060444692120063676	0.03994428980061251	0.0	0.04750382842428669	0.06757039745440924	0.05602413710769774	0.04728455371311096	0.06128476148559853	0.05863824471505358	0.05613264723917759	0.08503231011184309	0.07655677878521962	0.07286041942097968	0.06656935486448493	0.36997311881163153	0.3868517362309756	0.39514200681784317
w14pp	0.4200183312029407	0.4245343620014199	0.41639762103329636	0.4185571131385881	0.41449973345363067	0.4081763894786809	0.41177903226838997	0.339573483868424	0.42243998015687445	0.42096122317200607	0.5521627840444572	0.6471833513276547	0.5918292901840256	0.04304700693267815	0.053326586121188714	0.06886584443787619	0.048365442118425014	0.04750382842428669	0.0	0.07599154977222175	0.06444528942551025	0.055705706030923466	0.06970591380341104	0.06705939703286609	0.06455379955699009	0.09345346242965558	0.08497793110303212	0.08128157173879216	0.07499050718229741	0.378394271129444	0.3952728885487881	0.4035631591356557
w19pp	0.4128440527521483	0.41736008355062754	0.40922334258250403	0.4113828346877958	0.40732545500283834	0.4010021110278885	0.4046047538175976	0.3323992054176316	0.41526570170608207	0.4137869447212137	0.5449885055936647	0.6400090728768624	0.5846550117332333	0.04659184858581624	0.056871427774326806	0.08487015055226099	0.06436974823280983	0.06757039745440924	0.07599154977222175	0.0	0.04784242103027435	0.0485314275801311	0.06253163535261866	0.05988511858207372	0.05737952110619772	0.08627918397886322	0.07780365265223975	0.07410729328799981	0.06781622873150506	0.3712199926786517	0.38809861009799573	0.39638888068486333
f14ppA	0.4012977924054368	0.405813823203916	0.39767708223579246	0.3998365743410842	0.39577919465612676	0.389455850681177	0.39305849347088606	0.3208529450709201	0.40371944135937055	0.40224068437450217	0.5334422452469533	0.6284628125301508	0.5731087513865218	0.03504558823910474	0.045325167427615304	0.0733238902055495	0.05282348788609832	0.05602413710769774	0.06444528942551025	0.04784242103027435	0.0	0.0369851672334196	0.05098537500590716	0.048338858235362214	0.045833260759486225	0.07473292363215173	0.06625739230552825	0.06256103294128831	0.056269968384793555	0.3596737323319401	0.3765523497512842	0.3848426203381518
f10pp	0.3875865551174503	0.39210258591592956	0.38396584494780606	0.3861253370530978	0.38206795736814037	0.37574461339319054	0.3793472561828996	0.30714170778293365	0.3900082040713841	0.3885294470865157	0.5197310079589669	0.6147515752421644	0.5593975140985354	0.026306004844517956	0.03658558403302852	0.06458430681096271	0.04408390449151154	0.04728455371311096	0.055705706030923466	0.0485314275801311	0.0369851672334196	0.0	0.025618915339701023	0.02868862935682727	0.03212202347149978	0.061021686344165285	0.05254615501754181	0.04884979565330187	0.04255873109680712	0.3459624950439537	0.36284111246329775	0.37113138305016535
f2pp	0.4015867628899379	0.4061027936884171	0.3979660527202936	0.4001255448255854	0.3960681651406279	0.3897448211656781	0.39334746395538717	0.3211419155554212	0.40400841184387165	0.40252965485900327	0.5337312157314544	0.628751783014652	0.5733977218710229	0.040306212617005524	0.05058579180551609	0.07858451458345028	0.05808411226399911	0.06128476148559853	0.06970591380341104	0.06253163535261866	0.05098537500590716	0.025618915339701023	0.0	0.04268883712931484	0.04612223124398735	0.07502189411665285	0.06654636279002939	0.06285000342578943	0.05655893886929469	0.35996270281644127	0.3768413202357853	0.3851315908226529
w16pp	0.39894024611939294	0.40345627691787217	0.39531953594974867	0.39747902805504043	0.393421648370083	0.38709830439513315	0.3907009471848422	0.31849539878487626	0.4013618950733267	0.3998831380884583	0.5310846989609095	0.626105266244107	0.5707512051004779	0.037659695846460575	0.04793927503497114	0.07593799781290533	0.05543759549345416	0.05863824471505358	0.06705939703286609	0.05988511858207372	0.048338858235362214	0.02868862935682727	0.04268883712931484	0.0	0.0434757144734424	0.0723753773461079	0.06389984601948444	0.060203486655244484	0.05391242209874974	0.3573161860458963	0.37419480346524037	0.38248507405210797
f13pp	0.38754004594112074	0.39205607673959997	0.3839193357714764	0.38607882787676817	0.3820214481918107	0.37569810421686095	0.37930074700657	0.30709519860660406	0.3899616948950545	0.3884829379101861	0.5196844987826372	0.6147050660658349	0.5593510049222058	0.03515409837058458	0.045433677559095144	0.07343240033702933	0.05293199801757817	0.05613264723917759	0.06455379955699009	0.05737952110619772	0.045833260759486225	0.03212202347149978	0.04612223124398735	0.0434757144734424	0.0	0.05483745986830231	0.04636192854167885	0.0426655691774389	0.04251222192047752	0.3459159858676241	0.36279460328696816	0.37108487387383576
w4pp	0.4164397088137863	0.4209557396122655	0.41281899864414195	0.4149784907494337	0.41092111106447626	0.4045977670895265	0.40820040987923556	0.3359948614792696	0.41886135776772004	0.41738260078285166	0.5485841616553028	0.6436047289385003	0.5882506677948713	0.06405376124325007	0.07433334043176064	0.10233206320969482	0.08183166089024366	0.08503231011184309	0.09345346242965558	0.08627918397886322	0.07473292363215173	0.061021686344165285	0.07502189411665285	0.0723753773461079	0.05483745986830231	0.0	0.022152879638711293	0.06622327667109215	0.07141188479314302	0.3748156487402896	0.3916942661596337	0.3999845367465013
f4pp	0.4079641774871628	0.412480208285642	0.40434346731751847	0.40650295942281023	0.4024455797378528	0.396122235762903	0.3997248785526121	0.3275193301526461	0.41038582644109656	0.4089070694562282	0.5401086303286793	0.6351291976118768	0.5797751364682477	0.055578229916626615	0.06585780910513718	0.09385653188307136	0.0733561295636202	0.07655677878521962	0.08497793110303212	0.07780365265223975	0.06625739230552825	0.05254615501754181	0.06654636279002939	0.06389984601948444	0.04636192854167885	0.022152879638711293	0.0	0.05774774534446869	0.06293635346651955	0.3663401174136661	0.3832187348330102	0.3915090054198778
w3pp	0.40426781812292284	0.40878384892140207	0.4006471079532785	0.4028066000585703	0.3987492203736128	0.39242587639866305	0.3960285191883721	0.32382297078840616	0.4066894670768566	0.4052107100919882	0.5364122709644393	0.6314328382476369	0.5760787771040079	0.05188187055238666	0.062161449740897226	0.0901601725188314	0.06965977019938024	0.07286041942097968	0.08128157173879216	0.07410729328799981	0.06256103294128831	0.04884979565330187	0.06285000342578943	0.060203486655244484	0.0426655691774389	0.06622327667109215	0.05774774534446869	0.0	0.059239994102279606	0.36264375804942617	0.37952237546877027	0.38781264605563787
f12ppA	0.3819260752160216	0.38644210601450085	0.37830536504637735	0.3804648571516691	0.37640747746671166	0.37008413349176184	0.3736867762814709	0.30148122788150494	0.3843477241699554	0.382868967185087	0.5140705280575382	0.6090910953407357	0.5537370341971066	0.045590805995891916	0.05587038518440248	0.08386910796233665	0.06336870564288549	0.06656935486448493	0.07499050718229741	0.06781622873150506	0.056269968384793555	0.04255873109680712	0.05655893886929469	0.05391242209874974	0.04251222192047752	0.07141188479314302	0.06293635346651955	0.059239994102279606	0.0	0.340302015142525	0.35718063256186905	0.36547090314873665
S9H1	0.2737606960215327	0.2782767268200119	0.27013998585188836	0.2722994779571801	0.2682420982722227	0.2619187542972729	0.26552139708698197	0.193315848687016	0.27618234497546645	0.2747035879905981	0.4446724174957942	0.5396929847789917	0.4843389236353628	0.3489945699430385	0.3592741491315491	0.38727287190948323	0.36677246959003207	0.36997311881163153	0.378394271129444	0.3712199926786517	0.3596737323319401	0.3459624950439537	0.35996270281644127	0.3573161860458963	0.3459159858676241	0.3748156487402896	0.3663401174136661	0.36264375804942617	0.340302015142525	0.0	0.24901525336738012	0.2573055239542477
31452	0.2570771701911969	0.26159320098967614	0.2534564600215526	0.25561595212684435	0.2515585724418869	0.24523522846693713	0.2488378712566462	0.17663232285668024	0.2594988191451307	0.2580200621602623	0.4615510349151383	0.5565716021983358	0.5012175410547068	0.36587318736238256	0.37615276655089314	0.40415148932882733	0.38365108700937617	0.3868517362309756	0.3952728885487881	0.38809861009799573	0.3765523497512842	0.36284111246329775	0.3768413202357853	0.37419480346524037	0.36279460328696816	0.3916942661596337	0.3832187348330102	0.37952237546877027	0.35718063256186905	0.24901525336738012	0.0	0.19459568604586264
S15Hp	0.2653674407780645	0.26988347157654374	0.26174673060842024	0.263906222713712	0.25984884302875455	0.2535254990538047	0.2571281418435138	0.18492259344354783	0.2677890897319983	0.2663103327471299	0.4698413055020059	0.5648618727852035	0.5095078116415744	0.37416345794925016	0.38444303713776073	0.4124417599156949	0.39194135759624377	0.39514200681784317	0.4035631591356557	0.39638888068486333	0.3848426203381518	0.37113138305016535	0.3851315908226529	0.38248507405210797	0.37108487387383576	0.3999845367465013	0.3915090054198778	0.38781264605563787	0.36547090314873665	0.2573055239542477	0.19459568604586264	0.0
