	f14ppA	S2Hp	S17H1	S14Hp	w14pp	f23ppB	w11pp	w28pp	f1pp	S1Hp	F32H1	S28Hp	S9H1	F8H1	S11Hp	S18H1	s24H1	F6H1	S31Hp	S30H1	S13Hp	F7H1	w24pp	f20ppB	w22pp	S22Hp	f13pp	w29pp	S29H1	w27pp	S27H1	w17pp	f25pp	f22ppB	w25pp	w3pp	f20ppA	w20pp	f18pp	f23ppA	f26pp	F23HpA	f10pp	f19pp	S20H1	F29H1	w10pp	S6Hp	S15Hp	S19H1	F14H1A	f32pp	f17ppB	f14ppB	f2pp	w1pp	w8pp	F14H1B	w23pp	F16H1	w19pp	31749	S26Hp	F22HpB	S21H1	F3H1	S3Hp	f4pp	S12Hp	f21pp	f24pp	w26pp	w18pp	f31pp	f11pp	31519	f6ppA	w31pp	f30pp	f15pp	f12ppA	S4Hp	f6ppB	w9pp	f7pp	f16ppA	f12ppB	f8pp
f14ppA	0.0	0.10860859411709937	0.20172041350925451	0.20944275186807093	0.14549510347139888	0.08916420033955519	0.0954132889261388	0.07497851993644826	0.07657150415125626	0.08539319025525632	0.16778454305085158	0.21969758642797158	0.1377584465414633	0.22828288956701662	0.1600067936662738	0.1301969860629158	0.16426534747875526	0.1852769061907023	0.2967107159555891	0.30001785756731647	0.22801098352003948	0.2358704988463566	0.09998300858291799	0.13751092651368482	0.1304613214357787	0.1302983186064655	0.12145340141768106	0.12901164056959388	0.24669600394543367	0.1549634532670873	0.17623477098262513	0.0862950331585319	0.06433240620066236	0.11670479626934296	0.11028928471143891	0.12119152462570323	0.0740931963809309	0.078760204299057	0.13943419025662485	0.10548933585139661	0.1381122033621049	0.13896838209136397	0.10360440655239966	0.15539136435093448	0.22586741445712558	0.2778622435901664	0.14392282268661435	0.14475383424811258	0.19027268188672886	0.1934009845341467	0.17937469200646286	0.1416120022626197	0.11373685394508466	0.11906945931949817	0.11533179262996479	0.15473193467982463	0.17778297812325955	0.3183118077788094	0.17166319947799294	0.2662435401787761	0.1536811028628495	0.8008325941470076	0.8930400894361109	0.6905235364613506	0.6900636723828386	0.7004576404463396	0.5649124559802031	0.1189713402580776	0.13120784165448623	0.11106644539512035	0.09544719140823618	0.11417330141910795	0.12961597204971229	0.1469441333497501	0.10700657601923833	0.20708425006642736	0.15882014925528862	0.11512184847683386	0.10834572939263892	0.1568676750137055	0.12169986154768869	0.10343741189855117	0.08389012860281635	0.07898213692727177	0.06414813690060743	0.06582136169129445	0.061519743592891835	0.07345893059014875
S2Hp	0.10860859411709937	0.0	0.1967573473144698	0.20447968567328623	0.14053203727661415	0.0917886117862579	0.11316319739519445	0.09272842840550391	0.0943214126203119	0.10314309872431199	0.18553445151990722	0.2374474948970272	0.15550835501051896	0.24603279803607225	0.17775670213532943	0.14794689453197146	0.18201525594781093	0.20302681465975797	0.3144606244246448	0.31776776603637213	0.24576089198909512	0.25362040731541224	0.11773291705197364	0.15526083498274046	0.14821122990483437	0.14804822707552115	0.1392033098867367	0.14676154903864952	0.26444591241448934	0.17271336173614293	0.1939846794516808	0.10404494162758755	0.08208231466971799	0.1344547047383986	0.12803919318049456	0.13894143309475887	0.09184310484998653	0.09651011276811264	0.1571840987256805	0.12323924432045225	0.15586211183116055	0.15671829056041964	0.1213543150214553	0.17314127281999014	0.2436173229261812	0.2956121520592221	0.16167273115567	0.16250374271716822	0.2080225903557845	0.21115089300320233	0.1971246004755185	0.15936191073167533	0.1314867624141403	0.1368193677885538	0.13308170109902043	0.17248184314888027	0.19553288659231519	0.33606171624786507	0.18941310794704858	0.2839934486478317	0.17143101133190514	0.8185825026160632	0.9107899979051666	0.7082734449304062	0.7078135808518943	0.7182075489153953	0.5826623644492588	0.13672124872713326	0.14895775012354187	0.128816353864176	0.11319709987729183	0.13192320988816358	0.14736588051876792	0.16469404181880573	0.12475648448829398	0.224834158535483	0.17657005772434425	0.1328717569458895	0.12609563786169456	0.17461758348276113	0.13944977001674433	0.12118732036760682	0.101640037071872	0.09673204539632742	0.08189804536966308	0.0835712701603501	0.07926965206194748	0.0912088390592044
S17H1	0.20172041350925451	0.1967573473144698	0.0	0.2723396654687801	0.208392017072108	0.18490043117841304	0.2062750167873496	0.18584024779765906	0.18743323201246703	0.19625491811646711	0.2786462709120624	0.3305593142891824	0.2486201744026741	0.33914461742822744	0.2708685215274846	0.2410587139241266	0.27512707533996605	0.2961386340519131	0.4075724438167999	0.41087958542852726	0.3388727113812503	0.3467322267075674	0.21084473644412877	0.2483726543748956	0.2413230492969895	0.2411600464676763	0.23231512927889186	0.23987336843080467	0.35755773180664446	0.2658251811282981	0.2870964988438359	0.1971567610197427	0.17519413406187315	0.22756652413055378	0.2211510125726497	0.23205325248691405	0.1849549242421417	0.1896219321602678	0.25029591811783564	0.2163510637126074	0.24897393122331568	0.24983010995257476	0.21446613441361045	0.26625309221214527	0.3367291423183364	0.38872397145137727	0.2547845505478252	0.2556155621093234	0.30113440974793965	0.3042627123953575	0.2902364198676737	0.25247373012383045	0.22459858180629547	0.22993118718070896	0.22619352049117558	0.26559366254103545	0.28864470598447034	0.42917353564002025	0.28252492733920376	0.3771052680399869	0.2645428307240603	0.9116943220082184	1.0039018172973218	0.8013852643225614	0.8009254002440495	0.8113193683075505	0.675774183841414	0.2298330681192884	0.24206956951569703	0.22192817325633116	0.206308919269447	0.22503502928031877	0.24047769991092308	0.2578058612109609	0.21786830388044914	0.3179459779276381	0.26968187711649944	0.22598357633804467	0.2192074572538497	0.2677294028749163	0.23256158940889948	0.21429913975976198	0.19475185646402715	0.18984386478848256	0.17500986476181823	0.17668308955250525	0.17238147145410262	0.18432065845135956
S14Hp	0.20944275186807093	0.20447968567328623	0.2723396654687801	0.0	0.1224674371357096	0.19262276953722945	0.21399735514616602	0.19356258615647548	0.19515557037128345	0.20397725647528353	0.2863686092708788	0.3382816526479988	0.2563425127614905	0.34686695578704385	0.278590859886301	0.248781052282943	0.28284941369878247	0.3038609724107295	0.41529478217561633	0.4186019237873437	0.3465950497400667	0.35445456506638384	0.21856707480294518	0.25609499273371206	0.24904538765580592	0.24888238482649272	0.24003746763770828	0.2475957067896211	0.3652800701654609	0.27354751948711453	0.29481883720265234	0.2048790993785591	0.18291647242068956	0.2352888624893702	0.22887335093146613	0.23977559084573047	0.1926772626009581	0.1973442705190842	0.25801825647665205	0.22407340207142382	0.2566962695821321	0.2575524483113912	0.22218847277242687	0.2739754305709617	0.3444514806771528	0.3964463098101937	0.2625068889066416	0.2633379004681398	0.30885674810675606	0.31198505075417393	0.2979587582264901	0.26019606848264687	0.23232092016511188	0.23765352553952537	0.233915858849992	0.27331600089985186	0.29636704434328676	0.43689587399883667	0.2902472656980202	0.3848276063988033	0.27226516908287673	0.9194166603670348	1.011624155656138	0.8091076026813778	0.8086477386028659	0.8190417066663669	0.6834965222002304	0.2375554064781048	0.24979190787451344	0.22965051161514757	0.21403125762826342	0.23275736763913518	0.2482000382697395	0.2655281995697773	0.22559064223926556	0.32566831628645454	0.27740421547531585	0.23370591469686108	0.22692979561266613	0.2754517412337327	0.2402839277677159	0.2220214781185784	0.20247419482284357	0.19756620314729897	0.18273220312063465	0.18440542791132167	0.18010380981291904	0.19204299681017598
w14pp	0.14549510347139888	0.14053203727661415	0.208392017072108	0.1224674371357096	0.0	0.1286751211405574	0.15004970674949394	0.1296149377598034	0.1312079219746114	0.14002960807861148	0.2224209608742067	0.2743340042513267	0.19239486436481845	0.28291930739037174	0.21464321148962892	0.18483340388627095	0.21890176530211042	0.23991332401405746	0.3513471337789443	0.3546542753906716	0.2826474013433946	0.29050691666971173	0.15461942640627313	0.19214734433703995	0.18509773925913386	0.18493473642982064	0.1760898192410362	0.183648058392949	0.3013324217687888	0.20959987109044242	0.2308711888059803	0.14093145098188703	0.11896882402401748	0.1713412140926981	0.16492570253479405	0.17582794244905836	0.12872961420428602	0.13339662212241213	0.19407060807998	0.16012575367475174	0.19274862118546005	0.19360479991471913	0.1582408243757548	0.21002778217428963	0.2805038322804807	0.3324986614135216	0.19855924050996948	0.1993902520714677	0.24490909971008398	0.24803740235750182	0.234011109829818	0.19624842008597482	0.1683732717684398	0.1737058771428533	0.16996821045331992	0.20936835250317976	0.23241939594661468	0.37294822560216456	0.22629961730134807	0.3208799580021312	0.20831752068620463	0.8554690119703627	0.9476765072594661	0.7451599542847057	0.7447000902061938	0.7550940582696948	0.6195488738035583	0.17360775808143275	0.18584425947784136	0.1657028632184755	0.1500836092315913	0.16880971924246307	0.1842523898730674	0.20158055117310522	0.16164299384259345	0.2617206678897825	0.21345656707864374	0.169758266300189	0.16298214721599405	0.21150409283706062	0.17633627937104382	0.1580738297219063	0.1385265464261715	0.1336185547506269	0.11878455472396257	0.12045777951464959	0.11615616141624698	0.1280953484135039
f23ppB	0.08916420033955519	0.0917886117862579	0.18490043117841304	0.19262276953722945	0.1286751211405574	0.0	0.09371880361765027	0.07328403462795972	0.07487701884276772	0.08369870494676779	0.16609005774236305	0.21800310111948304	0.13606396123297476	0.22658840425852808	0.15831230835778526	0.12850250075442726	0.16257086217026673	0.18358242088221377	0.2950162306471006	0.29832337225882793	0.22631649821155095	0.23417601353786807	0.09828852327442945	0.1358164412051963	0.12876683612729017	0.12860383329797698	0.11975891610919252	0.12731715526110535	0.24500151863694514	0.15326896795859876	0.1745402856741366	0.08460054785004337	0.06263792089217382	0.11501031096085443	0.10859479940295037	0.1194970393172147	0.07239871107244236	0.07706571899056847	0.1377397049481363	0.10379485054290807	0.13641771805361635	0.13727389678287544	0.10190992124391113	0.15369687904244594	0.22417292914863704	0.2761677582816779	0.14222833737812582	0.14305934893962405	0.18857819657824032	0.19170649922565816	0.17768020669797432	0.13991751695413115	0.11204236863659613	0.11737497401100963	0.11363730732147626	0.1530374493713361	0.176088492814771	0.31661732247032087	0.1699687141695044	0.26454905487028757	0.15198661755436096	0.7991381088385191	0.8913456041276224	0.6888290511528621	0.6883691870743501	0.6987631551378511	0.5632179706717146	0.11727685494958906	0.1295133563459977	0.10937196008663182	0.09375270609974765	0.11247881611061941	0.12792148674122375	0.14524964804126156	0.10531209071074979	0.20538976475793883	0.15712566394680008	0.11342736316834533	0.10665124408415039	0.15517318970521696	0.12000537623920016	0.10174292659006264	0.08219564329432781	0.07728765161878323	0.0624536515921189	0.06412687638280591	0.0598252582844033	0.07176444528166022
w11pp	0.0954132889261388	0.11316319739519445	0.2062750167873496	0.21399735514616602	0.15004970674949394	0.09371880361765027	0.0	0.023519991975454905	0.03277329936577533	0.0415949854697754	0.1313650240386838	0.1832780674158038	0.10133892752929555	0.19186337055484884	0.12358727465410602	0.09377746705074805	0.12784582846658749	0.14885738717853453	0.26029119694342134	0.2635983385551487	0.1915914645078717	0.19945097983418883	0.06356348957075023	0.10109140750151706	0.09404180242361095	0.09387879959429773	0.0850338824055133	0.09259212155742612	0.2102764849332659	0.11854393425491953	0.13981525197045735	0.04987551414636413	0.044580847287516996	0.11007816314051719	0.10366265158261312	0.11456489149687746	0.06746656325210511	0.07213357117023121	0.13280755712779907	0.09886270272257082	0.13148557023327911	0.1323417489625382	0.09697777342357387	0.1487647312221087	0.21924078132829977	0.27123561046134065	0.13729618955778858	0.1381272011192868	0.18364604875790305	0.1867743514053209	0.17274805887763706	0.1349853691337939	0.10711022081625887	0.11244282619067236	0.10870515950113899	0.14810530155099885	0.17115634499443375	0.31168517464998363	0.16503656634916716	0.25961690704995033	0.14705446973402372	0.7942059610181819	0.8864134563072852	0.6838969033325248	0.6834370392540129	0.6938310073175139	0.5582858228513774	0.11234470712925182	0.12458120852566043	0.10443981226629456	0.0888205582794104	0.10754666829028217	0.12298933892088648	0.1403175002209243	0.10037994289041255	0.20045761693760156	0.15219351612646284	0.10849521534800807	0.10171909626381313	0.15024104188487972	0.11507322841886289	0.09681077876972538	0.07726349547399056	0.07235550379844598	0.05752150377178165	0.05919472856246866	0.054893110464066044	0.06683229746132296
w28pp	0.07497851993644826	0.09272842840550391	0.18584024779765906	0.19356258615647548	0.1296149377598034	0.07328403462795972	0.023519991975454905	0.0	0.012338530376084785	0.021160216480084856	0.11093025504899327	0.16284329842611325	0.080904158539605	0.1714286015651583	0.10315250566441547	0.0733426980610575	0.10741105947689696	0.12842261818884398	0.2398564279537308	0.24316356956545815	0.17115669551818116	0.17901621084449829	0.043128720581059675	0.08065663851182651	0.0736070334339204	0.07344403060460719	0.06459911341582275	0.07215735256773557	0.18984171594357535	0.09810916526522899	0.11938048298076681	0.029440745156673588	0.024146078297826452	0.08964339415082664	0.08322788259292258	0.09413012250718691	0.047031794262414564	0.05169880218054067	0.11237278813810853	0.07842793373288028	0.11105080124358857	0.11190697997284765	0.07654300443388333	0.12832996223241816	0.19880601233860923	0.2508008414716501	0.11686142056809803	0.11769243212959626	0.1632112797682125	0.16633958241563035	0.1523132898879465	0.11455060014410334	0.08667545182656833	0.09200805720098182	0.08827039051144844	0.1276705325613083	0.1507215760047432	0.2912504056602931	0.14460179735947662	0.23918213806025976	0.12661970074433318	0.7737711920284913	0.8659786873175946	0.6634621343428343	0.6630022702643223	0.6733962383278234	0.5378510538616869	0.09190993813956128	0.10414643953596989	0.08400504327660402	0.06838578928971986	0.08711189930059163	0.10255456993119594	0.11988273123123375	0.079945173900722	0.180022847947911	0.1317587471367723	0.08806044635831753	0.08128432727412259	0.12980627289518917	0.09463845942917234	0.07637600978003484	0.05682872648430001	0.051920734808755434	0.0370867347820911	0.03875995957277811	0.0344583414743755	0.04639752847163242
f1pp	0.07657150415125626	0.0943214126203119	0.18743323201246703	0.19515557037128345	0.1312079219746114	0.07487701884276772	0.03277329936577533	0.012338530376084785	0.0	0.008823686105000129	0.11252323926380127	0.16443628264092125	0.082497142754413	0.1730215857799663	0.10474548987922347	0.0749356822758655	0.10900404369170495	0.13001560240365198	0.2414494121685388	0.24475655378026615	0.17274967973298916	0.18060919505930628	0.04472170479586768	0.08224962272663451	0.0752000176487284	0.07503701481941519	0.06619209763063075	0.07375033678254357	0.19143470015838335	0.09970214948003699	0.12097346719557481	0.031033729371481585	0.02573906251263445	0.09123637836563464	0.08482086680773057	0.09572310672199491	0.04862477847722256	0.053291786395348664	0.11396577235291652	0.08002091794768827	0.11264378545839657	0.11349996418765565	0.07813598864869133	0.12992294644722616	0.20039899655341722	0.25239382568645813	0.11845440478290603	0.11928541634440426	0.1648042639830205	0.16793256663043835	0.1539062741027545	0.11614358435891134	0.08826843604137632	0.09360104141578982	0.08986337472625644	0.1292635167761163	0.1523145602195512	0.2928433898751011	0.14619478157428462	0.24077512227506775	0.12821268495914118	0.7753641762432992	0.8675716715324026	0.6650551185576422	0.6645952544791303	0.6749892225426313	0.5394440380764948	0.09350292235436927	0.10573942375077788	0.08559802749141202	0.06997877350452786	0.08870488351539962	0.10414755414600393	0.12147571544604174	0.08153815811553	0.181615832162719	0.1333517313515803	0.08965343057312553	0.08287731148893059	0.13139925710999717	0.09623144364398034	0.07796899399484283	0.05842171069910801	0.05351371902356343	0.0386797189968991	0.04035294378758611	0.0360513256891835	0.04799051268644042
S1Hp	0.08539319025525632	0.10314309872431199	0.19625491811646711	0.20397725647528353	0.14002960807861148	0.08369870494676779	0.0415949854697754	0.021160216480084856	0.008823686105000129	0.0	0.12134492536780134	0.17325796874492133	0.09131882885841307	0.18184327188396637	0.11356717598322354	0.08375736837986557	0.11782572979570502	0.13883728850765203	0.25027109827253885	0.2535782398842662	0.18157136583698924	0.18943088116330636	0.053543390899867746	0.09107130883063458	0.08402170375272847	0.08385870092341526	0.07501378373463082	0.08257202288654364	0.2002563862623834	0.10852383558403705	0.12979515329957486	0.03985541547548166	0.034560748616634517	0.10005806446963471	0.09364255291173065	0.10454479282599498	0.057446464581222635	0.06211347249934873	0.12278745845691659	0.08884260405168834	0.12146547156239663	0.12232165029165572	0.0869576747526914	0.1387446325512262	0.2092206826574173	0.2612155117904582	0.1272760908869061	0.12810710244840434	0.1736259500870206	0.17675425273443843	0.1627279602067546	0.12496527046291142	0.0970901221453764	0.1024227275197899	0.09868506083025652	0.1380852028801164	0.16113624632355128	0.3016650759791012	0.1550164676782847	0.24959680837906784	0.13703437106314126	0.7841858623472994	0.8763933576364027	0.6738768046616423	0.6734169405831304	0.6838109086466314	0.5482657241804949	0.10232460845836934	0.11456110985477796	0.0944197135954121	0.07880045960852793	0.09752656961939969	0.11296924025000402	0.13029740155004182	0.09035984421953007	0.1904375182667191	0.14217341745558038	0.09847511667712561	0.09169899759293065	0.14022094321399725	0.10505312974798042	0.08679068009884292	0.06724339680310809	0.06233540512756351	0.047501405100899174	0.049174629891586184	0.04487301179318357	0.056812198790440485
F32H1	0.16778454305085158	0.18553445151990722	0.2786462709120624	0.2863686092708788	0.2224209608742067	0.16609005774236305	0.1313650240386838	0.11093025504899327	0.11252323926380127	0.12134492536780134	0.0	0.19655635129901994	0.1146172114125117	0.20514165443806498	0.13686555853732219	0.14667105900818697	0.18073942042402644	0.20175097913597345	0.31318478890086027	0.3164919305125876	0.24448505646531063	0.2523445717916277	0.11645708152818915	0.153984999458956	0.14693539438104988	0.14677239155173666	0.13792747436295222	0.15349109503765918	0.27117545841349894	0.1794429077351526	0.2007142254506904	0.1107744876265972	0.11695210141222977	0.18244941726522995	0.1760339057073259	0.18693614562159022	0.13983781737681789	0.144504825294944	0.20517881125251186	0.1712339568472836	0.2038568243579919	0.204713003087251	0.16934902754828665	0.2211359853468215	0.29161203545301256	0.34360686458605344	0.20966744368250134	0.21049845524399957	0.2560173028826158	0.2591456055300337	0.24511931300234985	0.20735662325850668	0.17948147494097166	0.18481408031538515	0.18107641362585178	0.22047655567571162	0.24352759911914654	0.3840564287746964	0.23740782047387993	0.3319881611746631	0.2194257238587365	0.8665772151428945	0.958784710431998	0.7562681574572376	0.7558082933787256	0.7662022614422266	0.6306570769760902	0.1847159612539646	0.19695246265037322	0.17681106639100735	0.16119181240412317	0.17991792241499494	0.19536059304559927	0.21268875434563708	0.1727511970151253	0.27282887106231435	0.2245647702511756	0.18086646947272086	0.1740903503885259	0.22261229600959248	0.18744448254357568	0.16918203289443817	0.14963474959870335	0.14472675792315876	0.12989275789649443	0.13156598268718145	0.12726436458877882	0.13920355158603576
S28Hp	0.21969758642797158	0.2374474948970272	0.3305593142891824	0.3382816526479988	0.2743340042513267	0.21800310111948304	0.1832780674158038	0.16284329842611325	0.16443628264092125	0.17325796874492133	0.19655635129901994	0.0	0.12073337048825976	0.24617431668963374	0.17789822078889092	0.19858410238530694	0.2326524638011464	0.25366402251309345	0.3650978322779802	0.3684049738897076	0.2963980998424306	0.3042576151687477	0.16837012490530912	0.20589804283607596	0.19884843775816985	0.19868543492885662	0.1898405177400722	0.20540413841477914	0.3230885017906189	0.23135595111227256	0.2526272688278104	0.16268753100371716	0.16886514478934977	0.23436246064234995	0.2279469490844459	0.23884918899871022	0.19175086075393788	0.19641786867206398	0.25709185462963186	0.2231470002244036	0.2557698677351119	0.256626046464371	0.22126207092540665	0.2730490287239415	0.34352507883013256	0.39551990796317343	0.26158048705962134	0.26241149862111957	0.3079303462597358	0.3110586489071537	0.29703235637946984	0.25926966663562667	0.23139451831809166	0.23672712369250515	0.23298945700297177	0.2723895990528316	0.29544064249626656	0.4359694721518164	0.2893208638509999	0.3839012045517831	0.2713387672358565	0.9184902585200145	1.010697753809118	0.8081812008343576	0.8077213367558456	0.8181153048193466	0.6825701203532102	0.2366290046310846	0.24886550602749322	0.22872410976812735	0.21310485578124316	0.23183096579211493	0.24727363642271927	0.26460179772275705	0.2246642403922453	0.32474191443943434	0.2764778136282956	0.23277951284984086	0.2260033937656459	0.2745253393867125	0.23935752592069567	0.22109507627155817	0.20154779297582334	0.19663980130027875	0.18180580127361443	0.18347902606430144	0.17917740796589882	0.19111659496315575
S9H1	0.1377584465414633	0.15550835501051896	0.2486201744026741	0.2563425127614905	0.19239486436481845	0.13606396123297476	0.10133892752929555	0.080904158539605	0.082497142754413	0.09131882885841307	0.1146172114125117	0.12073337048825976	0.0	0.1642351768031255	0.09595908090238268	0.11664496249879872	0.15071332391463815	0.1717248826265852	0.283158692391472	0.28646583400319936	0.21445895995592235	0.22231847528223947	0.0864309850188009	0.12395890294956771	0.1169092978716616	0.1167462950423484	0.10790137785356396	0.12346499852827089	0.24114936190411068	0.14941681122576433	0.17068812894130214	0.08074839111720893	0.0869260049028415	0.1524233207558417	0.14600780919793763	0.15691004911220197	0.1098117208674296	0.1144787287855557	0.17515271474312355	0.1412078603378953	0.1738307278486036	0.17468690657786268	0.13932293103889837	0.19110988883743318	0.26158593894362425	0.31358076807666513	0.1796413471731131	0.18047235873461132	0.22599120637322756	0.2291195090206454	0.21509321649296156	0.1773305267491184	0.14945537843158338	0.15478798380599687	0.1510503171164635	0.19045045916632336	0.21350150260975825	0.3540303322653081	0.20738172396449167	0.3019620646652748	0.18939962734934823	0.8365511186335063	0.9287586139226096	0.7262420609478493	0.7257821968693373	0.7361761649328383	0.6006309804667018	0.1546898647445763	0.16692636614098494	0.14678496988161907	0.1311657158947349	0.14989182590560668	0.165334496536211	0.1826626578362488	0.14272510050573706	0.24280277455292607	0.19453867374178735	0.15084037296333258	0.14406425387913763	0.19258619950020422	0.1574183860341874	0.1391559363850499	0.11960865308931506	0.11470066141377049	0.09986666138710615	0.10153988617779316	0.09723826807939055	0.10917745507664747
F8H1	0.22828288956701662	0.24603279803607225	0.33914461742822744	0.34686695578704385	0.28291930739037174	0.22658840425852808	0.19186337055484884	0.1714286015651583	0.1730215857799663	0.18184327188396637	0.20514165443806498	0.24617431668963374	0.1642351768031255	0.0	0.14285049022476065	0.20716940552435198	0.24123776694019144	0.2622493256521385	0.37368313541702525	0.37699027702875265	0.30498340298147564	0.31284291830779276	0.17695542804435416	0.214483345975121	0.2074337408972149	0.20727073806790167	0.19842582087911725	0.21398944155382418	0.3316738049296639	0.2399412542513176	0.26121257196685543	0.1712728341427622	0.17745044792839482	0.242947763781395	0.23653225222349095	0.24743449213775526	0.20033616389298292	0.20500317181110903	0.2656771577686769	0.23173230336344863	0.26435517087415694	0.265211349603416	0.2298473740644517	0.28163433186298653	0.3521103819691776	0.4041052111022185	0.2701657901986664	0.2709968017601646	0.31651564939878085	0.3196439520461987	0.3056176595185149	0.2678549697746717	0.2399798214571367	0.2453124268315502	0.24157476014201681	0.28097490219187665	0.3040259456353116	0.44455477529086146	0.29790616699004496	0.39248650769082816	0.2799240703749015	0.9270755616590596	1.019283056948163	0.8167665039734027	0.8163066398948906	0.8267006079583916	0.6911554234922552	0.24521430777012965	0.2574508091665383	0.2373094129071724	0.2216901589202882	0.24041626893115997	0.2558589395617643	0.2731871008618021	0.23324954353129035	0.3333272175784794	0.28506311676734064	0.2413648159888859	0.23458869690469095	0.2831106425257575	0.24794282905974072	0.2296803794106032	0.21013309611486838	0.2052251044393238	0.19039110441265947	0.19206432920334648	0.18776271110494386	0.1997018981022008
S11Hp	0.1600067936662738	0.17775670213532943	0.2708685215274846	0.278590859886301	0.21464321148962892	0.15831230835778526	0.12358727465410602	0.10315250566441547	0.10474548987922347	0.11356717598322354	0.13686555853732219	0.17789822078889092	0.09595908090238268	0.14285049022476065	0.0	0.13889330962360918	0.17296167103944865	0.19397322975139566	0.30540703951628245	0.3087141811280098	0.23670730708073284	0.24456682240704997	0.10867933214361136	0.14620725007437818	0.13915764499647207	0.13899464216715887	0.13014972497837443	0.14571334565308136	0.2633977090289211	0.17166515835057478	0.1929364760661126	0.1029967382420194	0.10917435202765197	0.17467166788065214	0.1682561563227481	0.1791583962370124	0.13206006799224007	0.13672707591036617	0.19740106186793405	0.16345620746270578	0.1960790749734141	0.19693525370267317	0.16157127816370884	0.21335823596224368	0.28383428606843475	0.3358291152014756	0.20188969429792353	0.20272070585942176	0.24823955349803803	0.25136785614545587	0.23734156361777203	0.19957887387392886	0.17170372555639385	0.17703633093080734	0.17329866424127396	0.2126988062911338	0.23574984973456872	0.3762786793901186	0.2296300710893021	0.32421041179008525	0.21164797447415867	0.8587994657583168	0.9510069610474201	0.7484904080726598	0.7480305439941478	0.7584245120576488	0.6228793275915123	0.1769382118693868	0.1891747132657954	0.16903331700642954	0.15341406301954535	0.17214017303041712	0.18758284366102146	0.20491100496105927	0.1649734476305475	0.26505112167773653	0.2167870208665978	0.17308872008814305	0.1663126010039481	0.21483454662501467	0.17966673315899787	0.16140428350986036	0.14185700021412553	0.13694900853858094	0.12211500851191662	0.12378823330260363	0.11948661520420102	0.13142580220145794
S18H1	0.1301969860629158	0.14794689453197146	0.2410587139241266	0.248781052282943	0.18483340388627095	0.12850250075442726	0.09377746705074805	0.0733426980610575	0.0749356822758655	0.08375736837986557	0.14667105900818697	0.19858410238530694	0.11664496249879872	0.20716940552435198	0.13889330962360918	0.0	0.10061129474378103	0.12162285345572807	0.23305666322061488	0.23636380483234223	0.16435693078506525	0.17221644611138237	0.0693603065629662	0.10688822449373303	0.09983861941582692	0.09967561658651371	0.09083069939772928	0.11590353804972339	0.23358790142556318	0.14185535074721684	0.16312666846275464	0.07318693063866143	0.079364544424294	0.1448618602772942	0.13844634871939013	0.14934858863365447	0.1022502603888821	0.1069172683070082	0.16759125426457605	0.13364639985934781	0.1662692673700561	0.16712544609931518	0.13176147056035087	0.18354842835888568	0.2540244784650768	0.3060193075981177	0.1720798866945656	0.17291089825606382	0.21842974589468006	0.2215580485420979	0.20753175601441406	0.1697690662705709	0.14189391795303588	0.14722652332744937	0.143488856637916	0.18288899868777586	0.20594004213121075	0.34646887178676067	0.19982026348594417	0.2944006041867273	0.18183816687080073	0.8289896581549588	0.9211971534440622	0.7186806004693018	0.7182207363907899	0.7286147044542909	0.5930695199881544	0.1471284042660288	0.15936490566243744	0.13922350940307157	0.1236042554161874	0.14233036542705918	0.1577730360576635	0.1751011973577013	0.13516364002718956	0.23524131407437857	0.18697721326323985	0.14327891248478508	0.13650279340059013	0.18502473902165673	0.1498569255556399	0.1315944759065024	0.11204719261076757	0.10713920093522299	0.09230520090855865	0.09397842569924567	0.08967680760084305	0.10161599459809997
s24H1	0.16426534747875526	0.18201525594781093	0.27512707533996605	0.28284941369878247	0.21890176530211042	0.16257086217026673	0.12784582846658749	0.10741105947689696	0.10900404369170495	0.11782572979570502	0.18073942042402644	0.2326524638011464	0.15071332391463815	0.24123776694019144	0.17296167103944865	0.10061129474378103	0.0	0.11392836421593966	0.24722569056486787	0.2505328321765952	0.17852595812931824	0.18638547345563536	0.10342866797880565	0.1409565859095725	0.13390698083166638	0.13374397800235316	0.12489906081356873	0.14997189946556286	0.26765626284140265	0.17592371216305627	0.1971950298785941	0.10725529205450088	0.11343290584013345	0.17893022169313366	0.1725147101352296	0.18341695004949393	0.13631862180472157	0.14098562972284767	0.20165961568041552	0.16771476127518728	0.20033762878589556	0.20119380751515464	0.16582983197619033	0.21761678977472515	0.2880928398809163	0.34008766901395715	0.20614824811040505	0.20697925967190328	0.2524981073105195	0.2556264099579374	0.24160011743025353	0.20383742768641036	0.17596227936887535	0.18129488474328884	0.17755721805375546	0.21695736010361533	0.24000840354705022	0.38053723320260013	0.23388862490178364	0.3284689656025668	0.2159065282866402	0.8630580195707983	0.9552655148599016	0.7527489618851413	0.7522890978066293	0.7626830658701304	0.6271378814039938	0.18119676568186827	0.1934332670782769	0.17329187081891104	0.15767261683202688	0.17639872684289865	0.19184139747350296	0.20916955877354076	0.16923200144302902	0.269309675490218	0.22104557467907932	0.17734727390062455	0.1705711548164296	0.2190931004374962	0.18392528697147936	0.16566283732234185	0.14611555402660703	0.14120756235106244	0.12637356232439811	0.12804678711508513	0.12374516901668252	0.13568435601393944
F6H1	0.1852769061907023	0.20302681465975797	0.2961386340519131	0.3038609724107295	0.23991332401405746	0.18358242088221377	0.14885738717853453	0.12842261818884398	0.13001560240365198	0.13883728850765203	0.20175097913597345	0.25366402251309345	0.1717248826265852	0.2622493256521385	0.19397322975139566	0.12162285345572807	0.11392836421593966	0.0	0.2682372492768149	0.27154439088854226	0.19953751684126528	0.2073970321675824	0.12444022669075269	0.1619681446215195	0.1549185395436134	0.1547555367143002	0.14591061952551576	0.17098345817750987	0.28866782155334963	0.1969352708750033	0.21820658859054112	0.1282668507664479	0.1344444645520805	0.1999417804050807	0.19352626884717664	0.20442850876144097	0.1573301805166686	0.16199718843479471	0.22267117439236256	0.18872631998713432	0.2213491874978426	0.22220536622710169	0.18684139068813738	0.2386283484866722	0.3091043985928633	0.3610992277259042	0.2271598068223521	0.22799081838385032	0.27350966602246657	0.27663796866988444	0.2626116761422006	0.2248489863983574	0.1969738380808224	0.20230644345523588	0.1985687767657025	0.23796891881556237	0.26101996225899726	0.4015487919145472	0.2549001836137307	0.3494805243145138	0.23691808699858724	0.8840695782827453	0.9762770735718487	0.7737605205970883	0.7733006565185764	0.7836946245820774	0.6481494401159409	0.2022083243938153	0.21444482579022395	0.19430342953085808	0.17868417554397392	0.1974102855548457	0.21285295618545	0.2301811174854878	0.19024356015497607	0.29032123420216505	0.24205713339102636	0.1983588326125716	0.19158271352837664	0.24010465914944323	0.2049368456834264	0.1866743960342889	0.16712711273855407	0.16221912106300948	0.14738512103634516	0.14905834582703217	0.14475672772862955	0.15669591472588648
S31Hp	0.2967107159555891	0.3144606244246448	0.4075724438167999	0.41529478217561633	0.3513471337789443	0.2950162306471006	0.26029119694342134	0.2398564279537308	0.2414494121685388	0.25027109827253885	0.31318478890086027	0.3650978322779802	0.283158692391472	0.37368313541702525	0.30540703951628245	0.23305666322061488	0.24722569056486787	0.2682372492768149	0.0	0.27574367478267636	0.29084874142849615	0.2987082567548133	0.2358740364556395	0.27340195438640635	0.2663523493085002	0.266189346479187	0.2573444292904026	0.2824172679423967	0.40010163131823645	0.3083690806398901	0.3296403983554279	0.2397006605313347	0.24587827431696732	0.31137559016996746	0.3049600786120634	0.31586231852632773	0.2687639902815554	0.27343099819968153	0.3341049841572494	0.3001601297520211	0.3327829972627294	0.3336391759919885	0.2982752004530242	0.350062158251559	0.4205382083577501	0.47253303749079095	0.33859361658723885	0.3394246281487371	0.38494347578735333	0.3880717784347712	0.37404548590708736	0.3362827961632442	0.3084076478457092	0.31374025322012267	0.3100025865305893	0.34940272858044913	0.3724537720238841	0.5129826016794339	0.36633399337861744	0.46091433407940063	0.348351896763474	0.995503388047632	1.0877108833367355	0.8851943303619751	0.8847344662834631	0.8951284343469641	0.7595832498808277	0.3136421341587021	0.32587863555511076	0.30573723929574487	0.2901179853088607	0.30884409531973245	0.3242867659503368	0.34161492725037457	0.3016773699198628	0.40175504396705186	0.3534909431559131	0.30979264237745835	0.30301652329326345	0.35153846891433	0.3163706554483132	0.2981082057991757	0.27856092250344083	0.27365293082789627	0.2588189308012319	0.26049215559191896	0.25619053749351633	0.26812972449077327
S30H1	0.30001785756731647	0.31776776603637213	0.41087958542852726	0.4186019237873437	0.3546542753906716	0.29832337225882793	0.2635983385551487	0.24316356956545815	0.24475655378026615	0.2535782398842662	0.3164919305125876	0.3684049738897076	0.28646583400319936	0.37699027702875265	0.3087141811280098	0.23636380483234223	0.2505328321765952	0.27154439088854226	0.27574367478267636	0.0	0.29415588304022344	0.30201539836654057	0.23918117806736686	0.2767090959981337	0.26965949092022756	0.26949648809091437	0.2606515709021299	0.28572440955412404	0.4034087729299638	0.31167622225161745	0.33294753996715526	0.24300780214306206	0.24918541592869467	0.3146827317816948	0.30826722022379077	0.3191694601380551	0.27207113189328275	0.2767381398114089	0.3374121257689767	0.30346727136374846	0.33609013887445677	0.33694631760371585	0.30158234206475154	0.35336929986328636	0.4238453499694774	0.4758401791025183	0.3419007581989662	0.34273176976046443	0.38825061739908073	0.39137892004649855	0.3773526275188147	0.33958993777497154	0.3117147894574365	0.31704739483185	0.3133097281423166	0.3527098701921765	0.37576091363561137	0.5162897432911613	0.3696411349903448	0.4642214756911279	0.35165903837520135	0.9988105296593595	1.091018024948463	0.8885014719737024	0.8880416078951905	0.8984355759586915	0.762890391492555	0.3169492757704295	0.32918577716683806	0.3090443809074722	0.29342512692058803	0.3121512369314598	0.32759390756206413	0.34492206886210197	0.3049845115315902	0.4050621855787792	0.35679808476764047	0.3130997839891857	0.3063236649049908	0.35484561052605734	0.3196777970600405	0.30141534741090303	0.2818680641151682	0.2769600724396236	0.26212607241295927	0.2637992972036463	0.2594976791052437	0.2714368661025006
S13Hp	0.22801098352003948	0.24576089198909512	0.3388727113812503	0.3465950497400667	0.2826474013433946	0.22631649821155095	0.1915914645078717	0.17115669551818116	0.17274967973298916	0.18157136583698924	0.24448505646531063	0.2963980998424306	0.21445895995592235	0.30498340298147564	0.23670730708073284	0.16435693078506525	0.17852595812931824	0.19953751684126528	0.29084874142849615	0.29415588304022344	0.0	0.18556646521554748	0.16717430402008987	0.2047022219508567	0.19765261687295058	0.19748961404363738	0.18864469685485294	0.21371753550684705	0.3314018988826868	0.23966934820434047	0.2609406659198783	0.17100092809578507	0.17717854188141768	0.24267585773441785	0.2362603461765138	0.24716258609077812	0.2000642578460058	0.2047312657641319	0.26540525172169976	0.2314603973164715	0.2640832648271798	0.2649394435564389	0.22957546801747455	0.2813624258160094	0.35183847592220047	0.40383330505524134	0.26989388415168925	0.2707248957131875	0.3162437433518037	0.3193720459992216	0.30534575347153775	0.2675830637276946	0.23970791541015957	0.24504052078457306	0.24130285409503968	0.2807029961448995	0.30375403958833447	0.4442828692438843	0.29763426094306783	0.392214601643851	0.2796521643279244	0.9268036556120824	1.0190111509011859	0.8164945979264255	0.8160347338479135	0.8264287019114145	0.6908835174452781	0.24494240172315251	0.25717890311956115	0.23703750686019526	0.22141825287331107	0.24014436288418284	0.2555870335147872	0.27291519481482496	0.23297763748431322	0.33305531153150225	0.2847912107203635	0.24109290994190877	0.2343167908577138	0.2828387364787804	0.24767092301276358	0.22940847336362608	0.20986119006789125	0.20495319839234666	0.19011919836568233	0.19179242315636935	0.18749080505796673	0.19942999205522366
F7H1	0.2358704988463566	0.25362040731541224	0.3467322267075674	0.35445456506638384	0.29050691666971173	0.23417601353786807	0.19945097983418883	0.17901621084449829	0.18060919505930628	0.18943088116330636	0.2523445717916277	0.3042576151687477	0.22231847528223947	0.31284291830779276	0.24456682240704997	0.17221644611138237	0.18638547345563536	0.2073970321675824	0.2987082567548133	0.30201539836654057	0.18556646521554748	0.0	0.175033819346407	0.2125617372771738	0.2055121321992677	0.2053491293699545	0.19650421218117006	0.22157705083316417	0.3392614142090039	0.2475288635306576	0.2688001812461954	0.1788604434221022	0.1850380572077348	0.250535373060735	0.24411986150283094	0.25502210141709525	0.2079237731723229	0.21259078109044902	0.2732647670480169	0.23931991264278862	0.27194278015349693	0.272798958882756	0.23743498334379168	0.2892219411423265	0.3596979912485176	0.41169282038155847	0.27775339947800637	0.2785844110395046	0.32410325867812084	0.3272315613255387	0.3132052687978549	0.2754425790540117	0.2475674307364767	0.2529000361108902	0.2491623694213568	0.28856251147121664	0.3116135549146516	0.45214238457020145	0.30549377626938495	0.40007411697016815	0.2875116796542415	0.9346631709383997	1.026870666227503	0.8243541132527425	0.8238942491742307	0.8342882172377317	0.6987430327715951	0.25280191704946964	0.2650384184458783	0.24489702218651238	0.2292777681996282	0.24800387821049996	0.2634465488411043	0.2807747101411421	0.24083715281063034	0.3409148268578194	0.29265072604668063	0.2489524252682259	0.24217630618403094	0.2906982518050975	0.25553043833908073	0.2372679886899432	0.21772070539420837	0.21281271371866378	0.19797871369199946	0.19965193848268648	0.19535032038428385	0.20728950738154078
w24pp	0.09998300858291799	0.11773291705197364	0.21084473644412877	0.21856707480294518	0.15461942640627313	0.09828852327442945	0.06356348957075023	0.043128720581059675	0.04472170479586768	0.053543390899867746	0.11645708152818915	0.16837012490530912	0.0864309850188009	0.17695542804435416	0.10867933214361136	0.0693603065629662	0.10342866797880565	0.12444022669075269	0.2358740364556395	0.23918117806736686	0.16717430402008987	0.175033819346407	0.0	0.05928206485896413	0.05223245978105802	0.05206945695174481	0.04322453976296038	0.08568956056972557	0.20337392394556533	0.111641373267219	0.13291269098275682	0.0429729531586636	0.04915056694429618	0.11464788279729637	0.1082323712393923	0.11913461115365664	0.0720362829088843	0.0767032908270104	0.13737727678457826	0.10343242237935	0.1360552898900583	0.13691146861931738	0.10154749308035306	0.1533344508788879	0.22381050098507896	0.27580533011811986	0.14186590921456776	0.142696920776066	0.18821576841468224	0.19134407106210008	0.17731777853441624	0.13955508879057307	0.11167994047303806	0.11701254584745155	0.11327487915791817	0.15267502120777804	0.17572606465121293	0.31625489430676285	0.16960628600594635	0.2641866267067295	0.1516241893908029	0.798775680674961	0.8909831759640643	0.688466622989304	0.688006758910792	0.698400726974293	0.5628555425081565	0.116914426786031	0.12915092818243962	0.10900953192307375	0.09339027793618959	0.11211638794706136	0.12755905857766567	0.14488721987770348	0.10494966254719174	0.20502733659438074	0.15676323578324203	0.11306493500478726	0.10628881592059232	0.1548107615416589	0.11964294807564207	0.10138049842650457	0.08183321513076974	0.07692522345522516	0.062091223428560834	0.06376444821924784	0.05946283012084523	0.07140201711810215
