	w20pp	f11pp	w12pp	S17H1	S18H1	f8pp	w13pp	w27pp	f21pp	f14ppB	f16ppA	w18pp	w23pp	f22ppB	w2pp	w4pp	f19pp	w22pp	w21pp	w14pp	f4pp	f1pp	w1pp	w19pp	f18pp	f2pp	w17pp	w31pp	f7pp	w11pp	f20ppB	f25pp	F7H1	f20ppA	S13Hp	31700	S25Hp	31360	f12ppB	f10pp
w20pp	0.0	0.16758281064410172	0.23192486726128028	0.2169686629708018	0.24019921373273143	0.11619617575797282	0.16004454380884112	0.22030743903701197	0.1671176548127866	0.10223027243515609	0.12272998096063271	0.13882715033337162	0.16712861872054424	0.18292148263705413	0.20510359496438774	0.20910034475608966	0.24320296756566728	0.2568850439767524	0.24554680644573362	0.24672943334943426	0.21854878310675213	0.21714950074512587	0.2507114610585845	0.19658122911255743	0.2470916226260602	0.16689272684504472	0.17432344758202384	0.16518848526401445	0.09778760103891546	0.13954244818627506	0.16446008940969417	0.22105155344233432	0.24667853809300364	0.09163953054090908	0.8359396739145021	1.1062635543600159	2.5684761546126547	0.38531318745716714	0.11149488924546379	0.12439886642482516
f11pp	0.16758281064410172	0.0	0.22539192222751042	0.21043571793703195	0.2744385820531323	0.1504355440783737	0.194283912129242	0.25454680735741286	0.20135702313318748	0.16582203239352203	0.18632174091899867	0.20241891029173756	0.23072037867891018	0.24651324259542007	0.26869535492275365	0.2726921047144556	0.30679472752403325	0.32047680393511835	0.30913856640409954	0.31032119330780017	0.28214054306511804	0.2807412607034918	0.31430322101695046	0.26017298907092334	0.3106833825844261	0.23048448680341066	0.23791520754038978	0.22878024522238039	0.1613793609972814	0.203134208144641	0.2280518493680601	0.28464331340070026	0.3102702980513696	0.17967390778528702	0.9437189416900222	1.214042822135536	2.676255422388175	0.49309245523268735	0.219274157020984	0.23217813420034536
w12pp	0.23192486726128028	0.22539192222751042	0.0	0.20684120346632898	0.3387806386703109	0.21477760069555227	0.2586259687464206	0.31888886397459143	0.26569907975036605	0.2301640890107006	0.25066379753617724	0.26676096690891615	0.2950624352960888	0.31085529921259863	0.33303741153993227	0.33703416133163416	0.37113678414121176	0.3848188605522969	0.37348062302127816	0.3746632499249788	0.34648259968229667	0.3450833173206704	0.37864527763412903	0.32451504568810197	0.3750254392016047	0.2948265434205892	0.3022572641575684	0.29312230183955895	0.22572141761445996	0.26747626476181957	0.2923939059852387	0.3489853700178788	0.37461235466854814	0.2440159644024656	1.0080609983072009	1.2783848787527146	2.7405974790053538	0.5574345118498659	0.2836162136381626	0.2965201908175239
S17H1	0.2169686629708018	0.21043571793703195	0.20684120346632898	0.0	0.32382443437983244	0.1998213964050738	0.2436697644559421	0.303932659684113	0.2507428754598876	0.21520788472022212	0.23570759324569873	0.25180476261843765	0.2801062310056103	0.2958990949221202	0.31808120724945377	0.3220779570411557	0.3561805798507333	0.36986265626181847	0.35852441873079965	0.3597070456345003	0.33152639539181816	0.33012711303019193	0.3636890733436505	0.30955884139762346	0.3600692349111262	0.2798703391301107	0.28730105986708987	0.2781660975490805	0.2107652133239815	0.2525200604713411	0.27743770169476023	0.3340291657274004	0.35965615037806964	0.2290597601119871	0.9931047940167224	1.263428674462236	2.7256412747148753	0.5424783075593874	0.2686600093476841	0.28156398652704545
S18H1	0.24019921373273143	0.2744385820531323	0.3387806386703109	0.32382443437983244	0.0	0.19846695646720205	0.2423173245190704	0.30258021974724125	0.24939043552301587	0.23843843548215174	0.2589381440076284	0.27503531338036724	0.30333678176753986	0.3191296456840498	0.34131175801138336	0.3453085078030853	0.37941113061266296	0.39309320702374806	0.38175496949272925	0.3829375963964299	0.35475694615374775	0.3533576637921215	0.3869196241055802	0.33278939215955305	0.38329978567305584	0.30310088989204037	0.31053161062901946	0.3013966483110101	0.2339957640859111	0.2757506112332707	0.3006682524566898	0.35725971648932997	0.3828867011399993	0.25229031087391673	1.016335344778652	1.2866592252241658	2.7488718254768045	0.565708858321317	0.2918905601096137	0.3047945372889751
f8pp	0.11619617575797282	0.1504355440783737	0.21477760069555227	0.1998213964050738	0.19846695646720205	0.0	0.1183142865443118	0.17857718177248266	0.12538739754825728	0.11443539750739314	0.13493510603286976	0.15103227540560865	0.17933374379278127	0.1951266077092912	0.21730872003662477	0.22130546982832672	0.2554080926379043	0.26909016904898947	0.25775193151797066	0.2589345584216713	0.23075390817898916	0.22935462581736293	0.2629165861308216	0.20878635418479446	0.25929674769829725	0.17909785191728178	0.18652857265426087	0.1773936103362515	0.1099927261111525	0.15174757325851213	0.17666521448193123	0.23325667851457138	0.2588836631652407	0.1282872728991581	0.8923323068038934	1.162656187249407	2.624868787502046	0.4417058203465585	0.16788752213485508	0.18079149931421645
w13pp	0.16004454380884112	0.194283912129242	0.2586259687464206	0.2436697644559421	0.2423173245190704	0.1183142865443118	0.0	0.11800863984683696	0.11739046802665484	0.15828376555826146	0.17878347408373807	0.194880643456477	0.2231821118436496	0.23897497576015947	0.2611570880874931	0.265153837879195	0.29925646068877265	0.31293853709985775	0.301600299568839	0.3027829264725396	0.2746022762298575	0.2732029938682312	0.30676495418168986	0.2526347222356628	0.30314511574916553	0.22294621996815006	0.2303769407051292	0.2212419783871198	0.1538410941620208	0.19559594130938043	0.2205135825327995	0.27710504656543966	0.302732031216109	0.17213564095002643	0.9361806748547616	1.2065045553002753	2.6687171555529146	0.48555418839742676	0.2117358901857234	0.22463986736508476
w27pp	0.22030743903701197	0.25454680735741286	0.31888886397459143	0.303932659684113	0.30258021974724125	0.17857718177248266	0.11800863984683696	0.0	0.1776533632548257	0.21854666078643228	0.23904636931190892	0.2551435386846478	0.2834450070718204	0.2992378709883303	0.3214199833156639	0.32541673310736585	0.3595193559169435	0.3732014323280286	0.3618631947970098	0.3630458217007104	0.3348651714580283	0.33346588909640207	0.3670278494098607	0.3128976174638336	0.3634080109773364	0.2832091151963209	0.2906398359333	0.28150487361529064	0.21410398939019165	0.25585883653755126	0.28077647776097037	0.3373679417936105	0.36299492644427983	0.23239853617819728	0.9964435700829326	1.2667674505284463	2.728980050781085	0.5458170836255976	0.2719987854138942	0.28490276259325564
f21pp	0.1671176548127866	0.20135702313318748	0.26569907975036605	0.2507428754598876	0.24939043552301587	0.12538739754825728	0.11739046802665484	0.1776533632548257	0.0	0.16535687656220693	0.18585658508768355	0.20195375446042246	0.2302552228475951	0.24604808676410495	0.2682301990914386	0.2722269488831405	0.30632957169271813	0.3200116481038032	0.30867341057278447	0.3098560374764851	0.281675387233803	0.2802761048721767	0.31383806518563534	0.2597078332396083	0.310218226753111	0.23001933097209554	0.23745005170907468	0.22831508939106526	0.16091420516596627	0.2026690523133259	0.227586693536745	0.28417815756938514	0.30980514222005445	0.1792087519539719	0.9432537858587071	1.2135776663042208	2.67579026655686	0.49262729940137223	0.21880900118966887	0.23171297836903024
f14ppB	0.10223027243515609	0.16582203239352203	0.2301640890107006	0.21520788472022212	0.23843843548215174	0.11443539750739314	0.15828376555826146	0.21854666078643228	0.16535687656220693	0.0	0.07570848153774543	0.09180565091048434	0.12010711929765697	0.13589998321416683	0.15808209554150043	0.16207884533320235	0.19618146814277998	0.2098635445538651	0.19852530702284632	0.19970793392654695	0.17152728368386483	0.17012800132223857	0.20368996163569722	0.14955972968967013	0.20007012320317288	0.11987122742215742	0.12730194815913654	0.14239422770451374	0.07499334347941475	0.11674819062677437	0.14166583185019346	0.1982572958828336	0.22388428053350293	0.11432136957634137	0.8783664034810766	1.1486902839265904	2.610902884179229	0.4277399170237417	0.15392161881203836	0.16682559599139973
f16ppA	0.12272998096063271	0.18632174091899867	0.25066379753617724	0.23570759324569873	0.2589381440076284	0.13493510603286976	0.17878347408373807	0.23904636931190892	0.18585658508768355	0.07570848153774543	0.0	0.10858785458522432	0.13688932297239695	0.15268218688890683	0.17486429921624042	0.17886104900794236	0.21296367181751996	0.22664574822860512	0.2153075106975863	0.21649013760128694	0.1883094873586048	0.18691020499697858	0.22047216531043723	0.1663419333644101	0.2168523268779129	0.13665343109689743	0.14408415183387652	0.16289393622999035	0.09549305200489136	0.137247899152251	0.16216554037567008	0.21875700440831022	0.24438398905897954	0.13482107810181798	0.8988661120065533	1.169189992452067	2.631402592704706	0.44823962554921837	0.17442132733751498	0.18732530451687635
w18pp	0.13882715033337162	0.20241891029173756	0.26676096690891615	0.25180476261843765	0.27503531338036724	0.15103227540560865	0.194880643456477	0.2551435386846478	0.20195375446042246	0.09180565091048434	0.10858785458522432	0.0	0.12557638337134716	0.14136924728785705	0.16355135961519066	0.16754810940689258	0.2016507322164702	0.21533280862755533	0.20399457109653654	0.20517719800023718	0.17699654775755505	0.1755972653959288	0.20915922570938744	0.15502899376336035	0.2055393872768631	0.12534049149584764	0.13277121223282676	0.17899110560272927	0.11159022137763028	0.1533450685249899	0.178262709748409	0.23485417378104914	0.2604811584317185	0.1509182474745569	0.9149632813792922	1.185287161824806	2.647499762077445	0.46433679492195723	0.1905184967102539	0.20342247388961526
w23pp	0.16712861872054424	0.23072037867891018	0.2950624352960888	0.2801062310056103	0.30333678176753986	0.17933374379278127	0.2231821118436496	0.2834450070718204	0.2302552228475951	0.12010711929765697	0.13688932297239695	0.12557638337134716	0.0	0.15184313274598865	0.1740252450733223	0.17802199486502418	0.21212461767460183	0.22580669408568696	0.21446845655466817	0.2156510834583688	0.18747043321568668	0.1860711508540604	0.21963311116751907	0.16550287922149198	0.21601327273499474	0.13581437695397924	0.1432450976909584	0.2072925739899019	0.1398916897648029	0.18164653691216254	0.20656417813558162	0.26315564216822174	0.2887826268188911	0.17921971586172952	0.9432647497664648	1.2135886302119785	2.6758012304646175	0.49263826330912985	0.21881996509742652	0.2317239422767879
f22ppB	0.18292148263705413	0.24651324259542007	0.31085529921259863	0.2958990949221202	0.3191296456840498	0.1951266077092912	0.23897497576015947	0.2992378709883303	0.24604808676410495	0.13589998321416683	0.15268218688890683	0.14136924728785705	0.15184313274598865	0.0	0.13493068909970127	0.1389274388914032	0.17303006170098084	0.18671213811206597	0.17537390058104718	0.17655652748474782	0.14837587724206566	0.1469765948804394	0.18053855519389805	0.12640832324787096	0.17691871676137375	0.12330835107910623	0.13073907181608535	0.22308543790641178	0.1556845536813128	0.1974394008286724	0.2223570420520915	0.27894850608473165	0.30457549073540097	0.19501257977823944	0.9590576136829747	1.2293814941284884	2.691594094381127	0.5084311272256398	0.2346128290139364	0.24751680619329777
w2pp	0.20510359496438774	0.26869535492275365	0.33303741153993227	0.31808120724945377	0.34131175801138336	0.21730872003662477	0.2611570880874931	0.3214199833156639	0.2682301990914386	0.15808209554150043	0.17486429921624042	0.16355135961519066	0.1740252450733223	0.13493068909970127	0.0	0.1071145648258297	0.1684451095987709	0.182127186009856	0.17078894847883724	0.17197157538253788	0.14379092513985572	0.14239164277822947	0.17595360309168812	0.12182337114566102	0.1723337646591638	0.14549046340643984	0.15292118414341896	0.24526755023374539	0.1778666660086464	0.21962151315600603	0.2445391543794251	0.30113061841206523	0.3267576030627346	0.21719469210557302	0.9812397260103083	1.251563606455822	2.713776206708461	0.5306132395529733	0.25679494134127	0.2696989185206314
w4pp	0.20910034475608966	0.2726921047144556	0.33703416133163416	0.3220779570411557	0.3453085078030853	0.22130546982832672	0.265153837879195	0.32541673310736585	0.2722269488831405	0.16207884533320235	0.17886104900794236	0.16754810940689258	0.17802199486502418	0.1389274388914032	0.1071145648258297	0.0	0.1724418593904728	0.18612393580155795	0.17478569827053914	0.17596832517423977	0.14778767493155764	0.14638839256993139	0.17995035288339006	0.12582012093736294	0.17633051445086573	0.14948721319814176	0.15691793393512088	0.2492643000254473	0.18186341580034832	0.22361826294770792	0.24853590417112703	0.3051273682037672	0.3307543528544365	0.22119144189727497	0.9852364758020102	1.255560356247524	2.7177729565001627	0.5346099893446753	0.26079169113297196	0.2736956683123333
f19pp	0.24320296756566728	0.30679472752403325	0.37113678414121176	0.3561805798507333	0.37941113061266296	0.2554080926379043	0.29925646068877265	0.3595193559169435	0.30632957169271813	0.19618146814277998	0.21296367181751996	0.2016507322164702	0.21212461767460183	0.17303006170098084	0.1684451095987709	0.1724418593904728	0.0	0.13026253896564033	0.11892430143462154	0.12010692833832218	0.09192627809564002	0.11072005942664231	0.144282019740101	0.1172698967871555	0.1904853293547084	0.1835898360077194	0.1910205567446985	0.28336692283502496	0.21596603860992594	0.2577208857572856	0.2826385269807047	0.33922999101334483	0.3648569756640141	0.25529406470685256	1.0193390986115878	1.2896629790571015	2.7518755793097407	0.568712612154253	0.29489431394254956	0.3077982911219109
w22pp	0.2568850439767524	0.32047680393511835	0.3848188605522969	0.36986265626181847	0.39309320702374806	0.26909016904898947	0.31293853709985775	0.3732014323280286	0.3200116481038032	0.2098635445538651	0.22664574822860512	0.21533280862755533	0.22580669408568696	0.18671213811206597	0.182127186009856	0.18612393580155795	0.13026253896564033	0.0	0.11421643707585533	0.11539906397955596	0.09245142848301757	0.12440213583772744	0.15796409615118612	0.13095197319824065	0.2041674057657935	0.1972719124188045	0.20470263315578363	0.29704899924611006	0.22964811502101107	0.2714029621683707	0.2963206033917898	0.35291206742442993	0.37853905207509925	0.2689761411179377	1.033021175022673	1.3033450554681867	2.7655576557208255	0.582394688565338	0.3085763903536347	0.321480367532996
w21pp	0.24554680644573362	0.30913856640409954	0.37348062302127816	0.35852441873079965	0.38175496949272925	0.25775193151797066	0.301600299568839	0.3618631947970098	0.30867341057278447	0.19852530702284632	0.2153075106975863	0.20399457109653654	0.21446845655466817	0.17537390058104718	0.17078894847883724	0.17478569827053914	0.11892430143462154	0.11421643707585533	0.0	0.04955299381973538	0.08111319095199877	0.11306389830670865	0.14662585862016733	0.11961373566722185	0.19282916823477475	0.18593367488778573	0.19336439562476485	0.28571076171509124	0.21830987748999228	0.2600647246373519	0.28498236586077097	0.3415738298934111	0.3672008145440805	0.2576379035869189	1.0216829374916543	1.292006817937168	2.7542194181898068	0.5710564510343192	0.2972381528226159	0.31014213000197727
w14pp	0.24672943334943426	0.31032119330780017	0.3746632499249788	0.3597070456345003	0.3829375963964299	0.2589345584216713	0.3027829264725396	0.3630458217007104	0.3098560374764851	0.19970793392654695	0.21649013760128694	0.20517719800023718	0.2156510834583688	0.17655652748474782	0.17197157538253788	0.17596832517423977	0.12010692833832218	0.11539906397955596	0.04955299381973538	0.0	0.08229581785569941	0.11424652521040929	0.14780848552386797	0.12079636257092248	0.19401179513847538	0.18711630179148636	0.19454702252846548	0.2868933886187919	0.21949250439369292	0.26124735154105255	0.2861649927644716	0.34275645679711175	0.3683834414477811	0.25882053049061954	1.0228655643953548	1.2931894448408685	2.7554020450935077	0.5722390779380199	0.29842077972631653	0.3113247569056779
f4pp	0.21854878310675213	0.28214054306511804	0.34648259968229667	0.33152639539181816	0.35475694615374775	0.23075390817898916	0.2746022762298575	0.3348651714580283	0.281675387233803	0.17152728368386483	0.1883094873586048	0.17699654775755505	0.18747043321568668	0.14837587724206566	0.14379092513985572	0.14778767493155764	0.09192627809564002	0.09245142848301757	0.08111319095199877	0.08229581785569941	0.0	0.08606587496772714	0.11962783528118581	0.09261571232824034	0.16583114489579323	0.15893565154880424	0.16636637228578335	0.25871273837610975	0.1913118541510108	0.23306670129837043	0.2579843425217895	0.3145758065544296	0.340202791205099	0.2306398802479374	0.9946849141526727	1.2650087945981865	2.7272213948508255	0.5440584276953377	0.2702401294836344	0.2831441066629958
f1pp	0.21714950074512587	0.2807412607034918	0.3450833173206704	0.33012711303019193	0.3533576637921215	0.22935462581736293	0.2732029938682312	0.33346588909640207	0.2802761048721767	0.17012800132223857	0.18691020499697858	0.1755972653959288	0.1860711508540604	0.1469765948804394	0.14239164277822947	0.14638839256993139	0.11072005942664231	0.12440213583772744	0.11306389830670865	0.11424652521040929	0.08606587496772714	0.0	0.1092197360286116	0.09121642996661408	0.16443186253416697	0.15753636918717798	0.1649670899241571	0.2573134560144835	0.18991257178938453	0.23166741893674414	0.25658506016016325	0.3131765241928034	0.3388035088434727	0.22924059788631118	0.9932856317910465	1.26360951223656	2.7258221124891993	0.5426591453337115	0.2688408471220082	0.2817448243013695
w1pp	0.2507114610585845	0.31430322101695046	0.37864527763412903	0.3636890733436505	0.3869196241055802	0.2629165861308216	0.30676495418168986	0.3670278494098607	0.31383806518563534	0.20368996163569722	0.22047216531043723	0.20915922570938744	0.21963311116751907	0.18053855519389805	0.17595360309168812	0.17995035288339006	0.144282019740101	0.15796409615118612	0.14662585862016733	0.14780848552386797	0.11962783528118581	0.1092197360286116	0.0	0.12477839028007275	0.19799382284762562	0.19109832950063663	0.19852905023761575	0.29087541632794217	0.22347453210284318	0.2652293792502028	0.2901470204736219	0.34673848450626205	0.37236546915693136	0.26280255819976983	1.026847592104505	1.2971714725500187	2.759384072802658	0.5762211056471702	0.30240280743546677	0.3153067846148282
w19pp	0.19658122911255743	0.26017298907092334	0.32451504568810197	0.30955884139762346	0.33278939215955305	0.20878635418479446	0.2526347222356628	0.3128976174638336	0.2597078332396083	0.14955972968967013	0.1663419333644101	0.15502899376336035	0.16550287922149198	0.12640832324787096	0.12182337114566102	0.12582012093736294	0.1172698967871555	0.13095197319824065	0.11961373566722185	0.12079636257092248	0.09261571232824034	0.09121642996661408	0.12477839028007275	0.0	0.14386359090159853	0.13696809755460954	0.14439881829158865	0.23674518438191508	0.1693443001568161	0.21109914730417573	0.2360167885275948	0.2926082525602349	0.3182352372109043	0.2086723262537427	0.972717360158478	1.2430412406039917	2.705253840856631	0.522090873701143	0.2482725754894397	0.2611765526688011
f18pp	0.2470916226260602	0.3106833825844261	0.3750254392016047	0.3600692349111262	0.38329978567305584	0.25929674769829725	0.30314511574916553	0.3634080109773364	0.310218226753111	0.20007012320317288	0.2168523268779129	0.2055393872768631	0.21601327273499474	0.17691871676137375	0.1723337646591638	0.17633051445086573	0.1904853293547084	0.2041674057657935	0.19282916823477475	0.19401179513847538	0.16583114489579323	0.16443186253416697	0.19799382284762562	0.14386359090159853	0.0	0.1874784910681123	0.1949092118050914	0.28725557789541784	0.21985469367031885	0.26160954081767845	0.28652718204109756	0.3431186460737377	0.368745630724407	0.2591827197672455	1.0232277536719807	1.2935516341174944	2.7557642343701336	0.5726012672146459	0.29878296900294243	0.31168694618230386
f2pp	0.16689272684504472	0.23048448680341066	0.2948265434205892	0.2798703391301107	0.30310088989204037	0.17909785191728178	0.22294621996815006	0.2832091151963209	0.23001933097209554	0.11987122742215742	0.13665343109689743	0.12534049149584764	0.13581437695397924	0.12330835107910623	0.14549046340643984	0.14948721319814176	0.1835898360077194	0.1972719124188045	0.18593367488778573	0.18711630179148636	0.15893565154880424	0.15753636918717798	0.19109832950063663	0.13696809755460954	0.1874784910681123	0.0	0.105527460697781	0.20705668211440237	0.13965579788930338	0.181410645036663	0.2063282862600821	0.26291975029272224	0.28854673494339156	0.17898382398623003	0.9430288578909654	1.213352738336479	2.675565338589118	0.49240237143363036	0.218584073221927	0.23148805040128836
w17pp	0.17432344758202384	0.23791520754038978	0.3022572641575684	0.28730105986708987	0.31053161062901946	0.18652857265426087	0.2303769407051292	0.2906398359333	0.23745005170907468	0.12730194815913654	0.14408415183387652	0.13277121223282676	0.1432450976909584	0.13073907181608535	0.15292118414341896	0.15691793393512088	0.1910205567446985	0.20470263315578363	0.19336439562476485	0.19454702252846548	0.16636637228578335	0.1649670899241571	0.19852905023761575	0.14439881829158865	0.1949092118050914	0.105527460697781	0.0	0.2144874028513815	0.1470865186262825	0.18884136577364213	0.2137590069970612	0.27035047102970133	0.2959774556803707	0.18641454472320912	0.9504595786279444	1.220783459073458	2.682996059326097	0.49983309217060945	0.2260147939589061	0.23891877113826748
w31pp	0.16518848526401445	0.22878024522238039	0.29312230183955895	0.2781660975490805	0.3013966483110101	0.1773936103362515	0.2212419783871198	0.28150487361529064	0.22831508939106526	0.14239422770451374	0.16289393622999035	0.17899110560272927	0.2072925739899019	0.22308543790641178	0.24526755023374539	0.2492643000254473	0.28336692283502496	0.29704899924611006	0.28571076171509124	0.2868933886187919	0.25871273837610975	0.2573134560144835	0.29087541632794217	0.23674518438191508	0.28725557789541784	0.20705668211440237	0.2144874028513815	0.0	0.09457895982836388	0.16001077184774154	0.18492841307116062	0.24151987710380074	0.26714686175447006	0.17727958240519975	0.941324616309935	1.2116484967554486	2.673861097008088	0.4906981298526001	0.21687983164089672	0.2297838088202581
f7pp	0.09778760103891546	0.1613793609972814	0.22572141761445996	0.2107652133239815	0.2339957640859111	0.1099927261111525	0.1538410941620208	0.21410398939019165	0.16091420516596627	0.07499334347941475	0.09549305200489136	0.11159022137763028	0.1398916897648029	0.1556845536813128	0.1778666660086464	0.18186341580034832	0.21596603860992594	0.22964811502101107	0.21830987748999228	0.21949250439369292	0.1913118541510108	0.18991257178938453	0.22347453210284318	0.1693443001568161	0.21985469367031885	0.13965579788930338	0.1470865186262825	0.09457895982836388	0.0	0.09260988762264252	0.11752752884606162	0.17411899287870175	0.19974597752937107	0.10987869818010074	0.8739237320848361	1.1442476125303498	2.606460212782989	0.4232972456275011	0.14947894741579773	0.1623829245951591
w11pp	0.13954244818627506	0.203134208144641	0.26747626476181957	0.2525200604713411	0.2757506112332707	0.15174757325851213	0.19559594130938043	0.25585883653755126	0.2026690523133259	0.11674819062677437	0.137247899152251	0.1533450685249899	0.18164653691216254	0.1974394008286724	0.21962151315600603	0.22361826294770792	0.2577208857572856	0.2714029621683707	0.2600647246373519	0.26124735154105255	0.23306670129837043	0.23166741893674414	0.2652293792502028	0.21109914730417573	0.26160954081767845	0.181410645036663	0.18884136577364213	0.16001077184774154	0.09260988762264252	0.0	0.12072880765998924	0.17732027169262937	0.2029472563432987	0.15163354532746037	0.9156785792321956	1.1860024596777095	2.6482150599303482	0.4650520927748607	0.19123379456315734	0.2041377717425187
f20ppB	0.16446008940969417	0.2280518493680601	0.2923939059852387	0.27743770169476023	0.3006682524566898	0.17666521448193123	0.2205135825327995	0.28077647776097037	0.227586693536745	0.14166583185019346	0.16216554037567008	0.178262709748409	0.20656417813558162	0.2223570420520915	0.2445391543794251	0.24853590417112703	0.2826385269807047	0.2963206033917898	0.28498236586077097	0.2861649927644716	0.2579843425217895	0.25658506016016325	0.2901470204736219	0.2360167885275948	0.28652718204109756	0.2063282862600821	0.2137590069970612	0.18492841307116062	0.11752752884606162	0.12072880765998924	0.0	0.14078475880634186	0.16641174345701115	0.17655118655087945	0.9405962204556148	1.2109201009011286	2.6731327011537673	0.4899697339982798	0.21615143578657645	0.22905541296593782
f25pp	0.22105155344233432	0.28464331340070026	0.3489853700178788	0.3340291657274004	0.35725971648932997	0.23325667851457138	0.27710504656543966	0.3373679417936105	0.28417815756938514	0.1982572958828336	0.21875700440831022	0.23485417378104914	0.26315564216822174	0.27894850608473165	0.30113061841206523	0.3051273682037672	0.33922999101334483	0.35291206742442993	0.3415738298934111	0.34275645679711175	0.3145758065544296	0.3131765241928034	0.34673848450626205	0.2926082525602349	0.3431186460737377	0.26291975029272224	0.27035047102970133	0.24151987710380074	0.17411899287870175	0.17732027169262937	0.14078475880634186	0.0	0.1848180677312668	0.23314265058351963	0.9971876844882549	1.2675115649337685	2.7297241651864077	0.54656119803092	0.2727428998192166	0.28564687699857794
F7H1	0.24667853809300364	0.3102702980513696	0.37461235466854814	0.35965615037806964	0.3828867011399993	0.2588836631652407	0.302732031216109	0.36299492644427983	0.30980514222005445	0.22388428053350293	0.24438398905897954	0.2604811584317185	0.2887826268188911	0.30457549073540097	0.3267576030627346	0.3307543528544365	0.3648569756640141	0.37853905207509925	0.3672008145440805	0.3683834414477811	0.340202791205099	0.3388035088434727	0.37236546915693136	0.3182352372109043	0.368745630724407	0.28854673494339156	0.2959774556803707	0.26714686175447006	0.19974597752937107	0.2029472563432987	0.16641174345701115	0.1848180677312668	0.0	0.25876963523418894	1.0228146691389242	1.2931385495844379	2.755351149837077	0.5721881826815893	0.2983698844698859	0.3112738616492473
f20ppA	0.09163953054090908	0.17967390778528702	0.2440159644024656	0.2290597601119871	0.25229031087391673	0.1282872728991581	0.17213564095002643	0.23239853617819728	0.1792087519539719	0.11432136957634137	0.13482107810181798	0.1509182474745569	0.17921971586172952	0.19501257977823944	0.21719469210557302	0.22119144189727497	0.25529406470685256	0.2689761411179377	0.2576379035869189	0.25882053049061954	0.2306398802479374	0.22924059788631118	0.26280255819976983	0.2086723262537427	0.2591827197672455	0.17898382398623003	0.18641454472320912	0.17727958240519975	0.10987869818010074	0.15163354532746037	0.17655118655087945	0.23314265058351963	0.25876963523418894	0.0	0.8677756615868296	1.1380995420323434	2.600312142284982	0.41714917512949473	0.14333087691779134	0.1562348540971527
S13Hp	0.8359396739145021	0.9437189416900222	1.0080609983072009	0.9931047940167224	1.016335344778652	0.8923323068038934	0.9361806748547616	0.9964435700829326	0.9432537858587071	0.8783664034810766	0.8988661120065533	0.9149632813792922	0.9432647497664648	0.9590576136829747	0.9812397260103083	0.9852364758020102	1.0193390986115878	1.033021175022673	1.0216829374916543	1.0228655643953548	0.9946849141526727	0.9932856317910465	1.026847592104505	0.972717360158478	1.0232277536719807	0.9430288578909654	0.9504595786279444	0.941324616309935	0.8739237320848361	0.9156785792321956	0.9405962204556148	0.9971876844882549	1.0228146691389242	0.8677756615868296	0.0	0.7942417534783933	2.840798750077302	1.1238201936487489	0.8500018954370456	0.8629058726164069
31700	1.1062635543600159	1.214042822135536	1.2783848787527146	1.263428674462236	1.2866592252241658	1.162656187249407	1.2065045553002753	1.2667674505284463	1.2135776663042208	1.1486902839265904	1.169189992452067	1.185287161824806	1.2135886302119785	1.2293814941284884	1.251563606455822	1.255560356247524	1.2896629790571015	1.3033450554681867	1.292006817937168	1.2931894448408685	1.2650087945981865	1.26360951223656	1.2971714725500187	1.2430412406039917	1.2935516341174944	1.213352738336479	1.220783459073458	1.2116484967554486	1.1442476125303498	1.1860024596777095	1.2109201009011286	1.2675115649337685	1.2931385495844379	1.1380995420323434	0.7942417534783933	0.0	3.111122630522816	1.3941440740942626	1.1203257758825593	1.1332297530619206
S25Hp	2.5684761546126547	2.676255422388175	2.7405974790053538	2.7256412747148753	2.7488718254768045	2.624868787502046	2.6687171555529146	2.728980050781085	2.67579026655686	2.610902884179229	2.631402592704706	2.647499762077445	2.6758012304646175	2.691594094381127	2.713776206708461	2.7177729565001627	2.7518755793097407	2.7655576557208255	2.7542194181898068	2.7554020450935077	2.7272213948508255	2.7258221124891993	2.759384072802658	2.705253840856631	2.7557642343701336	2.675565338589118	2.682996059326097	2.673861097008088	2.606460212782989	2.6482150599303482	2.6731327011537673	2.7297241651864077	2.755351149837077	2.600312142284982	2.840798750077302	3.111122630522816	0.0	2.8563566743469013	2.582538376135198	2.5954423533145596
31360	0.38531318745716714	0.49309245523268735	0.5574345118498659	0.5424783075593874	0.565708858321317	0.4417058203465585	0.48555418839742676	0.5458170836255976	0.49262729940137223	0.4277399170237417	0.44823962554921837	0.46433679492195723	0.49263826330912985	0.5084311272256398	0.5306132395529733	0.5346099893446753	0.568712612154253	0.582394688565338	0.5710564510343192	0.5722390779380199	0.5440584276953377	0.5426591453337115	0.5762211056471702	0.522090873701143	0.5726012672146459	0.49240237143363036	0.49983309217060945	0.4906981298526001	0.4232972456275011	0.4650520927748607	0.4899697339982798	0.54656119803092	0.5721881826815893	0.41714917512949473	1.1238201936487489	1.3941440740942626	2.8563566743469013	0.0	0.29928249134100654	0.38619664273968535
f12ppB	0.11149488924546379	0.219274157020984	0.2836162136381626	0.2686600093476841	0.2918905601096137	0.16788752213485508	0.2117358901857234	0.2719987854138942	0.21880900118966887	0.15392161881203836	0.17442132733751498	0.1905184967102539	0.21881996509742652	0.2346128290139364	0.25679494134127	0.26079169113297196	0.29489431394254956	0.3085763903536347	0.2972381528226159	0.29842077972631653	0.2702401294836344	0.2688408471220082	0.30240280743546677	0.2482725754894397	0.29878296900294243	0.218584073221927	0.2260147939589061	0.21687983164089672	0.14947894741579773	0.19123379456315734	0.21615143578657645	0.2727428998192166	0.2983698844698859	0.14333087691779134	0.8500018954370456	1.1203257758825593	2.582538376135198	0.29928249134100654	0.0	0.11237834452798201
f10pp	0.12439886642482516	0.23217813420034536	0.2965201908175239	0.28156398652704545	0.3047945372889751	0.18079149931421645	0.22463986736508476	0.28490276259325564	0.23171297836903024	0.16682559599139973	0.18732530451687635	0.20342247388961526	0.2317239422767879	0.24751680619329777	0.2696989185206314	0.2736956683123333	0.3077982911219109	0.321480367532996	0.31014213000197727	0.3113247569056779	0.2831441066629958	0.2817448243013695	0.3153067846148282	0.2611765526688011	0.31168694618230386	0.23148805040128836	0.23891877113826748	0.2297838088202581	0.1623829245951591	0.2041377717425187	0.22905541296593782	0.28564687699857794	0.3112738616492473	0.1562348540971527	0.8629058726164069	1.1332297530619206	2.5954423533145596	0.38619664273968535	0.11237834452798201	0.0
