	f22ppA	w21pp	w28pp	f14ppA	w15pp	f6ppB	f1pp	f16ppB	w9pp	f32pp	w16pp	f17ppA	f20ppB	f16ppA	f28pp	f3pp	f26pp	f19pp	f18pp	f15pp	f31pp	f30pp	f7pp	f25pp	f8pp	f4pp	f6ppA	s15pp	S1Hp	w17pp	f11pp	f21pp	f12ppB	f14ppB	s2pp	s1pp	s3pp	w3pp	w4pp	f29pp	f12ppA	f13pp	f9pp	w18pp	w12pp	w6pp
f22ppA	0.0	0.24262730272075783	0.28827241347618726	0.4542626580450411	0.46350118327135753	0.3358110214011696	0.34966453252250185	0.3139953793922931	0.4537736600885346	0.4683769396851826	0.4817916904278816	0.424196900582947	0.5596516339405946	0.49470911459362354	0.6311382720425006	0.7701809647454952	0.6861009273130555	0.7667197209273192	0.7289288461170393	0.8603195046488111	0.7669777967939095	0.9507787689611779	0.7740336535615508	0.7953772045018837	0.7544432806200196	0.7539701109897043	0.7728677719266395	0.9266067743867713	0.9312358797225123	0.848429203997891	0.8486179351892408	0.6029903373906482	0.6273393037264604	0.3318818425633427	0.5630915287885543	0.47078099127929435	0.4721621971369802	0.38954307962741663	0.3190731812944071	0.37141394181383464	0.30880185031217583	0.24438179362057916	0.27885956364948944	0.20518574624334318	0.26043363191102326	0.19433736285428993
w21pp	0.24262730272075783	0.0	0.26153943081445175	0.42752967538330555	0.43676820060962196	0.30907803873943407	0.3229315498607663	0.28726239673055753	0.427040677426799	0.44164395702344705	0.45505870776614604	0.39746391792121144	0.532918651278859	0.467976131931888	0.6044052893807651	0.7434479820837597	0.65936794465132	0.7399867382655837	0.7021958634553038	0.8335865219870756	0.740244814132174	0.9240457862994423	0.7473006708998153	0.7686442218401481	0.7277102979582841	0.7272371283279688	0.746134789264904	0.8998737917250358	0.9045028970607768	0.8216962213361555	0.8218849525275053	0.5762573547289126	0.6006063210647249	0.3051488599016072	0.5363585461268187	0.4440480086175588	0.44542921447524464	0.36281009696568106	0.2923401986326716	0.3446809591520991	0.2820688676504403	0.21764881095884359	0.2521265809877539	0.1961798840434596	0.2514277697111396	0.2203000915491503
w28pp	0.28827241347618726	0.26153943081445175	0.0	0.4375810721482267	0.44681959737454313	0.31912943550435524	0.3329829466256875	0.2973137934954787	0.4370920741917202	0.4516953537883682	0.4651101045310672	0.4075153146861326	0.5429700480437802	0.47802752869680915	0.6144566861456864	0.753499378848681	0.6694193414162413	0.750038135030505	0.712247260220225	0.8436379187519969	0.7502962108970952	0.9340971830643636	0.7573520676647365	0.7786956186050693	0.7377616947232053	0.73728852509289	0.7561861860298251	0.9099251884899571	0.9145542938256981	0.8317476181010768	0.8319363492924265	0.5863087514938339	0.6106577178296461	0.31520025666652834	0.5464099428917399	0.45409940538247995	0.4554806112401658	0.37286149373060223	0.30239159539759275	0.3547323559170203	0.2921202644153615	0.22770020772376479	0.2621779777526751	0.24182499479888903	0.2970728804665691	0.26594520230457974
f14ppA	0.4542626580450411	0.42752967538330555	0.4375810721482267	0.0	0.2683302166899891	0.2870558746239833	0.3530542762632622	0.31738512313305345	0.45716340382929493	0.47176668342594297	0.48518143416864196	0.42758664432370735	0.563041377681355	0.4980988583343839	0.6345280157832611	0.7735707084862556	0.6894906710538159	0.7701094646680796	0.7323185898577997	0.8637092483895715	0.7703675405346699	0.9541685127019383	0.7774233973023112	0.798766948242644	0.75783302436078	0.7573598547304647	0.7762575156673999	0.9299965181275317	0.9346256234632727	0.8518189477386514	0.8520076789300012	0.6063800811314086	0.6307290474672208	0.39862075950339504	0.6298304457286066	0.5375199082193467	0.5389011140770326	0.45628199656746893	0.38581209823445944	0.438152858753887	0.3755407672522282	0.3542003159658801	0.38867808599479037	0.4078152393677429	0.4630631250354229	0.4319354468734336
w15pp	0.46350118327135753	0.43676820060962196	0.44681959737454313	0.2683302166899891	0.0	0.2962943998502997	0.3622928014895786	0.32662364835936986	0.46640192905561134	0.4810052086522594	0.49441995939495836	0.43682516955002376	0.5722799029076713	0.5073373835607002	0.6437665410095774	0.782809233712572	0.6987291962801323	0.779347989894396	0.7415571150841161	0.8729477736158879	0.7796060657609863	0.9634070379282547	0.7866619225286277	0.8080054734689605	0.7670715495870964	0.7665983799567812	0.7854960408937163	0.9392350433538481	0.9438641486895891	0.8610574729649678	0.8612462041563176	0.6156186063577249	0.6399675726935372	0.40785928472971145	0.6390689709549231	0.5467584334456631	0.548139639303349	0.46552052179378534	0.39505062346077585	0.4473913839802034	0.3847792924785446	0.3634388411921965	0.3979166112211068	0.4170537645940593	0.4723016502617393	0.44117397209975
f6ppB	0.3358110214011696	0.30907803873943407	0.31912943550435524	0.2870558746239833	0.2962943998502997	0.0	0.23460263961939065	0.1989334864891819	0.3387117671854234	0.35331504678207143	0.3667297975247704	0.3091350076798358	0.4445897410374834	0.37964722169051235	0.5160763791393895	0.6551190718423842	0.5710390344099444	0.6516578280242081	0.6138669532139283	0.7452576117457	0.6519159038907985	0.8357168760580668	0.6589717606584398	0.6803153115987726	0.6393813877169086	0.6389082180865933	0.6578058790235284	0.8115448814836602	0.8161739868194012	0.7333673110947799	0.7335560422861297	0.487928444487537	0.5122774108233493	0.2801691228595235	0.5113788090847351	0.41906827157547516	0.420449477433161	0.3378303599235974	0.2673604615905879	0.31970122211001545	0.25708913060835664	0.23574867932200858	0.2702264493509189	0.28936360272387135	0.3446114883915514	0.31348381022956207
f1pp	0.34966453252250185	0.3229315498607663	0.3329829466256875	0.3530542762632622	0.3622928014895786	0.23460263961939065	0.0	0.19492400228756335	0.3347022829838049	0.3493055625804529	0.3627203133231519	0.3051255234782173	0.4405802568358649	0.37563773748889384	0.512066894937771	0.6511095876407655	0.5670295502083258	0.6476483438225895	0.6098574690123096	0.7412481275440814	0.6479064196891798	0.8317073918564482	0.6549622764568211	0.676305827397154	0.6353719035152899	0.6348987338849746	0.6537963948219098	0.8075353972820416	0.8121645026177826	0.7293578268931613	0.7295465580845111	0.4839189602859185	0.5082679266217307	0.2940226339808557	0.5252323202060674	0.43292178269680737	0.43430298855449323	0.3516838710449296	0.28121397271192017	0.33355473323134766	0.27094264172968885	0.2496021904433408	0.28407996047225115	0.3032171138452036	0.35846499951288363	0.32733732135089433
f16ppB	0.3139953793922931	0.28726239673055753	0.2973137934954787	0.31738512313305345	0.32662364835936986	0.1989334864891819	0.19492400228756335	0.0	0.24614079470329953	0.26074407429994756	0.27415882504264655	0.21656403519771195	0.3520187685553595	0.2870762492083885	0.42350540665726566	0.5625480993602603	0.4784680619278205	0.5590868555420843	0.5212959807318044	0.6526866392635762	0.5593449314086746	0.7431459035759429	0.5664007881763159	0.5877443391166487	0.5468104152347847	0.5463372456044694	0.5652349065414045	0.7189739090015363	0.7236030143372774	0.6407963386126561	0.6409850698040058	0.39535747200541316	0.4197064383412254	0.258353480850647	0.48956316707585856	0.3972526295665987	0.39863383542428454	0.3160147179147209	0.2455448195817114	0.29788558010113897	0.23527348859948014	0.21393303731313207	0.24841080734204238	0.26754796071499487	0.3227958463826749	0.2916681682206856
w9pp	0.4537736600885346	0.427040677426799	0.4370920741917202	0.45716340382929493	0.46640192905561134	0.3387117671854234	0.3347022829838049	0.24614079470329953	0.0	0.3780490385698527	0.39146378931255177	0.3338689994676171	0.46932373282526474	0.4043812134782937	0.5408103709271709	0.6798530636301654	0.5957730261977257	0.6763918198119894	0.6386009450017095	0.7699916035334814	0.6766498956785797	0.8604508678458481	0.6837057524462211	0.7050493033865539	0.6641153795046898	0.6636422098743745	0.6825398708113097	0.8362788732714416	0.8409079786071826	0.7581013028825613	0.758290034073911	0.5126624362753184	0.5370114026111306	0.3981317615468885	0.6293414477721001	0.5370309102628401	0.538412116120526	0.4557929986109624	0.3853231002779529	0.43766386079738046	0.37505176929572165	0.35371131800937355	0.3881890880382839	0.40732624141123636	0.4625741270789164	0.43144644891692707
f32pp	0.4683769396851826	0.44164395702344705	0.4516953537883682	0.47176668342594297	0.4810052086522594	0.35331504678207143	0.3493055625804529	0.26074407429994756	0.3780490385698527	0.0	0.34835448024653953	0.2907596904016049	0.4262144237592525	0.36127190441228146	0.49770106186115864	0.6367437545641532	0.5526637171317135	0.6332825107459772	0.5954916359356973	0.7268822944674692	0.6335405866125675	0.8173415587798359	0.6405964433802089	0.6619399943205417	0.6210060704386776	0.6205329008083623	0.6394305617452976	0.7931695642054294	0.7977986695411704	0.7149919938165491	0.7151807250078989	0.46955312720930614	0.4939020935451184	0.41273504114353654	0.6439447273687482	0.5516341898594882	0.5530153957171741	0.47039627820761043	0.39992637987460095	0.4522671403940285	0.3896550488923697	0.3683145976060216	0.40279236763493187	0.4219295210078844	0.4771774066755644	0.4460497285135751
w16pp	0.4817916904278816	0.45505870776614604	0.4651101045310672	0.48518143416864196	0.49441995939495836	0.3667297975247704	0.3627203133231519	0.27415882504264655	0.39146378931255177	0.34835448024653953	0.0	0.233234781241031	0.3686895145986786	0.30374699525170756	0.44017615270058474	0.5792188454035794	0.49513880797113957	0.5757576015854033	0.5379667267751234	0.6693573853068954	0.5760156774519936	0.7598166496192621	0.5830715342196351	0.6044150851599679	0.5634811612781037	0.5630079916477884	0.5819056525847237	0.7356446550448555	0.7402737603805966	0.6574670846559751	0.657655815847325	0.41202821804873224	0.4363771843845445	0.42614979188623553	0.6573594781114471	0.5650489406021872	0.5664301464598731	0.4838110289503094	0.41334113061729993	0.4656818911367275	0.40306979963506867	0.3817293483487206	0.4162071183776309	0.4353442717505834	0.4905921574182634	0.4594644792562741
f17ppA	0.424196900582947	0.39746391792121144	0.4075153146861326	0.42758664432370735	0.43682516955002376	0.3091350076798358	0.3051255234782173	0.21656403519771195	0.3338689994676171	0.2907596904016049	0.233234781241031	0.0	0.2801866213370582	0.21524410199008714	0.3516732594389643	0.4907159521419589	0.40663591470951915	0.48725470832378287	0.449463833513503	0.580854492045275	0.4875127841903732	0.6713137563576417	0.4945686409580146	0.5159121918983474	0.4749782680164833	0.474505098386168	0.49340275932310323	0.6471417617832351	0.6517708671189761	0.5689641913943547	0.5691529225857046	0.3235253247871118	0.34787429112292406	0.3685550020413009	0.5997646882665125	0.5074541507572525	0.5088353566149384	0.4262162391053748	0.35574634077236533	0.4080871012917929	0.34547500979013407	0.324134558503786	0.3586123285326963	0.3777494819056488	0.4329973675733288	0.4018696894113395
f20ppB	0.5596516339405946	0.532918651278859	0.5429700480437802	0.563041377681355	0.5722799029076713	0.4445897410374834	0.4405802568358649	0.3520187685553595	0.46932373282526474	0.4262144237592525	0.3686895145986786	0.2801866213370582	0.0	0.26314036886487835	0.39956952631375553	0.53861221901675	0.4545321815843103	0.535150975198574	0.49736010038829415	0.6287507589200662	0.5354090510651643	0.7192100232324329	0.5424649078328058	0.5638084587731386	0.5228745348912744	0.5224013652609591	0.5412990261978944	0.6950380286580263	0.6996671339937673	0.6168604582691459	0.6170491894604958	0.37142159166190303	0.3957705579977152	0.5040097353989486	0.7352194216241601	0.6429088841149002	0.6442900899725861	0.5616709724630224	0.4912010741300129	0.5435418346494405	0.48092974314778164	0.45958929186143355	0.4940670618903439	0.5132042152632963	0.5684521009309764	0.5373244227689871
f16ppA	0.49470911459362354	0.467976131931888	0.47802752869680915	0.4980988583343839	0.5073373835607002	0.37964722169051235	0.37563773748889384	0.2870762492083885	0.4043812134782937	0.36127190441228146	0.30374699525170756	0.21524410199008714	0.26314036886487835	0.0	0.2655944399052321	0.40463713260822665	0.320557095175787	0.4011758887900506	0.36338501397977085	0.49477567251154275	0.40143396465664094	0.5852349368239095	0.40848982142428236	0.4298333723646153	0.38889944848275115	0.38842627885243586	0.4073239397893711	0.561062942249503	0.5656920475852439	0.4828853718606225	0.4830741030519724	0.23744650525337965	0.2617954715891919	0.43906721605197746	0.6702769022771891	0.5779663647679292	0.579347570625615	0.49672845311605135	0.42625855478304187	0.4785993153024694	0.4159872238008106	0.3946467725144625	0.42912454254337284	0.4482616959163253	0.5035095815840054	0.472381903422016
f28pp	0.6311382720425006	0.6044052893807651	0.6144566861456864	0.6345280157832611	0.6437665410095774	0.5160763791393895	0.512066894937771	0.42350540665726566	0.5408103709271709	0.49770106186115864	0.44017615270058474	0.3516732594389643	0.39956952631375553	0.2655944399052321	0.0	0.45165845243698866	0.367578415004549	0.4481972086188126	0.41040633380853286	0.5417969923403048	0.44845528448540295	0.6322562566526716	0.45551114125304437	0.4768546921933773	0.43592076831151316	0.43544759868119787	0.4543452596181331	0.608084262078265	0.612713367414006	0.5299066916893845	0.5300954228807344	0.2844678250821417	0.30881679141795393	0.5754963735008547	0.8067060597260662	0.7143955222168064	0.7157767280744922	0.6331576105649286	0.562687712231919	0.6150284727513466	0.5524163812496878	0.5310759299633396	0.56555369999225	0.5846908533652024	0.6399387390328825	0.6088110608708931
f3pp	0.7701809647454952	0.7434479820837597	0.753499378848681	0.7735707084862556	0.782809233712572	0.6551190718423842	0.6511095876407655	0.5625480993602603	0.6798530636301654	0.6367437545641532	0.5792188454035794	0.4907159521419589	0.53861221901675	0.40463713260822665	0.45165845243698866	0.0	0.28969671734809155	0.37031551096235527	0.3325246361520754	0.4639152946838474	0.3705735868289456	0.5543745589962141	0.377629443596587	0.3989729945369198	0.3580390706550557	0.3575659010247404	0.37646356196167563	0.5302025644218076	0.5348316697575486	0.4520249940329272	0.45221372522427705	0.24703938662873776	0.33809634560934826	0.7145390662038491	0.9457487524290608	0.8534382149198008	0.8548194207774866	0.772200303267923	0.7017304049349136	0.754071165454341	0.6914590739526822	0.6701186226663343	0.7045963926952445	0.7237335460681971	0.7789814317358771	0.7478537535738877
f26pp	0.6861009273130555	0.65936794465132	0.6694193414162413	0.6894906710538159	0.6987291962801323	0.5710390344099444	0.5670295502083258	0.4784680619278205	0.5957730261977257	0.5526637171317135	0.49513880797113957	0.40663591470951915	0.4545321815843103	0.320557095175787	0.367578415004549	0.28969671734809155	0.0	0.2556843855581006	0.21789351074782076	0.3492841692795927	0.2559424614246909	0.43974343359195955	0.2629983181923323	0.28434186913266524	0.2434079452508011	0.2429347756204858	0.261832436557421	0.415571439017553	0.4202005443532939	0.3373938686286725	0.33758259982002237	0.16295934919629806	0.25401630817690857	0.6304590287714095	0.8616687149966211	0.7693581774873611	0.770739383345047	0.6881202658354834	0.6176503675024738	0.6699911280219014	0.6073790365202426	0.5860385852338945	0.6205163552628048	0.6396535086357573	0.6949013943034373	0.663773716141448
f19pp	0.7667197209273192	0.7399867382655837	0.750038135030505	0.7701094646680796	0.779347989894396	0.6516578280242081	0.6476483438225895	0.5590868555420843	0.6763918198119894	0.6332825107459772	0.5757576015854033	0.48725470832378287	0.535150975198574	0.4011758887900506	0.4481972086188126	0.37031551096235527	0.2556843855581006	0.0	0.22817184523174197	0.35956250376351395	0.26622079590861214	0.45002176807588073	0.27327665267625356	0.2946202036165864	0.2536862797347223	0.253213110104407	0.2721107710413422	0.4258497735014742	0.43047887883721514	0.3476722031125937	0.3478609343039436	0.24357814281056173	0.33463510179117223	0.7110778223856731	0.9422875086108847	0.8499769711016247	0.8513581769593106	0.768739059449747	0.6982691611167375	0.750609921636165	0.6879978301345062	0.6666573788481582	0.7011351488770685	0.720272302250021	0.775520187917701	0.7443925097557117
f18pp	0.7289288461170393	0.7021958634553038	0.712247260220225	0.7323185898577997	0.7415571150841161	0.6138669532139283	0.6098574690123096	0.5212959807318044	0.6386009450017095	0.5954916359356973	0.5379667267751234	0.449463833513503	0.49736010038829415	0.36338501397977085	0.41040633380853286	0.3325246361520754	0.21789351074782076	0.22817184523174197	0.0	0.2396342091734922	0.14629250131859042	0.33009347348585905	0.15334835808623182	0.1746919090265647	0.13375798514470055	0.13328481551438526	0.1521824764513205	0.3059214789114525	0.3105505842471934	0.227743908522572	0.2279326397139219	0.2057872680002819	0.2968442269808924	0.6732869475753933	0.9044966338006049	0.812186096291345	0.8135673021490308	0.7309481846394672	0.6604782863064577	0.7128190468258853	0.6502069553242265	0.6288665040378784	0.6633442740667886	0.6824814274397412	0.7377293131074212	0.7066016349454318
f15pp	0.8603195046488111	0.8335865219870756	0.8436379187519969	0.8637092483895715	0.8729477736158879	0.7452576117457	0.7412481275440814	0.6526866392635762	0.7699916035334814	0.7268822944674692	0.6693573853068954	0.580854492045275	0.6287507589200662	0.49477567251154275	0.5417969923403048	0.4639152946838474	0.3492841692795927	0.35956250376351395	0.2396342091734922	0.0	0.2490737700814962	0.43287474224876477	0.2561296268491376	0.27747317778947045	0.23653925390760633	0.23606608427729103	0.25496374521422627	0.4087027476743582	0.4133318530100992	0.3305251772854778	0.3307139084768277	0.33717792653205386	0.42823488551266436	0.804677606107165	1.0358872923323768	0.9435767548231166	0.9449579606808025	0.8623388431712389	0.7918689448382294	0.8442097053576569	0.7815976138559981	0.7602571625696501	0.7947349325985604	0.813872085971513	0.869119971639193	0.8379922934772036
f31pp	0.7669777967939095	0.740244814132174	0.7502962108970952	0.7703675405346699	0.7796060657609863	0.6519159038907985	0.6479064196891798	0.5593449314086746	0.6766498956785797	0.6335405866125675	0.5760156774519936	0.4875127841903732	0.5354090510651643	0.40143396465664094	0.44845528448540295	0.3705735868289456	0.2559424614246909	0.26622079590861214	0.14629250131859042	0.2490737700814962	0.0	0.28097463843681486	0.10422952303718769	0.12557307397752054	0.08463915009565642	0.10330029700616991	0.12219795794310512	0.27593696040323706	0.2805660657389781	0.19775939001435666	0.19794812120570654	0.24383621867715205	0.33489317765776255	0.7113358982522635	0.942545584477475	0.8502350469682152	0.851616252825901	0.7689971353163374	0.6985272369833279	0.7508679975027555	0.6882559060010967	0.6669154547147486	0.7013932247436588	0.7205303781166114	0.7757782637842914	0.744650585622302
f30pp	0.9507787689611779	0.9240457862994423	0.9340971830643636	0.9541685127019383	0.9634070379282547	0.8357168760580668	0.8317073918564482	0.7431459035759429	0.8604508678458481	0.8173415587798359	0.7598166496192621	0.6713137563576417	0.7192100232324329	0.5852349368239095	0.6322562566526716	0.5543745589962141	0.43974343359195955	0.45002176807588073	0.33009347348585905	0.43287474224876477	0.28097463843681486	0.0	0.2436186589642395	0.2944911995791034	0.25355727569723924	0.2871012691734385	0.3059989301103737	0.45973793257050566	0.46436703790624667	0.38156036218162526	0.38174909337297513	0.42763719084442064	0.5186941498250311	0.8951368704195317	1.1263465566447435	1.0340360191354834	1.0354172249931692	0.9527981074836056	0.8823282091505962	0.9346689696700237	0.8720568781683649	0.8507164268820169	0.8851941969109272	0.9043313502838797	0.9595792359515597	0.9284515577895703
f7pp	0.7740336535615508	0.7473006708998153	0.7573520676647365	0.7774233973023112	0.7866619225286277	0.6589717606584398	0.6549622764568211	0.5664007881763159	0.6837057524462211	0.6405964433802089	0.5830715342196351	0.4945686409580146	0.5424649078328058	0.40848982142428236	0.45551114125304437	0.377629443596587	0.2629983181923323	0.27327665267625356	0.15334835808623182	0.2561296268491376	0.10422952303718769	0.2436186589642395	0.0	0.11774608417947623	0.07681216029761209	0.1103561537738113	0.1292538147107465	0.2829928171708785	0.28762192250661944	0.20481524678199806	0.20500397797334793	0.25089207544479347	0.341949034425404	0.7183917550199048	0.9496014412451164	0.8572909037358565	0.8586721095935423	0.7760529920839787	0.7055830937509692	0.7579238542703968	0.695311762768738	0.6739713114823899	0.7084490815113001	0.7275862348842527	0.7828341205519327	0.7517064423899433
f25pp	0.7953772045018837	0.7686442218401481	0.7786956186050693	0.798766948242644	0.8080054734689605	0.6803153115987726	0.676305827397154	0.5877443391166487	0.7050493033865539	0.6619399943205417	0.6044150851599679	0.5159121918983474	0.5638084587731386	0.4298333723646153	0.4768546921933773	0.3989729945369198	0.28434186913266524	0.2946202036165864	0.1746919090265647	0.27747317778947045	0.12557307397752054	0.2944911995791034	0.11774608417947623	0.0	0.07748761198509935	0.13169970471414416	0.1505973656510794	0.30433636811121134	0.30896547344695235	0.22615879772233094	0.22634752891368082	0.27223562638512633	0.36329258536573683	0.7397353059602376	0.9709449921854492	0.8786344546761893	0.8800156605338751	0.7973965430243115	0.726926644691302	0.7792674052107296	0.7166553137090708	0.6953148624227227	0.729792632451633	0.7489297858245855	0.8041776714922655	0.7730499933302761
f8pp	0.7544432806200196	0.7277102979582841	0.7377616947232053	0.75783302436078	0.7670715495870964	0.6393813877169086	0.6353719035152899	0.5468104152347847	0.6641153795046898	0.6210060704386776	0.5634811612781037	0.4749782680164833	0.5228745348912744	0.38889944848275115	0.43592076831151316	0.3580390706550557	0.2434079452508011	0.2536862797347223	0.13375798514470055	0.23653925390760633	0.08463915009565642	0.25355727569723924	0.07681216029761209	0.07748761198509935	0.0	0.09076578083228004	0.10966344176921525	0.2634024442293472	0.26803154956508823	0.1852248738404668	0.18541360503181667	0.2313017025032622	0.3223586614838727	0.6988013820783736	0.9300110683035852	0.8377005307943253	0.8390817366520111	0.7564626191424475	0.685992720809438	0.7383334813288656	0.6757213898272068	0.6543809385408587	0.6888587085697689	0.7079958619427215	0.7632437476104015	0.7321160694484121
f4pp	0.7539701109897043	0.7272371283279688	0.73728852509289	0.7573598547304647	0.7665983799567812	0.6389082180865933	0.6348987338849746	0.5463372456044694	0.6636422098743745	0.6205329008083623	0.5630079916477884	0.474505098386168	0.5224013652609591	0.38842627885243586	0.43544759868119787	0.3575659010247404	0.2429347756204858	0.253213110104407	0.13328481551438526	0.23606608427729103	0.10330029700616991	0.2871012691734385	0.1103561537738113	0.13169970471414416	0.09076578083228004	0.0	0.07242223112323326	0.2261612335833652	0.23079033891910622	0.1479836631944848	0.14817239438583468	0.2308285328729469	0.3218854918535574	0.6983282124480583	0.9295378986732699	0.83722736116401	0.8386085670216958	0.7559894495121322	0.6855195511791227	0.7378603116985503	0.6752482201968915	0.6539077689105434	0.6883855389394536	0.7075226923124062	0.7627705779800862	0.7316428998180968
f6ppA	0.7728677719266395	0.746134789264904	0.7561861860298251	0.7762575156673999	0.7854960408937163	0.6578058790235284	0.6537963948219098	0.5652349065414045	0.6825398708113097	0.6394305617452976	0.5819056525847237	0.49340275932310323	0.5412990261978944	0.4073239397893711	0.4543452596181331	0.37646356196167563	0.261832436557421	0.2721107710413422	0.1521824764513205	0.25496374521422627	0.12219795794310512	0.3059989301103737	0.1292538147107465	0.1505973656510794	0.10966344176921525	0.07242223112323326	0.0	0.21683802805140193	0.2214671333871429	0.1386604576625215	0.13884918885387137	0.24972619380988215	0.34078315279049265	0.7172258733849934	0.948435559610205	0.8561250221009451	0.857506227958631	0.7748871104490673	0.7044172121160578	0.7567579726354854	0.6941458811338266	0.6728054298474785	0.7072831998763888	0.7264203532493413	0.7816682389170213	0.750540560755032
s15pp	0.9266067743867713	0.8998737917250358	0.9099251884899571	0.9299965181275317	0.9392350433538481	0.8115448814836602	0.8075353972820416	0.7189739090015363	0.8362788732714416	0.7931695642054294	0.7356446550448555	0.6471417617832351	0.6950380286580263	0.561062942249503	0.608084262078265	0.5302025644218076	0.415571439017553	0.4258497735014742	0.3059214789114525	0.4087027476743582	0.27593696040323706	0.45973793257050566	0.2829928171708785	0.30433636811121134	0.2634024442293472	0.2261612335833652	0.21683802805140193	0.0	0.3374386919828931	0.25463201625827164	0.2610580393859195	0.4034651962700141	0.4945221552506246	0.8709648758451252	1.1021745620703367	1.0098640245610768	1.0112452304187627	0.928626112909199	0.8581562145761896	0.9104969750956171	0.8478848835939583	0.8265444323076103	0.8610222023365206	0.8801593557094731	0.9354072413771531	0.9042795632151638
S1Hp	0.9312358797225123	0.9045028970607768	0.9145542938256981	0.9346256234632727	0.9438641486895891	0.8161739868194012	0.8121645026177826	0.7236030143372774	0.8409079786071826	0.7977986695411704	0.7402737603805966	0.6517708671189761	0.6996671339937673	0.5656920475852439	0.612713367414006	0.5348316697575486	0.4202005443532939	0.43047887883721514	0.3105505842471934	0.4133318530100992	0.2805660657389781	0.46436703790624667	0.28762192250661944	0.30896547344695235	0.26803154956508823	0.23079033891910622	0.2214671333871429	0.3374386919828931	0.0	0.2224070934569714	0.26568714472166044	0.40809430160575505	0.49915126058636555	0.8755939811808662	1.1068036674060777	1.0144931298968178	1.0158743357545037	0.9332552182449401	0.8627853199119306	0.9151260804313581	0.8525139889296993	0.8311735376433513	0.8656513076722616	0.8847884610452141	0.9400363467128942	0.9089086685509048
w17pp	0.848429203997891	0.8216962213361555	0.8317476181010768	0.8518189477386514	0.8610574729649678	0.7333673110947799	0.7293578268931613	0.6407963386126561	0.7581013028825613	0.7149919938165491	0.6574670846559751	0.5689641913943547	0.6168604582691459	0.4828853718606225	0.5299066916893845	0.4520249940329272	0.3373938686286725	0.3476722031125937	0.227743908522572	0.3305251772854778	0.19775939001435666	0.38156036218162526	0.20481524678199806	0.22615879772233094	0.1852248738404668	0.1479836631944848	0.1386604576625215	0.25463201625827164	0.2224070934569714	0.0	0.18288046899703903	0.32528762588113364	0.41634458486174414	0.7927873054562449	1.0239969916814564	0.9316864541721965	0.9330676600298824	0.8504485425203188	0.7799786441873093	0.8323194047067368	0.769707313205078	0.74836686191873	0.7828446319476403	0.8019817853205928	0.8572296709882729	0.8261019928262835
f11pp	0.8486179351892408	0.8218849525275053	0.8319363492924265	0.8520076789300012	0.8612462041563176	0.7335560422861297	0.7295465580845111	0.6409850698040058	0.758290034073911	0.7151807250078989	0.657655815847325	0.5691529225857046	0.6170491894604958	0.4830741030519724	0.5300954228807344	0.45221372522427705	0.33758259982002237	0.3478609343039436	0.2279326397139219	0.3307139084768277	0.19794812120570654	0.38174909337297513	0.20500397797334793	0.22634752891368082	0.18541360503181667	0.14817239438583468	0.13884918885387137	0.2610580393859195	0.26568714472166044	0.18288046899703903	0.0	0.3254763570724835	0.416533316053094	0.7929760366475946	1.0241857228728062	0.9318751853635463	0.9332563912212322	0.8506372737116685	0.7801673753786591	0.8325081358980866	0.7698960443964278	0.7485555931100798	0.7830333631389901	0.8021705165119426	0.8574184021796226	0.8262907240176333
f21pp	0.6029903373906482	0.5762573547289126	0.5863087514938339	0.6063800811314086	0.6156186063577249	0.487928444487537	0.4839189602859185	0.39535747200541316	0.5126624362753184	0.46955312720930614	0.41202821804873224	0.3235253247871118	0.37142159166190303	0.23744650525337965	0.2844678250821417	0.24703938662873776	0.16295934919629806	0.24357814281056173	0.2057872680002819	0.33717792653205386	0.24383621867715205	0.42763719084442064	0.25089207544479347	0.27223562638512633	0.2313017025032622	0.2308285328729469	0.24972619380988215	0.4034651962700141	0.40809430160575505	0.32528762588113364	0.3254763570724835	0.0	0.1709057182545013	0.5473484388490022	0.7785581250742137	0.6862475875649539	0.6876287934226397	0.6050096759130761	0.5345397775800665	0.5868805380994941	0.5242684465978353	0.5029279953114871	0.5374057653403975	0.5565429187133499	0.6117908043810301	0.5806631262190407
f12ppB	0.6273393037264604	0.6006063210647249	0.6106577178296461	0.6307290474672208	0.6399675726935372	0.5122774108233493	0.5082679266217307	0.4197064383412254	0.5370114026111306	0.4939020935451184	0.4363771843845445	0.34787429112292406	0.3957705579977152	0.2617954715891919	0.30881679141795393	0.33809634560934826	0.25401630817690857	0.33463510179117223	0.2968442269808924	0.42823488551266436	0.33489317765776255	0.5186941498250311	0.341949034425404	0.36329258536573683	0.3223586614838727	0.3218854918535574	0.34078315279049265	0.4945221552506246	0.49915126058636555	0.41634458486174414	0.416533316053094	0.1709057182545013	0.0	0.5716974051848144	0.802907091410026	0.710596553900766	0.7119777597584519	0.6293586422488883	0.5588887439158787	0.6112295044353063	0.5486174129336475	0.5272769616472994	0.5617547316762097	0.5808918850491622	0.6361397707168422	0.6050120925548529
f14ppB	0.3318818425633427	0.3051488599016072	0.31520025666652834	0.39862075950339504	0.40785928472971145	0.2801691228595235	0.2940226339808557	0.258353480850647	0.3981317615468885	0.41273504114353654	0.42614979188623553	0.3685550020413009	0.5040097353989486	0.43906721605197746	0.5754963735008547	0.7145390662038491	0.6304590287714095	0.7110778223856731	0.6732869475753933	0.804677606107165	0.7113358982522635	0.8951368704195317	0.7183917550199048	0.7397353059602376	0.6988013820783736	0.6983282124480583	0.7172258733849934	0.8709648758451252	0.8755939811808662	0.7927873054562449	0.7929760366475946	0.5473484388490022	0.5716974051848144	0.0	0.43585655031969595	0.343546012810436	0.34492721866812187	0.2623081011585583	0.2300696241424561	0.2824103846618836	0.21979829316022484	0.23181950048418168	0.266297270513092	0.28543442388604445	0.34068230955372447	0.30955463139173517
s2pp	0.5630915287885543	0.5363585461268187	0.5464099428917399	0.6298304457286066	0.6390689709549231	0.5113788090847351	0.5252323202060674	0.48956316707585856	0.6293414477721001	0.6439447273687482	0.6573594781114471	0.5997646882665125	0.7352194216241601	0.6702769022771891	0.8067060597260662	0.9457487524290608	0.8616687149966211	0.9422875086108847	0.9044966338006049	1.0358872923323768	0.942545584477475	1.1263465566447435	0.9496014412451164	0.9709449921854492	0.9300110683035852	0.9295378986732699	0.948435559610205	1.1021745620703367	1.1068036674060777	1.0239969916814564	1.0241857228728062	0.7785581250742137	0.802907091410026	0.43585655031969595	0.0	0.3823963293136069	0.46188638234839957	0.379267264838836	0.46127931036766767	0.5136200708870953	0.4510079793854364	0.46302918670939325	0.4975069567383036	0.516644110111256	0.5718919957789361	0.5407643176169468
s1pp	0.47078099127929435	0.4440480086175588	0.45409940538247995	0.5375199082193467	0.5467584334456631	0.41906827157547516	0.43292178269680737	0.3972526295665987	0.5370309102628401	0.5516341898594882	0.5650489406021872	0.5074541507572525	0.6429088841149002	0.5779663647679292	0.7143955222168064	0.8534382149198008	0.7693581774873611	0.8499769711016247	0.812186096291345	0.9435767548231166	0.8502350469682152	1.0340360191354834	0.8572909037358565	0.8786344546761893	0.8377005307943253	0.83722736116401	0.8561250221009451	1.0098640245610768	1.0144931298968178	0.9316864541721965	0.9318751853635463	0.6862475875649539	0.710596553900766	0.343546012810436	0.3823963293136069	0.0	0.36957584483913963	0.286956727329576	0.36896877285840773	0.4213095333778353	0.35869744187617647	0.3707186492001333	0.4051964192290436	0.4243335726019961	0.47958145826967613	0.44845378010768683
s3pp	0.4721621971369802	0.44542921447524464	0.4554806112401658	0.5389011140770326	0.548139639303349	0.420449477433161	0.43430298855449323	0.39863383542428454	0.538412116120526	0.5530153957171741	0.5664301464598731	0.5088353566149384	0.6442900899725861	0.579347570625615	0.7157767280744922	0.8548194207774866	0.770739383345047	0.8513581769593106	0.8135673021490308	0.9449579606808025	0.851616252825901	1.0354172249931692	0.8586721095935423	0.8800156605338751	0.8390817366520111	0.8386085670216958	0.857506227958631	1.0112452304187627	1.0158743357545037	0.9330676600298824	0.9332563912212322	0.6876287934226397	0.7119777597584519	0.34492721866812187	0.46188638234839957	0.36957584483913963	0.0	0.08884178551173916	0.3703499787160936	0.42269073923552114	0.36007864773386233	0.3720998550578192	0.40657762508672946	0.425714778459682	0.480962664127362	0.4498349859653727
w3pp	0.38954307962741663	0.36281009696568106	0.37286149373060223	0.45628199656746893	0.46552052179378534	0.3378303599235974	0.3516838710449296	0.3160147179147209	0.4557929986109624	0.47039627820761043	0.4838110289503094	0.4262162391053748	0.5616709724630224	0.49672845311605135	0.6331576105649286	0.772200303267923	0.6881202658354834	0.768739059449747	0.7309481846394672	0.8623388431712389	0.7689971353163374	0.9527981074836056	0.7760529920839787	0.7973965430243115	0.7564626191424475	0.7559894495121322	0.7748871104490673	0.928626112909199	0.9332552182449401	0.8504485425203188	0.8506372737116685	0.6050096759130761	0.6293586422488883	0.2623081011585583	0.379267264838836	0.286956727329576	0.08884178551173916	0.0	0.28773086120653	0.3400716217259575	0.27745953022429876	0.28948073754825554	0.3239585075771659	0.3430956609501184	0.3983435466177984	0.3672158684558091
w4pp	0.3190731812944071	0.2923401986326716	0.30239159539759275	0.38581209823445944	0.39505062346077585	0.2673604615905879	0.28121397271192017	0.2455448195817114	0.3853231002779529	0.39992637987460095	0.41334113061729993	0.35574634077236533	0.4912010741300129	0.42625855478304187	0.562687712231919	0.7017304049349136	0.6176503675024738	0.6982691611167375	0.6604782863064577	0.7918689448382294	0.6985272369833279	0.8823282091505962	0.7055830937509692	0.726926644691302	0.685992720809438	0.6855195511791227	0.7044172121160578	0.8581562145761896	0.8627853199119306	0.7799786441873093	0.7801673753786591	0.5345397775800665	0.5588887439158787	0.2300696241424561	0.46127931036766767	0.36896877285840773	0.3703499787160936	0.28773086120653	0.0	0.2558905261155116	0.19327843461385283	0.21901083921524608	0.2534886092441564	0.27262576261710886	0.32787364828478893	0.2967459701227996
f29pp	0.37141394181383464	0.3446809591520991	0.3547323559170203	0.438152858753887	0.4473913839802034	0.31970122211001545	0.33355473323134766	0.29788558010113897	0.43766386079738046	0.4522671403940285	0.4656818911367275	0.4080871012917929	0.5435418346494405	0.4785993153024694	0.6150284727513466	0.754071165454341	0.6699911280219014	0.750609921636165	0.7128190468258853	0.8442097053576569	0.7508679975027555	0.9346689696700237	0.7579238542703968	0.7792674052107296	0.7383334813288656	0.7378603116985503	0.7567579726354854	0.9104969750956171	0.9151260804313581	0.8323194047067368	0.8325081358980866	0.5868805380994941	0.6112295044353063	0.2824103846618836	0.5136200708870953	0.4213095333778353	0.42269073923552114	0.3400716217259575	0.2558905261155116	0.0	0.2059321311340945	0.2713515997346736	0.30582936976358394	0.3249665231365364	0.3802144088042164	0.3490867306422271
f12ppA	0.30880185031217583	0.2820688676504403	0.2921202644153615	0.3755407672522282	0.3847792924785446	0.25708913060835664	0.27094264172968885	0.23527348859948014	0.37505176929572165	0.3896550488923697	0.40306979963506867	0.34547500979013407	0.48092974314778164	0.4159872238008106	0.5524163812496878	0.6914590739526822	0.6073790365202426	0.6879978301345062	0.6502069553242265	0.7815976138559981	0.6882559060010967	0.8720568781683649	0.695311762768738	0.7166553137090708	0.6757213898272068	0.6752482201968915	0.6941458811338266	0.8478848835939583	0.8525139889296993	0.769707313205078	0.7698960443964278	0.5242684465978353	0.5486174129336475	0.21979829316022484	0.4510079793854364	0.35869744187617647	0.36007864773386233	0.27745953022429876	0.19327843461385283	0.2059321311340945	0.0	0.20873950823301482	0.24321727826192513	0.2623544316348776	0.3176023173025576	0.2864746391405683
f13pp	0.24438179362057916	0.21764881095884359	0.22770020772376479	0.3542003159658801	0.3634388411921965	0.23574867932200858	0.2496021904433408	0.21393303731313207	0.35371131800937355	0.3683145976060216	0.3817293483487206	0.324134558503786	0.45958929186143355	0.3946467725144625	0.5310759299633396	0.6701186226663343	0.5860385852338945	0.6666573788481582	0.6288665040378784	0.7602571625696501	0.6669154547147486	0.8507164268820169	0.6739713114823899	0.6953148624227227	0.6543809385408587	0.6539077689105434	0.6728054298474785	0.8265444323076103	0.8311735376433513	0.74836686191873	0.7485555931100798	0.5029279953114871	0.5272769616472994	0.23181950048418168	0.46302918670939325	0.3707186492001333	0.3720998550578192	0.28948073754825554	0.21901083921524608	0.2713515997346736	0.20873950823301482	0.0	0.14332423010766882	0.19793437494328092	0.25318226061096094	0.22205458244897164
f9pp	0.27885956364948944	0.2521265809877539	0.2621779777526751	0.38867808599479037	0.3979166112211068	0.2702264493509189	0.28407996047225115	0.24841080734204238	0.3881890880382839	0.40279236763493187	0.4162071183776309	0.3586123285326963	0.4940670618903439	0.42912454254337284	0.56555369999225	0.7045963926952445	0.6205163552628048	0.7011351488770685	0.6633442740667886	0.7947349325985604	0.7013932247436588	0.8851941969109272	0.7084490815113001	0.729792632451633	0.6888587085697689	0.6883855389394536	0.7072831998763888	0.8610222023365206	0.8656513076722616	0.7828446319476403	0.7830333631389901	0.5374057653403975	0.5617547316762097	0.266297270513092	0.4975069567383036	0.4051964192290436	0.40657762508672946	0.3239585075771659	0.2534886092441564	0.30582936976358394	0.24321727826192513	0.14332423010766882	0.0	0.2324121449721912	0.2876600306398712	0.2565323524778819
w18pp	0.20518574624334318	0.1961798840434596	0.24182499479888903	0.4078152393677429	0.4170537645940593	0.28936360272387135	0.3032171138452036	0.26754796071499487	0.40732624141123636	0.4219295210078844	0.4353442717505834	0.3777494819056488	0.5132042152632963	0.4482616959163253	0.5846908533652024	0.7237335460681971	0.6396535086357573	0.720272302250021	0.6824814274397412	0.813872085971513	0.7205303781166114	0.9043313502838797	0.7275862348842527	0.7489297858245855	0.7079958619427215	0.7075226923124062	0.7264203532493413	0.8801593557094731	0.8847884610452141	0.8019817853205928	0.8021705165119426	0.5565429187133499	0.5808918850491622	0.28543442388604445	0.516644110111256	0.4243335726019961	0.425714778459682	0.3430956609501184	0.27262576261710886	0.3249665231365364	0.2623544316348776	0.19793437494328092	0.2324121449721912	0.0	0.1684495730405765	0.1828585350717357
w12pp	0.26043363191102326	0.2514277697111396	0.2970728804665691	0.4630631250354229	0.4723016502617393	0.3446114883915514	0.35846499951288363	0.3227958463826749	0.4625741270789164	0.4771774066755644	0.4905921574182634	0.4329973675733288	0.5684521009309764	0.5035095815840054	0.6399387390328825	0.7789814317358771	0.6949013943034373	0.775520187917701	0.7377293131074212	0.869119971639193	0.7757782637842914	0.9595792359515597	0.7828341205519327	0.8041776714922655	0.7632437476104015	0.7627705779800862	0.7816682389170213	0.9354072413771531	0.9400363467128942	0.8572296709882729	0.8574184021796226	0.6117908043810301	0.6361397707168422	0.34068230955372447	0.5718919957789361	0.47958145826967613	0.480962664127362	0.3983435466177984	0.32787364828478893	0.3802144088042164	0.3176023173025576	0.25318226061096094	0.2876600306398712	0.1684495730405765	0.0	0.23810642073941574
