	s17pp	w21pp	w29pp	w8pp	f21pp	f26pp	f10pp	w9pp	f19pp	w15pp	w28pp	f20ppA	w7pp	f6ppA	w26pp	f23ppA	w10pp	w11pp	f31pp	w4pp	f13pp	f17ppA	f2pp	w1pp	w18pp	f18pp	f30pp	f4pp	f12ppB	w2pp	f32pp	f8pp	w20pp	f14ppA	f14ppB	w17pp	w24pp	w23pp	w19pp	w14pp	S31Hp	f25pp	f23ppB	f29pp	f22ppA	f16ppA	f11pp	w31pp	f15pp	f7pp	f20ppB	f17ppB	f12ppA	w27pp	w22pp	f24pp	w13pp	f16ppB	w16pp	f1pp	w32pp	w25pp	f9pp	w12pp	w6pp	f3pp	w3pp	f22ppB	f6ppB	s12pp	s31pp	s27pp	s2pp	s11pp	S12Hp	s7pp	s24pp	S4Hp	s25pp	S14Hp	s8pp	s32pp	s14pp	s28pp	s30pp	s10pp	f28pp	w30pp	s3pp	s29pp	s19pp
s17pp	0.0	0.03533060992546791	0.030608196812531758	0.07478090599868695	0.06904103230203823	0.06774280822201681	0.06628596498781991	0.06628596498781991	0.05795325170588459	0.059141725329945556	0.0599620734742853	0.05301376250871167	0.09145502004379646	0.0647505595112723	0.048575651528028126	0.047317723426534355	0.06732504418659932	0.06732504418659932	0.07590227716254314	0.08498265291529508	0.0662011478811633	0.07940144733217008	0.0643618792597575	0.0643618792597575	0.06848975215194528	0.07101376512896326	0.06479924668817813	0.06835955946559168	0.06695378203647637	0.06416455444373759	0.06777787869625017	0.067983467982644	0.06799242832252689	0.04491107299537192	0.04225547239117694	0.04225547239117694	0.0625740062813501	0.06293996529766505	0.06293996529766505	0.06258376074986247	0.4733086870326931	0.05949796091951334	0.0583947362309482	0.11712873602393165	0.06453966785259738	0.06191885049673678	0.06940971659063011	0.07236001592032079	0.07381396414943847	0.07059146489482519	0.07951690723117108	0.05576569317280695	0.07617928565215662	0.06778458544783472	0.08388833695723313	0.06892235464324398	0.07357625463023934	0.06473162488834444	0.07045239990106919	0.08403165354457878	0.08982815082285306	0.07815168731343561	0.08330860433088691	0.039962822213014226	0.039962822213014226	0.05253838362328351	0.0457214117007401	0.05201328093043358	0.04869285709618009	0.05296372226628129	0.15250097454809097	0.16774833812885492	0.1232457364952985	0.4456967198879821	0.5005691330503697	0.23200701039268523	0.20703256209785315	0.5111035453234382	0.27279013645224176	0.51362075476138	0.376803090747911	0.37913186687044037	0.34132995587139664	0.22864004886360967	0.1609800842301871	0.3415462452493811	0.18025066077778654	0.28085373907024397	0.15550880211706591	0.09794895689964393	0.18616944096330196
w21pp	0.03533060992546791	0.0	0.007945260636505448	0.058004646847306385	0.05226477315065767	0.05096654907063625	0.04950970583643935	0.04950970583643935	0.041176992554504036	0.042365466178565	0.04318581432290475	0.036237503357331106	0.0746787608924159	0.04797430035989174	0.03179939237664756	0.030541464275153796	0.05054878503521876	0.05054878503521876	0.05912601801116257	0.06820639376391453	0.049424888729782734	0.06262518818078952	0.047585620108376955	0.047585620108376955	0.051713493000564714	0.0542375059775827	0.04802298753679758	0.051583300314211114	0.050177522885095804	0.04738829529235704	0.051001619544869606	0.05120720883126344	0.051216169171146325	0.028134813843991358	0.025479213239796378	0.025479213239796378	0.045797747129969535	0.0461637061462845	0.0461637061462845	0.0458075015984819	0.45653242788131254	0.04272170176813278	0.041618477079567645	0.10035247687255107	0.047763408701216814	0.045142591345356226	0.05263345743924955	0.05558375676894024	0.05703770499805792	0.05381520574344463	0.06274064807979052	0.038989434021426385	0.05940302650077607	0.05100832629645416	0.06711207780585257	0.052146095491863415	0.05679999547885879	0.04795536573696389	0.05367614074968863	0.06725539439319823	0.07305189167147248	0.06137542816205506	0.06653234517950636	0.023186563061633667	0.023186563061633667	0.03576212447190295	0.028945152549359542	0.035237021779053024	0.03191659794479953	0.05816794501826618	0.15770519730007587	0.17295256088083982	0.1284499592472834	0.450900942639967	0.5057733558023545	0.23721123314467013	0.21223678484983804	0.516307768075423	0.27799435920422666	0.5188249775133649	0.3820073134998959	0.38433608962242527	0.34653417862338154	0.23384427161559457	0.16618430698217196	0.346750468001366	0.1854548835297714	0.28605796182222887	0.1607130248690508	0.10315317965162882	0.19137366371528683
w29pp	0.030608196812531758	0.007945260636505448	0.0	0.05328223373437023	0.047542360037721505	0.04624413595770009	0.044787292723503194	0.044787292723503194	0.03645457944156787	0.03764305306562884	0.038463401209968585	0.03151509024439495	0.06995634777947975	0.043251887246955584	0.027076979263711408	0.02581905116221764	0.0458263719222826	0.0458263719222826	0.05440360489822641	0.06348398065097838	0.04470247561684657	0.05790277506785336	0.04286320699544079	0.04286320699544079	0.04699107988762856	0.049515092864646545	0.04330057442386142	0.04686088720127496	0.04545510977215965	0.042665882179420876	0.04627920643193345	0.04648479571832728	0.04649375605821017	0.023412400731055202	0.020756800126860223	0.020756800126860223	0.04107533401703338	0.041441293033348335	0.041441293033348335	0.04108508848554575	0.45181001476837634	0.037999288655196625	0.03689606396663148	0.09563006375961491	0.04304099558828066	0.04042017823242006	0.04791104432631339	0.05086134365600408	0.05231529188512176	0.049092792630508475	0.05801823496685436	0.03426702090849023	0.05468061338783991	0.046285913183518	0.062389664692916416	0.04742368237892726	0.05207758236592263	0.04323295262402773	0.04895372763675247	0.06253298128026208	0.06832947855853633	0.0566530150491189	0.0618099320665702	0.018464149948697512	0.018464149948697512	0.03103971135896679	0.024222739436423387	0.030514608666116865	0.027194184831863373	0.053445531905330024	0.15298278418713973	0.16823014776790365	0.12372754613434724	0.44617852952703085	0.5010509426894184	0.23248882003173396	0.20751437173690188	0.5115853549624869	0.27327194609129046	0.5141025644004287	0.3772849003869597	0.3796136765094891	0.34181176551044534	0.2291218585026584	0.16146189386923582	0.3420280548884298	0.18073247041683527	0.28133554870929267	0.15599061175611467	0.09843076653869266	0.1866512506023507
w8pp	0.07478090599868695	0.058004646847306385	0.05328223373437023	0.0	0.011147224924357014	0.017652514865780376	0.016195671631583478	0.016195671631583478	0.020957896487522935	0.02214837011258396	0.022968718256923704	0.0235066165369964	0.06663741556008032	0.03993295502755617	0.02620725447165887	0.027467182574152697	0.047474503334217655	0.047474503334217655	0.05605173631016146	0.06513211206291342	0.04635060702878163	0.059550906479788404	0.04451133840737585	0.04451133840737585	0.04863921129956361	0.0511632242765816	0.04494870583579648	0.04850901861321001	0.0471032411840947	0.044314013591355936	0.0479273378438685	0.048132927130262335	0.04814188747014522	0.029871833004315073	0.03252943360951011	0.03252943360951011	0.05284996750068334	0.05321592651699829	0.05321592651699829	0.05285972196919571	0.4635846482520263	0.049773922138846585	0.04867069745028144	0.10740469724326487	0.05481562907193062	0.05219481171607002	0.05968567780996334	0.06263597713965402	0.0640899253687717	0.06086742611415842	0.06979286845050431	0.04604165439214018	0.06645524687148985	0.05806054666716795	0.07416429817656636	0.059198315862577205	0.06385221584957257	0.05500758610767768	0.06072836112040242	0.07430761476391201	0.08010411204218629	0.06842764853276884	0.07358456555022014	0.043687769931207925	0.043687769931207925	0.056265331342477264	0.05349146445471251	0.05978333368440599	0.0564629098501525	0.09761824109148522	0.1971554933732949	0.21240285695405886	0.16790025532050243	0.49035123871318603	0.5452236518755735	0.27666152921788917	0.2516870809230571	0.555758064148642	0.3174446552774457	0.5582752735865839	0.42145760957311496	0.4237863856956443	0.3859844746966006	0.2732945676888136	0.205634603055391	0.38620076407458503	0.22490517960299045	0.3255082578954479	0.20016332094226985	0.14260347572484786	0.23082395978850587
f21pp	0.06904103230203823	0.05226477315065767	0.047542360037721505	0.011147224924357014	0.0	0.011912641169131656	0.010455797934934761	0.010455797934934761	0.015218022790874218	0.016408496415935243	0.017228844560274986	0.017766742840347686	0.060897541863431603	0.03419308133090746	0.020467380775010157	0.021727308877503983	0.041734629637568944	0.041734629637568944	0.050311862613512746	0.0593922383662647	0.040610733332132914	0.05381103278313969	0.03877146471072714	0.03877146471072714	0.042899337602914894	0.04542335057993288	0.03920883213914776	0.0427691449165613	0.04136336748744599	0.03857413989470722	0.042187464147219786	0.042393053433613624	0.04240201377349651	0.02413195930766636	0.0267895599128614	0.0267895599128614	0.047110093804034615	0.04747605282034957	0.04747605282034957	0.047119848272546984	0.45784477455537753	0.04403404844219786	0.04293082375363272	0.10166482354661616	0.0490757553752819	0.0464549380194213	0.05394580411331462	0.0568961034430053	0.05835005167212298	0.055127552417509704	0.06405299475385559	0.040301780695491465	0.06071537317484113	0.052320672970519226	0.06842442447991764	0.05345844216592849	0.05811234215292385	0.049267712411028966	0.0549884874237537	0.0685677410672633	0.07436423834553756	0.06268777483612012	0.06784469185357142	0.0379478962345592	0.0379478962345592	0.05052545764582854	0.04775159075806379	0.05404345998775727	0.05072303615350378	0.09187836739483649	0.19141561967664616	0.20666298325741012	0.1621603816238537	0.4846113650165373	0.5394837781789248	0.2709216555212404	0.24594720722640834	0.5500181904519934	0.31170478158079695	0.5525353998899352	0.4157177358764662	0.41804651199899556	0.38024460099995183	0.26755469399216486	0.19989472935874228	0.3804608903779363	0.21916530590634173	0.31976838419879916	0.1944234472456211	0.13686360202819914	0.22508408609185715
f26pp	0.06774280822201681	0.05096654907063625	0.04624413595770009	0.017652514865780376	0.011912641169131656	0.0	0.003636002451180652	0.003636002451180652	0.013919798710852806	0.015110272335913832	0.015930620480253573	0.016468518760326276	0.0595993177834102	0.03289485725088605	0.019169156694988743	0.02042908479748257	0.04043640555754753	0.04043640555754753	0.04901363853349133	0.058094014286243285	0.03931250925211151	0.05251280870311827	0.03747324063070573	0.03747324063070573	0.04160111352289349	0.044125126499911474	0.037910608059126355	0.04147092083653989	0.04006514340742458	0.03727591581468581	0.04088924006719838	0.04109482935359221	0.0411037896934751	0.022833735227644945	0.025491335832839985	0.025491335832839985	0.0458118697240132	0.04617782874032816	0.04617782874032816	0.04582162419252557	0.45654655047535614	0.04273582436217645	0.04163259967361131	0.10036659946659474	0.04777753129526048	0.04515671393939989	0.0526475800332932	0.055597879362983896	0.057051827592101576	0.05382932833748829	0.06275477067383417	0.039003556615470045	0.059417149094819724	0.05102244889049781	0.06712620039989622	0.052160218085907074	0.056814118072902445	0.04796948833100755	0.05369026334373228	0.06726951698724189	0.07306601426551615	0.06138955075609871	0.06654646777355001	0.03664967215453779	0.03664967215453779	0.049227233565807126	0.046453366678042375	0.05274523590773585	0.049424812073482365	0.09058014331481508	0.19011739559662477	0.20536475917738872	0.1608621575438323	0.4833131409365159	0.5381855540989035	0.26962343144121903	0.24464898314638694	0.548719966371972	0.31040655750077556	0.5512371758099137	0.4144195117964448	0.41674828791897417	0.37894637691993044	0.26625646991214347	0.19859650527872086	0.3791626662979149	0.2178670818263203	0.31847016011877777	0.1931252231655997	0.13556537794817772	0.22378586201183573
f10pp	0.06628596498781991	0.04950970583643935	0.044787292723503194	0.016195671631583478	0.010455797934934761	0.003636002451180652	0.0	2.00000100005818e-06	0.01246295547665591	0.013653429101716935	0.014473777246056679	0.01501167552612938	0.0581424745492133	0.03143801401668915	0.01771231346079185	0.018972241563285676	0.03897956232335063	0.03897956232335063	0.047556795299294435	0.056637171052046395	0.03785566601791461	0.05105596546892138	0.03601639739650883	0.03601639739650883	0.04014427028869659	0.04266828326571458	0.03645376482492946	0.04001407760234299	0.03860830017322768	0.035819072580488914	0.03943239683300148	0.03963798611939531	0.0396469464592782	0.02137689199344805	0.024034492598643094	0.024034492598643094	0.04435502648981631	0.04472098550613127	0.04472098550613127	0.04436478095832868	0.45508970724115927	0.04127898112797956	0.040175756439414415	0.09890975623239785	0.0463206880610636	0.043699870705202995	0.05119073679909632	0.054141036128787	0.05559498435790468	0.0523724851032914	0.06129792743963729	0.03754671338127316	0.05796030586062283	0.04956560565630092	0.06566935716569934	0.050703374851710184	0.05535727483870555	0.04651264509681066	0.0522334201095354	0.06581267375304499	0.07160917103131925	0.059932707521901815	0.06508962453935312	0.035192828920340896	0.035192828920340896	0.047770390331610235	0.04499652344384548	0.051288392673538956	0.04796796883928547	0.08912330008061818	0.18866055236242787	0.2039079159431918	0.1594053143096354	0.48185629770231897	0.5367287108647065	0.2681665882070221	0.24319213991219002	0.547263123137775	0.30894971426657863	0.5497803325757169	0.4129626685622479	0.41529144468477724	0.3774895336857335	0.26479962667794654	0.197139662044524	0.37770582306371797	0.21641023859212344	0.31701331688458084	0.19166837993140282	0.13410853471398082	0.22232901877763883
w9pp	0.06628596498781991	0.04950970583643935	0.044787292723503194	0.016195671631583478	0.010455797934934761	0.003636002451180652	2.00000100005818e-06	0.0	0.01246295547665591	0.013653429101716935	0.014473777246056679	0.01501167552612938	0.0581424745492133	0.03143801401668915	0.01771231346079185	0.018972241563285676	0.03897956232335063	0.03897956232335063	0.047556795299294435	0.056637171052046395	0.03785566601791461	0.05105596546892138	0.03601639739650883	0.03601639739650883	0.04014427028869659	0.04266828326571458	0.03645376482492946	0.04001407760234299	0.03860830017322768	0.035819072580488914	0.03943239683300148	0.03963798611939531	0.0396469464592782	0.02137689199344805	0.024034492598643094	0.024034492598643094	0.04435502648981631	0.04472098550613127	0.04472098550613127	0.04436478095832868	0.45508970724115927	0.04127898112797956	0.040175756439414415	0.09890975623239785	0.0463206880610636	0.043699870705202995	0.05119073679909632	0.054141036128787	0.05559498435790468	0.0523724851032914	0.06129792743963729	0.03754671338127316	0.05796030586062283	0.04956560565630092	0.06566935716569934	0.050703374851710184	0.05535727483870555	0.04651264509681066	0.0522334201095354	0.06581267375304499	0.07160917103131925	0.059932707521901815	0.06508962453935312	0.035192828920340896	0.035192828920340896	0.047770390331610235	0.04499652344384548	0.051288392673538956	0.04796796883928547	0.08912330008061818	0.18866055236242787	0.2039079159431918	0.1594053143096354	0.48185629770231897	0.5367287108647065	0.2681665882070221	0.24319213991219002	0.547263123137775	0.30894971426657863	0.5497803325757169	0.4129626685622479	0.41529144468477724	0.3774895336857335	0.26479962667794654	0.197139662044524	0.37770582306371797	0.21641023859212344	0.31701331688458084	0.19166837993140282	0.13410853471398082	0.22232901877763883
f19pp	0.05795325170588459	0.041176992554504036	0.03645457944156787	0.020957896487522935	0.015218022790874218	0.013919798710852806	0.01246295547665591	0.01246295547665591	0.0	0.005320715819781618	0.00614106396412136	0.006678962244194061	0.04980976126727798	0.023105300734753836	0.009379600178856532	0.010639528281350353	0.030646849041415316	0.030646849041415316	0.03922408201735912	0.04830445777011107	0.02952295273597929	0.042723252186986055	0.027683684114573514	0.027683684114573514	0.03181155700676127	0.034335569983779256	0.028121051542994137	0.031681364320407676	0.030275586891292363	0.027486359298553593	0.03109968355106616	0.03130527283746	0.03131423317734289	0.013044178711512734	0.015701779316707774	0.015701779316707774	0.03602231320788099	0.036388272224195946	0.036388272224195946	0.03603206767639336	0.4467569939592239	0.032946267846044236	0.0318430431574791	0.09057704295046252	0.03798797477912827	0.03536715742326768	0.04285802351716099	0.045808322846851685	0.047262271075969364	0.04403977182135608	0.05296521415770196	0.029214000099337837	0.04962759257868751	0.0412328923743656	0.05733664388376401	0.04237066156977486	0.047024561556770234	0.03817993181487534	0.04390070682760007	0.057479960471109676	0.06327645774938394	0.0515999942399665	0.0567569112574178	0.026860115638405575	0.026860115638405575	0.03943767704967491	0.03666381016191016	0.042955679391603635	0.039635255557350146	0.08079058679868287	0.18032783908049255	0.1955752026612565	0.15107260102770007	0.47352358442038367	0.5283959975827712	0.2598338749250868	0.23485942663025472	0.5389304098558397	0.30061700098464333	0.5414476192937815	0.4046299552803126	0.40695873140284194	0.3691568204037982	0.25646691339601124	0.18880694876258866	0.36937310978178267	0.2080775253101881	0.30868060360264554	0.1833356666494675	0.1257758214320455	0.21399630549570353
w15pp	0.059141725329945556	0.042365466178565	0.03764305306562884	0.02214837011258396	0.016408496415935243	0.015110272335913832	0.013653429101716935	0.013653429101716935	0.005320715819781618	0.0	0.004598476702588336	0.007867435868255028	0.05099823489133895	0.0242937743588148	0.010568073802917499	0.01182800190541132	0.031835322665476284	0.031835322665476284	0.040412555641420086	0.04949293139417204	0.030711426360040255	0.04391172581104703	0.028872157738634482	0.028872157738634482	0.033000030630822234	0.03552404360784022	0.029309525167055102	0.03286983794446864	0.03146406051535333	0.02867483292261456	0.032288157175127126	0.032493746461520964	0.03250270680140385	0.014232652335573701	0.01689025294076874	0.01689025294076874	0.037210786831941955	0.03757674584825691	0.03757674584825691	0.037220541300454324	0.4479454675832849	0.0341347414701052	0.033031516781540066	0.09176551657452349	0.039176448403189235	0.036555631047328646	0.044046497141221955	0.04699679647091265	0.04845074470003033	0.045228245445417044	0.054153687781762924	0.030402473723398802	0.05081606620274848	0.042421365998426566	0.05852511750782498	0.04355913519383583	0.0482130351808312	0.039368405438936306	0.045089180451661034	0.05866843409517064	0.0644649313734449	0.052788467864027466	0.05794538488147877	0.02804858926246654	0.02804858926246654	0.04062615067373587	0.03785228378597112	0.0441441530156646	0.04082372918141111	0.08197906042274383	0.1815163127045535	0.19676367628531746	0.15226107465176103	0.4747120580444446	0.5295844712068322	0.26102234854914774	0.23604790025431568	0.5401188834799007	0.30180547460870427	0.5426360929178425	0.40581842890437353	0.4081472050269029	0.37034529402785915	0.2576553870200722	0.18999542238664963	0.3705615834058436	0.20926599893424908	0.3098690772267065	0.18452414027352845	0.12696429505610646	0.21518477911976447
w28pp	0.0599620734742853	0.04318581432290475	0.038463401209968585	0.022968718256923704	0.017228844560274986	0.015930620480253573	0.014473777246056679	0.014473777246056679	0.00614106396412136	0.004598476702588336	0.0	0.008687784012594771	0.05181858303567869	0.025114122503154545	0.011388421947257242	0.012648350049751064	0.032655670809816024	0.032655670809816024	0.04123290378575983	0.05031327953851178	0.03153177450438	0.04473207395538677	0.029692505882974222	0.029692505882974222	0.03382037877516198	0.03634439175217997	0.03012987331139485	0.03369018608880838	0.03228440865969307	0.029495181066954305	0.03310850531946687	0.033314094605860704	0.03332305494574359	0.015053000479913444	0.017710601085108486	0.017710601085108486	0.0380311349762817	0.03839709399259666	0.03839709399259666	0.03804088944479407	0.44876581572762464	0.03495508961444495	0.03385186492587981	0.09258586471886324	0.03999679654752898	0.03737597919166839	0.0448668452855617	0.0478171446152524	0.049271092844370076	0.04604859358975679	0.05497403592610267	0.03122282186773855	0.051636414347088225	0.04324171414276631	0.059345465652164725	0.044379483338175575	0.049033383325170946	0.04018875358327605	0.04590952859600078	0.05948878223951039	0.06528527951778465	0.05360881600836721	0.058765733025818515	0.028868937406806287	0.028868937406806287	0.04144649881807562	0.03867263193031087	0.04496450116000435	0.04164407732575086	0.08279940856708357	0.18233666084889327	0.1975840244296572	0.15308142279610076	0.47553240618878434	0.5304048193511719	0.2618426966934875	0.23686824839865542	0.5409392316242404	0.30262582275304406	0.5434564410621823	0.4066387770487133	0.40896755317124267	0.37116564217219894	0.2584757351644119	0.19081577053098936	0.3713819315501834	0.2100863470785888	0.31068942537104627	0.18534448841786821	0.12778464320044622	0.21600512726410423
f20ppA	0.05301376250871167	0.036237503357331106	0.03151509024439495	0.0235066165369964	0.017766742840347686	0.016468518760326276	0.01501167552612938	0.01501167552612938	0.006678962244194061	0.007867435868255028	0.008687784012594771	0.0	0.04487027207010505	0.018165811537580904	0.004440110981683601	0.005700039084177424	0.025707359844242387	0.025707359844242387	0.034284592820186185	0.043364968572938145	0.02458346353880636	0.03778376298981313	0.022744194917400585	0.022744194917400585	0.02687206780958834	0.029396080786606327	0.023181562345821208	0.026741875123234744	0.025336097694119434	0.022546870101380664	0.026160194353893232	0.026365783640287067	0.026374743980169955	0.008104689514339805	0.010762290119534843	0.010762290119534843	0.03108282401070806	0.03144878302702302	0.03144878302702302	0.03109257847922043	0.441817504762051	0.028006778648871307	0.02690355396030617	0.0856375537532896	0.03304848558195535	0.030427668226094752	0.03791853431998807	0.040868833649678755	0.042322781878796435	0.03910028262418315	0.04802572496052904	0.02427451090216491	0.044688103381514584	0.03629340317719267	0.05239715468659109	0.037431172372601934	0.042085072359597304	0.03324044261770241	0.03896121763042715	0.05254047127393675	0.05833696855221101	0.04666050504279357	0.05181742206024487	0.02192062644123265	0.02192062644123265	0.034498187852501985	0.031724320964737235	0.03801619019443071	0.03469576636017722	0.07585109760150993	0.17538834988331964	0.19063571346408356	0.14613311183052716	0.46858409522321076	0.5234565083855983	0.2548943857279139	0.22991993743308178	0.5339909206586668	0.2956775117874704	0.5365081300966086	0.3996904660831397	0.40201924220566904	0.3642173312066253	0.25152742419883833	0.18386745956541573	0.36443362058460976	0.20313803611301517	0.30374111440547263	0.17839617745229458	0.12083633223487258	0.2090568162985306
w7pp	0.09145502004379646	0.0746787608924159	0.06995634777947975	0.06663741556008032	0.060897541863431603	0.0595993177834102	0.0581424745492133	0.0581424745492133	0.04980976126727798	0.05099823489133895	0.05181858303567869	0.04487027207010505	0.0	0.03217326789952395	0.042881368516768395	0.044141296619262214	0.06414861737932717	0.06414861737932717	0.07272585035527099	0.08180622610802293	0.06302472107389115	0.07622502052489792	0.06118545245248538	0.06118545245248538	0.06531332534467313	0.06783733832169112	0.061622819880905996	0.06518313265831954	0.06377735522920422	0.06098812763646545	0.06460145188897802	0.06480704117537187	0.06481600151525474	0.0465459470494246	0.04920354765461964	0.04920354765461964	0.06952408154579286	0.06989004056210782	0.06989004056210782	0.06953383601430523	0.4802587622971358	0.0664480361839561	0.06534481149539097	0.12407881128837439	0.07148974311704015	0.06886892576117955	0.07635979185507286	0.07931009118476355	0.08076403941388123	0.07754154015926795	0.08646698249561383	0.06271576843724971	0.08312936091659938	0.07473466071227747	0.09083841222167588	0.07587242990768674	0.0805263298946821	0.07168170015278721	0.07740247516551194	0.09098172880902154	0.0967782260872958	0.08510176257787837	0.09025867959532967	0.06036188397631745	0.06036188397631745	0.07293944538758679	0.07016557849982204	0.07645744772951552	0.07313702389526203	0.11429235513659472	0.2138296074184044	0.22907697099916835	0.18457436936561195	0.5070253527582955	0.5618977659206831	0.29333564326299866	0.26836119496816657	0.5724321781937516	0.3341187693225552	0.5749493876316933	0.43813172361822444	0.4404604997407538	0.40265858874171007	0.2899686817339231	0.2223087171005005	0.4028748781196945	0.24157929364809996	0.3421823719405574	0.21683743498737934	0.15927758976995737	0.24749807383361538
f6ppA	0.0647505595112723	0.04797430035989174	0.043251887246955584	0.03993295502755617	0.03419308133090746	0.03289485725088605	0.03143801401668915	0.03143801401668915	0.023105300734753836	0.0242937743588148	0.025114122503154545	0.018165811537580904	0.03217326789952395	0.0	0.016176907984244242	0.01743683608673807	0.03744415684680303	0.03744415684680303	0.04602138982274683	0.055101765575498785	0.036320260541367	0.04952055999237377	0.03448099191996123	0.03448099191996123	0.03860886481214898	0.041132877789166966	0.03491835934838185	0.038478672125795386	0.03707289469668008	0.034283667103941304	0.03789699135645387	0.03810258064284771	0.0381115409827306	0.019841486516900445	0.022499087122095484	0.022499087122095484	0.0428196210132687	0.043185580029583656	0.043185580029583656	0.04282937548178107	0.45355430176461164	0.039743575651431946	0.038640350962866804	0.09737435075585024	0.04478528258451599	0.042164465228655384	0.04965533132254871	0.05260563065223939	0.05405957888135707	0.05083707962674379	0.059762521963089676	0.03601130790472555	0.056424900384075216	0.04803020017975331	0.06413395168915173	0.049167969375162573	0.05382186936215794	0.04497723962026305	0.05069801463298779	0.06427726827649738	0.07007376555477164	0.058397302045354205	0.0635542190628055	0.033657423443793286	0.033657423443793286	0.046234984855062625	0.04346111796729787	0.049752987196991345	0.04643256336273786	0.08758789460407057	0.18712514688588028	0.2023725104666442	0.15786990883308777	0.48032089222577135	0.5351933053881589	0.2666311827304745	0.24165673443564242	0.5457277176612274	0.30741430879003107	0.5482449270991693	0.4114272630857003	0.4137560392082297	0.37595412820918594	0.2632642212013989	0.19560425656797636	0.3761704175871704	0.21487483311557581	0.3154779114080333	0.19013297445485522	0.13257312923743322	0.22079361330109123
w26pp	0.048575651528028126	0.03179939237664756	0.027076979263711408	0.02620725447165887	0.020467380775010157	0.019169156694988743	0.01771231346079185	0.01771231346079185	0.009379600178856532	0.010568073802917499	0.011388421947257242	0.004440110981683601	0.042881368516768395	0.016176907984244242	0.0	0.001261928103493881	0.021269248863558844	0.021269248863558844	0.029846481839502646	0.0389268575922546	0.020145352558122817	0.03334565200912959	0.01830608393671704	0.01830608393671704	0.022433956828904797	0.024957969805922783	0.018743451365137664	0.0223037641425512	0.02089798671343589	0.01810875912069712	0.02172208337320969	0.021927672659603523	0.02193663299948641	0.0036665785336562604	0.0063241791388512995	0.0063241791388512995	0.026644713030024518	0.027010672046339473	0.027010672046339473	0.026654467498536887	0.4373793937813675	0.023568667668187764	0.022465442979622625	0.08119944277260606	0.0286103746012718	0.025989557245411205	0.033480423339304524	0.03643072266899521	0.03788467089811289	0.034662171643499606	0.043587613979845494	0.019836399921481365	0.04024999240083104	0.03185529219650913	0.04795904370590755	0.03299306139191839	0.03764696137891376	0.02880233163701887	0.034523106649743604	0.0481023602932532	0.053898857571527466	0.04222239406211003	0.04737931107956133	0.017482515460549103	0.017482515460549103	0.030060076871818442	0.027286209984053688	0.03357807921374717	0.030257655379493674	0.0714129866208264	0.17095023890263608	0.18619760248340003	0.1416950008498436	0.4641459842425272	0.5190183974049147	0.2504562747472303	0.22548182645239825	0.5295528096779832	0.29123940080678684	0.5320700191159251	0.3952523551024561	0.39758113122498545	0.3597792202259417	0.24708931321815478	0.1794293485847322	0.3599955096039262	0.19869992513233165	0.29930300342478905	0.17395806647161102	0.11639822125418903	0.20461870531784704
f23ppA	0.047317723426534355	0.030541464275153796	0.02581905116221764	0.027467182574152697	0.021727308877503983	0.02042908479748257	0.018972241563285676	0.018972241563285676	0.010639528281350353	0.01182800190541132	0.012648350049751064	0.005700039084177424	0.044141296619262214	0.01743683608673807	0.001261928103493881	0.0	0.02000932076106502	0.02000932076106502	0.028586553737008823	0.037666929489760775	0.018885424455628994	0.03208572390663576	0.01704615583422322	0.01704615583422322	0.021174028726410974	0.02369804170342896	0.01748352326264384	0.021043836040057377	0.019638058610942068	0.016848831018203298	0.020462155270715866	0.0206677445571097	0.02067670489699259	0.002408650432162496	0.0050662510373575345	0.0050662510373575345	0.025386784928530755	0.02575274394484571	0.02575274394484571	0.025396539397043123	0.4361214656798737	0.022310739566694	0.02120751487812886	0.0799415146711123	0.027352446499778037	0.024731629143917442	0.032222495237810754	0.03517279456750144	0.03662674279661912	0.03340424354200584	0.042329685878351724	0.0185784718199876	0.03899206429933727	0.030597364095015366	0.04670111560441378	0.03173513329042463	0.03638903327741999	0.027544403535525105	0.033265178548249834	0.04684443219175943	0.052640929470033695	0.04096446596061626	0.04612138297806756	0.01622458735905534	0.01622458735905534	0.02880214877032468	0.02602828188255992	0.0323201511122534	0.02899972727799991	0.07015505851933262	0.16969231080114233	0.18493967438190625	0.14043707274834982	0.46288805614103345	0.517760469303421	0.24919834664573656	0.22422389835090448	0.5282948815764895	0.28998147270529306	0.5308120910144313	0.3939944270009623	0.3963232031234917	0.35852129212444794	0.245831385116661	0.17817142048323842	0.3587375815024324	0.19744199703083787	0.29804507532329527	0.17270013837011727	0.11514029315269526	0.2033607772163533
w10pp	0.06732504418659932	0.05054878503521876	0.0458263719222826	0.047474503334217655	0.041734629637568944	0.04043640555754753	0.03897956232335063	0.03897956232335063	0.030646849041415316	0.031835322665476284	0.032655670809816024	0.025707359844242387	0.06414861737932717	0.03744415684680303	0.021269248863558844	0.02000932076106502	0.0	2.00000100005818e-06	0.008581232977943916	0.017661608730695867	0.010236448691062647	0.023436748142069405	0.008397180069656871	0.008397180069656871	0.02271680269788348	0.025240815674901464	0.019026297234116345	0.02258661001152988	0.02118083258241457	0.018391604989675802	0.02200492924218837	0.022210518528582204	0.022219478868465092	0.022415971192227456	0.025073571797422495	0.025073571797422495	0.04539410568859571	0.04576006470491067	0.04576006470491067	0.04540386015710808	0.45612878643993865	0.04231806032675896	0.04121483563819382	0.09994883543117725	0.04735976725984299	0.0447389499039824	0.05222981599787571	0.055180115327566406	0.056634063556684086	0.0534115643020708	0.06233700663841668	0.038585792580052555	0.058999385059402235	0.05060468485508032	0.06670843636447873	0.051742454050489585	0.056396354037484955	0.04755172429559006	0.05327249930831479	0.0668517529518244	0.07264825023009866	0.06097178672068122	0.06612870373813252	0.0362319081191203	0.0362319081191203	0.048809469530389636	0.046035602642624886	0.052327471872318364	0.049007048038064875	0.09016237927939759	0.18969963156120728	0.20494699514197123	0.1604443935084148	0.4828953769010984	0.537767790063486	0.26920566740580154	0.24423121911096946	0.5483022023365545	0.30998879346535807	0.5508194117744962	0.41400174776102733	0.4163305238835567	0.37852861288451295	0.265838705876726	0.19817874124330337	0.3787449022624974	0.21744931779090282	0.3180523960833603	0.19270745913018222	0.13514761391276023	0.22336809797641824
w11pp	0.06732504418659932	0.05054878503521876	0.0458263719222826	0.047474503334217655	0.041734629637568944	0.04043640555754753	0.03897956232335063	0.03897956232335063	0.030646849041415316	0.031835322665476284	0.032655670809816024	0.025707359844242387	0.06414861737932717	0.03744415684680303	0.021269248863558844	0.02000932076106502	2.00000100005818e-06	0.0	0.008581232977943916	0.017661608730695867	0.010236448691062647	0.023436748142069405	0.008397180069656871	0.008397180069656871	0.02271680269788348	0.025240815674901464	0.019026297234116345	0.02258661001152988	0.02118083258241457	0.018391604989675802	0.02200492924218837	0.022210518528582204	0.022219478868465092	0.022415971192227456	0.025073571797422495	0.025073571797422495	0.04539410568859571	0.04576006470491067	0.04576006470491067	0.04540386015710808	0.45612878643993865	0.04231806032675896	0.04121483563819382	0.09994883543117725	0.04735976725984299	0.0447389499039824	0.05222981599787571	0.055180115327566406	0.056634063556684086	0.0534115643020708	0.06233700663841668	0.038585792580052555	0.058999385059402235	0.05060468485508032	0.06670843636447873	0.051742454050489585	0.056396354037484955	0.04755172429559006	0.05327249930831479	0.0668517529518244	0.07264825023009866	0.06097178672068122	0.06612870373813252	0.0362319081191203	0.0362319081191203	0.048809469530389636	0.046035602642624886	0.052327471872318364	0.049007048038064875	0.09016237927939759	0.18969963156120728	0.20494699514197123	0.1604443935084148	0.4828953769010984	0.537767790063486	0.26920566740580154	0.24423121911096946	0.5483022023365545	0.30998879346535807	0.5508194117744962	0.41400174776102733	0.4163305238835567	0.37852861288451295	0.265838705876726	0.19817874124330337	0.3787449022624974	0.21744931779090282	0.3180523960833603	0.19270745913018222	0.13514761391276023	0.22336809797641824
f31pp	0.07590227716254314	0.05912601801116257	0.05440360489822641	0.05605173631016146	0.050311862613512746	0.04901363853349133	0.047556795299294435	0.047556795299294435	0.03922408201735912	0.040412555641420086	0.04123290378575983	0.034284592820186185	0.07272585035527099	0.04602138982274683	0.029846481839502646	0.028586553737008823	0.008581232977943916	0.008581232977943916	0.0	0.017711355870799347	0.01881368166700645	0.03201398111801321	0.016974413045600673	0.016974413045600673	0.03129403567382728	0.03381804865084527	0.027603530210060147	0.031163842987473683	0.029758065558358374	0.026968837965619604	0.03058216221813217	0.030787751504526006	0.030796711844408894	0.030993204168171258	0.033650804773366294	0.033650804773366294	0.053971338664539514	0.05433729768085448	0.05433729768085448	0.05398109313305188	0.46470601941588247	0.05089529330270276	0.049792068614137625	0.10852606840712106	0.0559370002357868	0.053316182879926205	0.06080704897381952	0.06375734830351021	0.06521129653262789	0.06198879727801461	0.0709142396143605	0.047163025555996364	0.06757661803534604	0.059181917831024125	0.07528566934042255	0.060319687026433394	0.06497358701342876	0.05612895727153387	0.0618497322842586	0.0754289859277682	0.08122548320604246	0.06954901969662503	0.07470593671407633	0.044809141095064106	0.044809141095064106	0.057386702506333445	0.054612835618568695	0.06090470484826217	0.057584281014008684	0.09873961225534139	0.1982768645371511	0.21352422811791502	0.1690216264843586	0.4914726098770422	0.5463450230394298	0.27778290038174536	0.25280845208691327	0.5568794353124983	0.31856602644130183	0.55939664475044	0.4225789807369711	0.42490775685950044	0.3871058458604567	0.2744159388526698	0.20675597421924718	0.38732213523844117	0.22602655076684663	0.32662962905930404	0.20128469210612604	0.14372484688870404	0.23194533095236206
w4pp	0.08498265291529508	0.06820639376391453	0.06348398065097838	0.06513211206291342	0.0593922383662647	0.058094014286243285	0.056637171052046395	0.056637171052046395	0.04830445777011107	0.04949293139417204	0.05031327953851178	0.043364968572938145	0.08180622610802293	0.055101765575498785	0.0389268575922546	0.037666929489760775	0.017661608730695867	0.017661608730695867	0.017711355870799347	0.0	0.027894057419758398	0.04109435687076515	0.026054788798352622	0.026054788798352622	0.04037441142657923	0.042898424403597216	0.0366839059628121	0.04024421874022563	0.03883844131111032	0.03604921371837155	0.03966253797088412	0.03986812725727795	0.03987708759716084	0.04007357992092322	0.042731180526118254	0.042731180526118254	0.06305171441729147	0.06341767343360644	0.06341767343360644	0.06306146888580384	0.4737863951686344	0.05997566905545472	0.058872444366889584	0.11760644415987301	0.06501737598853877	0.062396558632678165	0.06988742472657147	0.07283772405626217	0.07429167228537985	0.07106917303076657	0.07999461536711244	0.056243401308748324	0.076656993788098	0.06826229358377608	0.0843660450931745	0.06940006277918535	0.07405396276618072	0.06520933302428583	0.07093010803701055	0.08450936168052016	0.09030585895879442	0.07862939544937698	0.08378631246682829	0.053889516847816066	0.053889516847816066	0.0664670782590854	0.06369321137132065	0.06998508060101413	0.06666465676676064	0.10781998800809336	0.20735724028990304	0.222604603870667	0.1781020022371106	0.5005529856297941	0.5554253987921818	0.2868632761344973	0.2618888278396652	0.5659598110652502	0.32764640219405383	0.568477020503192	0.4316593564897231	0.43398813261225244	0.3961862216132087	0.28349631460542174	0.21583634997199916	0.39640251099119317	0.2351069265195986	0.33571000481205604	0.21036506785887799	0.15280522264145602	0.24102570670511403
f13pp	0.0662011478811633	0.049424888729782734	0.04470247561684657	0.04635060702878163	0.040610733332132914	0.03931250925211151	0.03785566601791461	0.03785566601791461	0.02952295273597929	0.030711426360040255	0.03153177450438	0.02458346353880636	0.06302472107389115	0.036320260541367	0.020145352558122817	0.018885424455628994	0.010236448691062647	0.010236448691062647	0.01881368166700645	0.027894057419758398	0.0	0.013202299452006818	0.0018432686234058928	0.0018432686234058928	0.02159290639244745	0.024116919369465438	0.01790240092868032	0.021462713706093855	0.020056936276978545	0.017267708684239776	0.020881032936752343	0.021086622223146178	0.021095582563029066	0.02129207488679143	0.023949675491986473	0.023949675491986473	0.04427020938315969	0.044636168399474645	0.044636168399474645	0.04427996385167206	0.4550048901345026	0.041194164021322935	0.0400909393327578	0.09882493912574122	0.04623587095440697	0.04361505359854638	0.05110591969243969	0.05405621902213038	0.05551016725124806	0.05228766799663478	0.06121311033298066	0.03746189627461653	0.05787548875396621	0.0494807885496443	0.06558454005904271	0.05061855774505356	0.05527245773204893	0.04642782799015404	0.05214860300287877	0.06572785664638837	0.07152435392466264	0.0598478904152452	0.0650048074326965	0.035108011813684274	0.035108011813684274	0.047685573224953606	0.044911706337188856	0.051203575566882334	0.047883151732628845	0.08903848297396155	0.18857573525577126	0.20382309883653518	0.15932049720297875	0.4817714805956623	0.5366438937580499	0.26808177110036546	0.2431073228055334	0.5471783060311184	0.30886489715992205	0.5496955154690603	0.4128778514555913	0.41520662757812066	0.3774047165790769	0.2647148095712899	0.19705484493786735	0.3776210059570614	0.2163254214854668	0.31692849977792426	0.1915835628247462	0.1340237176073242	0.22224420167098222
