	31267	S1Hp	w13pp	f14ppB	S20H1	f17ppA	f1pp	f7pp	f2pp	w17pp	f12ppA	f31pp	f22ppB	f16ppA	f26pp	w3pp	s3pp	f25pp	w9pp	f8pp	f13pp	f30pp	w1pp	w21pp	f16ppB	f29pp	w6pp	f32pp	f18pp	f6ppA	f15pp	f3pp	f12ppB	f4pp	w7pp	f21pp	S6Hp	S16H2	530295
31267	0.0	0.24620281669524002	0.6398779266273729	0.5795085241677379	0.7225561149803916	0.6418975451704128	0.6651835109428282	0.6095461424235047	0.6563859291243853	0.6304343784309171	0.6072538528320841	0.6172376848650236	0.618955383062606	0.6246622461308828	0.6388165710329512	0.6523873022896596	0.7514193597504408	0.6212118308524425	0.5978870762165205	0.6267433296198521	0.6394703869962717	0.6111578467032216	0.6976916101167627	0.6232568623125507	0.6137043583550394	0.6100825754781716	0.5811102133546238	0.5798286406626307	0.58898978129624	0.5989590503142801	0.5911290890010164	0.5869985034893445	0.5964028990304502	0.5972856233279171	0.62336649498323	0.5718111643922021	0.35016949044243817	0.34487432732663215	0.3201922785795435
S1Hp	0.24620281669524002	0.0	0.6678639992294555	0.6074945967698205	0.7505421875824743	0.6698836177724954	0.6931695835449109	0.6375322150255873	0.684372001726468	0.6584204510329997	0.6352399254341667	0.6452237574671063	0.6469414556646886	0.6526483187329655	0.6668026436350338	0.6803733748917422	0.7794054323525235	0.6491979034545251	0.6258731488186031	0.6547294022219348	0.6674564595983543	0.6391439193053042	0.7256776827188454	0.6512429349146334	0.6416904309571221	0.6380686480802542	0.6090962859567064	0.6078147132647134	0.6169758538983227	0.6269451229163627	0.619115161603099	0.6149845760914271	0.6243889716325328	0.6252716959299998	0.6513525675853127	0.5997972369942848	0.3781555630445208	0.3728603999287148	0.34817835118162616
w13pp	0.6398779266273729	0.6678639992294555	0.0	0.08248983885600507	0.22553742966865872	0.1448788598586799	0.16816482563109536	0.12102858538619732	0.16786837208707792	0.14191682139360978	0.1359091084848878	0.15877376496352008	0.16049146316110247	0.1661983262293794	0.19774990290063388	0.21132063415734217	0.3103526916181234	0.18014516272012515	0.15682040808420317	0.1856766614875348	0.19840371886395436	0.17009117857090422	0.2566249419844454	0.1821901941802334	0.17263769022272213	0.16901590734585414	0.16825912235810317	0.16697754966611011	0.17613869029971935	0.18610795931775947	0.1782779980044957	0.17414741249282378	0.2229171919147147	0.22379991621218165	0.24988078786749446	0.19832545727646655	0.6157446596304237	0.6906326218569327	0.6659505731098442
f14ppB	0.5795085241677379	0.6074945967698205	0.08248983885600507	0.0	0.15842903044444254	0.0777704606344637	0.10105642640687917	0.06065918292656235	0.10749896962744294	0.08154741893397481	0.07553970602525283	0.0984043625038851	0.10012206070146751	0.10582892376974445	0.13738050044099892	0.1509512316977072	0.24998328915848844	0.11977576026049015	0.09645100562456818	0.12530725902789983	0.13803431640431935	0.10972177611126924	0.1962555395248104	0.12182079172059843	0.11226828776308716	0.10864650488621916	0.10788971989846818	0.10660814720647514	0.11576928784008436	0.1257385568581245	0.11790859554486072	0.11377801003318881	0.16254778945507972	0.16343051375254664	0.18951138540785945	0.13795605481683157	0.5553752571707887	0.6302632193972978	0.6055811706502092
S20H1	0.7225561149803916	0.7505421875824743	0.22553742966865872	0.15842903044444254	0.0	0.20633867965393954	0.22962464542635502	0.20370677373921597	0.2505465604400966	0.22459500974662844	0.21858729683790645	0.24145195331653874	0.24316965151412112	0.24887651458239807	0.28042809125365253	0.2939988225103608	0.39303087997114206	0.2628233510731438	0.23949859643722182	0.26835484984055347	0.281081907216973	0.2527693669239229	0.33930313033746407	0.26486838253325207	0.2553158785757408	0.2516940956988728	0.2509373107111218	0.24965573801912877	0.258816878652738	0.26878614767077813	0.2609561863575144	0.25682560084584244	0.30559538026773336	0.3064781045652003	0.3325589762205131	0.2810036456294852	0.6984228479834425	0.7733108102099515	0.748628761462863
f17ppA	0.6418975451704128	0.6698836177724954	0.1448788598586799	0.0777704606344637	0.20633867965393954	0.0	0.12739419832089283	0.12304820392923718	0.16988799063011778	0.14393643993664965	0.13792872702792766	0.16079338350655994	0.16251108170414236	0.1682179447724193	0.19976952144367377	0.21334025270038204	0.3123723101611633	0.182164781263165	0.15884002662724303	0.18769628003057467	0.2004233374069942	0.1721107971139441	0.25864456052748525	0.18420981272327328	0.17465730876576202	0.171035525888894	0.17027874090114303	0.16899716820915	0.1781583088427592	0.18812757786079934	0.18029761654753557	0.17616703103586367	0.2249368104577546	0.22581953475522148	0.2519004064105343	0.20034507581950645	0.6177642781734636	0.6926522403999726	0.6679701916528841
f1pp	0.6651835109428282	0.6931695835449109	0.16816482563109536	0.10105642640687917	0.22962464542635502	0.12739419832089283	0.0	0.14633416970165264	0.19317395640253326	0.1672224057090651	0.16121469280034312	0.1840793492789754	0.1857970474765578	0.19150391054483473	0.2230554872160892	0.2366262184727975	0.3356582759335788	0.20545074703558047	0.1821259923996585	0.21098224580299013	0.22370930317940968	0.19539676288635954	0.2819305262999007	0.20749577849568873	0.19794327453817745	0.19432149166130946	0.1935647066735585	0.19228313398156544	0.20144427461517467	0.2114135436332148	0.20358358231995102	0.1994529968082791	0.24822277623017003	0.24910550052763697	0.2751863721829498	0.22363104159192188	0.6410502439458791	0.7159382061723881	0.6912561574252996
f7pp	0.6095461424235047	0.6375322150255873	0.12102858538619732	0.06065918292656235	0.20370677373921597	0.12304820392923718	0.14633416970165264	0.0	0.10898978009873084	0.09673448357391287	0.10557732428101954	0.12844198075965182	0.1301596789572342	0.13586654202551116	0.16741811869676562	0.18098884995347392	0.28002090741425517	0.14981337851625687	0.12648862388033488	0.15534487728366653	0.16807193466008608	0.13975939436703594	0.22629315778057713	0.15185840997636513	0.14230590601885387	0.13868412314198586	0.1379273381542349	0.13664576546224186	0.14580690609585106	0.1557761751138912	0.14794621380062745	0.14381562828895553	0.19258540771084642	0.19346813200831336	0.21954900366362617	0.16799367307259827	0.5854128754265555	0.6603008376530645	0.6356187889059759
f2pp	0.6563859291243853	0.684372001726468	0.16786837208707792	0.10749896962744294	0.2505465604400966	0.16988799063011778	0.19317395640253326	0.10898978009873084	0.0	0.14357427027479347	0.15241711098190014	0.17528176746053242	0.1769994656581148	0.18270632872639175	0.21425790539764622	0.22782863665435452	0.32686069411513574	0.1966531652171375	0.1733284105812155	0.20218466398454715	0.2149117213609667	0.18659918106791656	0.27313294448145775	0.19869819667724575	0.18914569271973447	0.18552390984286649	0.1847671248551155	0.18348555216312246	0.1926466927967317	0.20261596181477182	0.19478600050150804	0.19065541498983613	0.23942519441172705	0.240307918709194	0.2663887903645068	0.2148334597734789	0.632252662127436	0.7071406243539452	0.6824585756068566
w17pp	0.6304343784309171	0.6584204510329997	0.14191682139360978	0.08154741893397481	0.22459500974662844	0.14393643993664965	0.1672224057090651	0.09673448357391287	0.14357427027479347	0.0	0.126465560288432	0.1493302167670643	0.1510479149646467	0.15675477803292365	0.1883063547041781	0.20187708596088638	0.30090914342166764	0.17070161452366933	0.14737685988774737	0.17623311329107902	0.18896017066749854	0.16064763037444843	0.2471813937879896	0.17274664598377762	0.16319414202626636	0.15957235914939835	0.15881557416164738	0.15753400146965435	0.16669514210326355	0.17666441112130368	0.1688344498080399	0.16470386429636802	0.21347364371825892	0.21435636801572583	0.24043723967103864	0.18888190908001076	0.6063011114339679	0.681189073660477	0.6565070249133884
f12ppA	0.6072538528320841	0.6352399254341667	0.1359091084848878	0.07553970602525283	0.21858729683790645	0.13792872702792766	0.16121469280034312	0.10557732428101954	0.15241711098190014	0.126465560288432	0.0	0.12614969116823127	0.12786738936581368	0.13357425243409063	0.16512582910534507	0.17869656036205336	0.27772861782283464	0.14752108892483634	0.12419633428891436	0.153052587692246	0.16577964506866555	0.1374671047756154	0.22400086818915657	0.1495661203849446	0.14001361642743332	0.13639183355056533	0.13563504856281436	0.1343534758708213	0.14351461650443054	0.15348388552247066	0.1456539242092069	0.14152333869753497	0.1902931181194259	0.1911758424168928	0.21725671407220562	0.16570138348117774	0.5831205858351349	0.658008548061644	0.6333264993145554
f31pp	0.6172376848650236	0.6452237574671063	0.15877376496352008	0.0984043625038851	0.24145195331653874	0.16079338350655994	0.1840793492789754	0.12844198075965182	0.17528176746053242	0.1493302167670643	0.12614969116823127	0.0	0.10433760058017397	0.11004446364845091	0.17510966113828452	0.18868039239499282	0.28771244985577404	0.1575049209577758	0.1341801663218538	0.16303641972518546	0.175763477101605	0.14745093680855487	0.23398470022209603	0.15954995241788406	0.14999744846037277	0.1463756655835048	0.1456188805957538	0.14433730790376076	0.15349844853737	0.16346771755541012	0.15563775624214635	0.15150717073047443	0.20027695015236535	0.20115967444983227	0.22724054610514507	0.1756852155141172	0.5931044178680744	0.6679923800945834	0.6433103313474948
f22ppB	0.618955383062606	0.6469414556646886	0.16049146316110247	0.10012206070146751	0.24316965151412112	0.16251108170414236	0.1857970474765578	0.1301596789572342	0.1769994656581148	0.1510479149646467	0.12786738936581368	0.10433760058017397	0.0	0.07234088510756014	0.1768273593358669	0.1903980905925752	0.28943014805335643	0.15922261915535818	0.1358978645194362	0.16475411792276784	0.1774811752991874	0.14916863500613725	0.2357023984196784	0.16126765061546644	0.15171514665795516	0.14809336378108717	0.1473365787933362	0.14605500610134314	0.15521614673495238	0.1651854157529925	0.15735545443972873	0.1532248689280568	0.20199464834994774	0.20287737264741465	0.22895824430272746	0.17740291371169958	0.5948221160656568	0.6697100782921658	0.6450280295450772
f16ppA	0.6246622461308828	0.6526483187329655	0.1661983262293794	0.10582892376974445	0.24887651458239807	0.1682179447724193	0.19150391054483473	0.13586654202551116	0.18270632872639175	0.15675477803292365	0.13357425243409063	0.11004446364845091	0.07234088510756014	0.0	0.18253422240414385	0.19610495366085215	0.2951370111216334	0.16492948222363513	0.14160472758771314	0.17046098099104479	0.18318803836746433	0.1548754980744142	0.24140926148795536	0.1669745136837434	0.1574220097262321	0.15380022684936412	0.15304344186161314	0.1517618691696201	0.16092300980322932	0.17089227882126945	0.16306231750800568	0.15893173199633376	0.20770151141822468	0.2085842357156916	0.2346651073710044	0.18310977677997653	0.6005289791339337	0.6754169413604427	0.6507348926133542
f26pp	0.6388165710329512	0.6668026436350338	0.19774990290063388	0.13738050044099892	0.28042809125365253	0.19976952144367377	0.2230554872160892	0.16741811869676562	0.21425790539764622	0.1883063547041781	0.16512582910534507	0.17510966113828452	0.1768273593358669	0.18253422240414385	0.0	0.15375808205274621	0.25279013951352747	0.12258261061552916	0.1182478619595675	0.14710411536289913	0.17582838337383574	0.14751584308078564	0.23404960649432677	0.15961485869011482	0.15006235473260354	0.14644057185573556	0.16719776676368153	0.16591619407168848	0.17507733470529768	0.1850466037233378	0.17721664241007407	0.17308605689840215	0.22185583632029304	0.22273856061775998	0.2488194322730728	0.1972641016820449	0.614683304036002	0.6895712662625111	0.6648892175154225
w3pp	0.6523873022896596	0.6803733748917422	0.21132063415734217	0.1509512316977072	0.2939988225103608	0.21334025270038204	0.2366262184727975	0.18098884995347392	0.22782863665435452	0.20187708596088638	0.17869656036205336	0.18868039239499282	0.1903980905925752	0.19610495366085215	0.15375808205274621	0.0	0.15295047331827866	0.10540907585439509	0.1318185932162758	0.16067484661960743	0.18939911463054404	0.1610865743374939	0.24762033775103504	0.1731855899468231	0.1636330859893118	0.16001130311244383	0.1807684980203898	0.17948692532839677	0.18864806596200598	0.1986173349800461	0.19078737366678233	0.18665678815511044	0.23542656757700137	0.23630929187446825	0.26239016352978106	0.2108348329387532	0.6282540352927104	0.7031419975192195	0.6784599487721309
s3pp	0.7514193597504408	0.7794054323525235	0.3103526916181234	0.24998328915848844	0.39303087997114206	0.3123723101611633	0.3356582759335788	0.28002090741425517	0.32686069411513574	0.30090914342166764	0.27772861782283464	0.28771244985577404	0.28943014805335643	0.2951370111216334	0.25279013951352747	0.15295047331827866	0.0	0.20444113331517633	0.23085065067705704	0.25970690408038866	0.2884311720913253	0.26011863179827516	0.3466523952118163	0.27221764740760435	0.26266514345009306	0.2590433605732251	0.27980055548117105	0.278518982789178	0.28768012342278726	0.29764939244082733	0.2898194311275636	0.2856888456158917	0.3344586250377826	0.3353413493352495	0.3614222209905623	0.30986689039953447	0.7272860927534917	0.8021740549800007	0.7774920062329121
f25pp	0.6212118308524425	0.6491979034545251	0.18014516272012515	0.11977576026049015	0.2628233510731438	0.182164781263165	0.20545074703558047	0.14981337851625687	0.1966531652171375	0.17070161452366933	0.14752108892483634	0.1575049209577758	0.15922261915535818	0.16492948222363513	0.12258261061552916	0.10540907585439509	0.20444113331517633	0.0	0.10064312177905875	0.1294993751823904	0.158223643193327	0.12991110290027685	0.216444866313818	0.14201011850960604	0.1324576145520948	0.12883583167522678	0.14959302658317275	0.14831145389117972	0.15747259452478896	0.16744186354282908	0.15961190222956528	0.1554813167178934	0.20425109613978432	0.2051338204372512	0.231214692092564	0.17965936150153616	0.5970785638554933	0.6719665260820024	0.6472844773349138
w9pp	0.5978870762165205	0.6258731488186031	0.15682040808420317	0.09645100562456818	0.23949859643722182	0.15884002662724303	0.1821259923996585	0.12648862388033488	0.1733284105812155	0.14737685988774737	0.12419633428891436	0.1341801663218538	0.1358978645194362	0.14160472758771314	0.1182478619595675	0.1318185932162758	0.23085065067705704	0.10064312177905875	0.0	0.0821792509066791	0.134898888557405	0.1065863482643549	0.19312011167789603	0.11868536387368409	0.1091328599161728	0.10551107703930482	0.1262682719472508	0.12498669925525775	0.13414783988886697	0.1441171089069071	0.13628714759364333	0.1321565620819714	0.18092634150386233	0.18180906580132924	0.20788993745664205	0.15633460686561418	0.5737538092195713	0.6486417714460804	0.6239597226989918
f8pp	0.6267433296198521	0.6547294022219348	0.1856766614875348	0.12530725902789983	0.26835484984055347	0.18769628003057467	0.21098224580299013	0.15534487728366653	0.20218466398454715	0.17623311329107902	0.153052587692246	0.16303641972518546	0.16475411792276784	0.17046098099104479	0.14710411536289913	0.16067484661960743	0.25970690408038866	0.1294993751823904	0.0821792509066791	0.0	0.16375514196073665	0.13544260166768654	0.2219763650812277	0.14754161727701573	0.13798911331950448	0.13436733044263646	0.15512452535058244	0.15384295265858938	0.16300409329219862	0.17297336231023874	0.16514340099697497	0.16101281548530305	0.20978259490719398	0.2106653192046609	0.2367461908599737	0.18519086026894582	0.602610062622903	0.677498024849412	0.6528159761023234
f13pp	0.6394703869962717	0.6674564595983543	0.19840371886395436	0.13803431640431935	0.281081907216973	0.2004233374069942	0.22370930317940968	0.16807193466008608	0.2149117213609667	0.18896017066749854	0.16577964506866555	0.175763477101605	0.1774811752991874	0.18318803836746433	0.17582838337383574	0.18939911463054404	0.2884311720913253	0.158223643193327	0.134898888557405	0.16375514196073665	0.0	0.09897461225575399	0.21921208591329736	0.14477733810908539	0.13522483415157413	0.13160305127470612	0.16785158272700196	0.16657001003500893	0.17573115066861816	0.1857004196866583	0.1778704583733945	0.1737398728617226	0.22250965228361352	0.2233923765810804	0.24947324823639322	0.19791791764536537	0.6153371199993225	0.6902250822258316	0.665543033478743
f30pp	0.6111578467032216	0.6391439193053042	0.17009117857090422	0.10972177611126924	0.2527693669239229	0.1721107971139441	0.19539676288635954	0.13975939436703594	0.18659918106791656	0.16064763037444843	0.1374671047756154	0.14745093680855487	0.14916863500613725	0.1548754980744142	0.14751584308078564	0.1610865743374939	0.26011863179827516	0.12991110290027685	0.1065863482643549	0.13544260166768654	0.09897461225575399	0.0	0.19089954562024725	0.11646479781603528	0.10691229385852401	0.10329051098165601	0.13953904243395185	0.1382574697419588	0.14741861037556803	0.15738787939360815	0.14955791808034438	0.14542733256867246	0.1941971119905634	0.1950798362880303	0.2211607079433431	0.16960537735231523	0.5870245797062724	0.6619125419327815	0.6372304931856929
w1pp	0.6976916101167627	0.7256776827188454	0.2566249419844454	0.1962555395248104	0.33930313033746407	0.25864456052748525	0.2819305262999007	0.22629315778057713	0.27313294448145775	0.2471813937879896	0.22400086818915657	0.23398470022209603	0.2357023984196784	0.24140926148795536	0.23404960649432677	0.24762033775103504	0.3466523952118163	0.216444866313818	0.19312011167789603	0.2219763650812277	0.21921208591329736	0.19089954562024725	0.0	0.13846361824464623	0.1592953276192014	0.15567354474233341	0.226072805847493	0.22479123315549998	0.23395237378910919	0.2439216428071493	0.23609168149388554	0.23196109598221365	0.2807308754041046	0.28161359970157146	0.30769447135688427	0.2561391407658564	0.6735583431198136	0.7484463053463226	0.723764256599234
w21pp	0.6232568623125507	0.6512429349146334	0.1821901941802334	0.12182079172059843	0.26486838253325207	0.18420981272327328	0.20749577849568873	0.15185840997636513	0.19869819667724575	0.17274664598377762	0.1495661203849446	0.15954995241788406	0.16126765061546644	0.1669745136837434	0.15961485869011482	0.1731855899468231	0.27221764740760435	0.14201011850960604	0.11868536387368409	0.14754161727701573	0.14477733810908539	0.11646479781603528	0.13846361824464623	0.0	0.08486057981498943	0.08123879693812144	0.15163805804328104	0.15035648535128798	0.15951762598489722	0.16948689500293734	0.16165693368967357	0.15752634817800165	0.20629612759989258	0.2071788518973595	0.2332597235526723	0.18170439296164442	0.5991235953156016	0.6740115575421106	0.649329508795022
f16ppB	0.6137043583550394	0.6416904309571221	0.17263769022272213	0.11226828776308716	0.2553158785757408	0.17465730876576202	0.19794327453817745	0.14230590601885387	0.18914569271973447	0.16319414202626636	0.14001361642743332	0.14999744846037277	0.15171514665795516	0.1574220097262321	0.15006235473260354	0.1636330859893118	0.26266514345009306	0.1324576145520948	0.1091328599161728	0.13798911331950448	0.13522483415157413	0.10691229385852401	0.1592953276192014	0.08486057981498943	0.0	0.062128900526610104	0.14208555408576978	0.14080398139377673	0.14996512202738593	0.15993439104542606	0.15210442973216232	0.1479738442204904	0.1967436236423813	0.19762634793984823	0.22370721959516104	0.17215188900413314	0.5895710913580903	0.6644590535845993	0.6397770048375108
f29pp	0.6100825754781716	0.6380686480802542	0.16901590734585414	0.10864650488621916	0.2516940956988728	0.171035525888894	0.19432149166130946	0.13868412314198586	0.18552390984286649	0.15957235914939835	0.13639183355056533	0.1463756655835048	0.14809336378108717	0.15380022684936412	0.14644057185573556	0.16001130311244383	0.2590433605732251	0.12883583167522678	0.10551107703930482	0.13436733044263646	0.13160305127470612	0.10329051098165601	0.15567354474233341	0.08123879693812144	0.062128900526610104	0.0	0.13846377120890177	0.13718219851690872	0.14634333915051795	0.15631260816855808	0.1484826468552943	0.14435206134362238	0.1931218407655133	0.19400456506298022	0.22008543671829303	0.16853010612726516	0.5859493084812224	0.6608372707077314	0.6361552219606428
w6pp	0.5811102133546238	0.6090962859567064	0.16825912235810317	0.10788971989846818	0.2509373107111218	0.17027874090114303	0.1935647066735585	0.1379273381542349	0.1847671248551155	0.15881557416164738	0.13563504856281436	0.1456188805957538	0.1473365787933362	0.15304344186161314	0.16719776676368153	0.1807684980203898	0.27980055548117105	0.14959302658317275	0.1262682719472508	0.15512452535058244	0.16785158272700196	0.13953904243395185	0.226072805847493	0.15163805804328104	0.14208555408576978	0.13846377120890177	0.0	0.08838121016407603	0.09754235079768525	0.10751161981572538	0.0996816585024616	0.09555107299078969	0.16414947864196563	0.16503220293943255	0.19111307459474536	0.13955774400371748	0.5569769463576746	0.6318649085841836	0.6071828598370951
f32pp	0.5798286406626307	0.6078147132647134	0.16697754966611011	0.10660814720647514	0.24965573801912877	0.16899716820915	0.19228313398156544	0.13664576546224186	0.18348555216312246	0.15753400146965435	0.1343534758708213	0.14433730790376076	0.14605500610134314	0.1517618691696201	0.16591619407168848	0.17948692532839677	0.278518982789178	0.14831145389117972	0.12498669925525775	0.15384295265858938	0.16657001003500893	0.1382574697419588	0.22479123315549998	0.15035648535128798	0.14080398139377673	0.13718219851690872	0.08838121016407603	0.0	0.07778970610624597	0.10622804712273227	0.09839808580946849	0.0942675002977966	0.16286790594997258	0.16375063024743952	0.18983150190275233	0.13827617131172443	0.5556953736656816	0.6305833358921906	0.605901287145102
f18pp	0.58898978129624	0.6169758538983227	0.17613869029971935	0.11576928784008436	0.258816878652738	0.1781583088427592	0.20144427461517467	0.14580690609585106	0.1926466927967317	0.16669514210326355	0.14351461650443054	0.15349844853737	0.15521614673495238	0.16092300980322932	0.17507733470529768	0.18864806596200598	0.28768012342278726	0.15747259452478896	0.13414783988886697	0.16300409329219862	0.17573115066861816	0.14741861037556803	0.23395237378910919	0.15951762598489722	0.14996512202738593	0.14634333915051795	0.09754235079768525	0.07778970610624597	0.0	0.1153891877563415	0.10755922644307772	0.1034286409314058	0.1720290465835818	0.17291177088104873	0.19899264253636154	0.14743731194533366	0.5648565142992908	0.6397444765257999	0.6150624277787113
f6ppA	0.5989590503142801	0.6269451229163627	0.18610795931775947	0.1257385568581245	0.26878614767077813	0.18812757786079934	0.2114135436332148	0.1557761751138912	0.20261596181477182	0.17666441112130368	0.15348388552247066	0.16346771755541012	0.1651854157529925	0.17089227882126945	0.1850466037233378	0.1986173349800461	0.29764939244082733	0.16744186354282908	0.1441171089069071	0.17297336231023874	0.1857004196866583	0.15738787939360815	0.2439216428071493	0.16948689500293734	0.15993439104542606	0.15631260816855808	0.10751161981572538	0.10622804712273227	0.1153891877563415	0.0	0.09526598853152288	0.09113540301985096	0.18199831560162194	0.18288103989908885	0.20896191155440166	0.1574065809633738	0.5748257833173309	0.64971374554384	0.6250316967967514
f15pp	0.5911290890010164	0.619115161603099	0.1782779980044957	0.11790859554486072	0.2609561863575144	0.18029761654753557	0.20358358231995102	0.14794621380062745	0.19478600050150804	0.1688344498080399	0.1456539242092069	0.15563775624214635	0.15735545443972873	0.16306231750800568	0.17721664241007407	0.19078737366678233	0.2898194311275636	0.15961190222956528	0.13628714759364333	0.16514340099697497	0.1778704583733945	0.14955791808034438	0.23609168149388554	0.16165693368967357	0.15210442973216232	0.1484826468552943	0.0996816585024616	0.09839808580946849	0.10755922644307772	0.09526598853152288	0.0	0.07310326899726852	0.17416835428835817	0.17505107858582508	0.2011319502411379	0.14957661965011002	0.5669958220040672	0.6418837842305762	0.6172017354834877
f3pp	0.5869985034893445	0.6149845760914271	0.17414741249282378	0.11377801003318881	0.25682560084584244	0.17616703103586367	0.1994529968082791	0.14381562828895553	0.19065541498983613	0.16470386429636802	0.14152333869753497	0.15150717073047443	0.1532248689280568	0.15893173199633376	0.17308605689840215	0.18665678815511044	0.2856888456158917	0.1554813167178934	0.1321565620819714	0.16101281548530305	0.1737398728617226	0.14542733256867246	0.23196109598221365	0.15752634817800165	0.1479738442204904	0.14435206134362238	0.09555107299078969	0.0942675002977966	0.1034286409314058	0.09113540301985096	0.07310326899726852	0.0	0.17003776877668625	0.1709204930741532	0.197001364729466	0.1454460341384381	0.5628652364923953	0.6377531987189043	0.6130711499718158
f12ppB	0.5964028990304502	0.6243889716325328	0.2229171919147147	0.16254778945507972	0.30559538026773336	0.2249368104577546	0.24822277623017003	0.19258540771084642	0.23942519441172705	0.21347364371825892	0.1902931181194259	0.20027695015236535	0.20199464834994774	0.20770151141822468	0.22185583632029304	0.23542656757700137	0.3344586250377826	0.20425109613978432	0.18092634150386233	0.20978259490719398	0.22250965228361352	0.1941971119905634	0.2807308754041046	0.20629612759989258	0.1967436236423813	0.1931218407655133	0.16414947864196563	0.16286790594997258	0.1720290465835818	0.18199831560162194	0.17416835428835817	0.17003776877668625	0.0	0.0864673219468326	0.1941863113100468	0.14263098071901892	0.572269632033501	0.6471575942600101	0.6224755455129215
f4pp	0.5972856233279171	0.6252716959299998	0.22379991621218165	0.16343051375254664	0.3064781045652003	0.22581953475522148	0.24910550052763697	0.19346813200831336	0.240307918709194	0.21435636801572583	0.1911758424168928	0.20115967444983227	0.20287737264741465	0.2085842357156916	0.22273856061775998	0.23630929187446825	0.3353413493352495	0.2051338204372512	0.18180906580132924	0.2106653192046609	0.2233923765810804	0.1950798362880303	0.28161359970157146	0.2071788518973595	0.19762634793984823	0.19400456506298022	0.16503220293943255	0.16375063024743952	0.17291177088104873	0.18288103989908885	0.17505107858582508	0.1709204930741532	0.0864673219468326	0.0	0.1950690356075137	0.14351370501648583	0.573152356330968	0.648040318557477	0.6233582698103884
w7pp	0.62336649498323	0.6513525675853127	0.24988078786749446	0.18951138540785945	0.3325589762205131	0.2519004064105343	0.2751863721829498	0.21954900366362617	0.2663887903645068	0.24043723967103864	0.21725671407220562	0.22724054610514507	0.22895824430272746	0.2346651073710044	0.2488194322730728	0.26239016352978106	0.3614222209905623	0.231214692092564	0.20788993745664205	0.2367461908599737	0.24947324823639322	0.2211607079433431	0.30769447135688427	0.2332597235526723	0.22370721959516104	0.22008543671829303	0.19111307459474536	0.18983150190275233	0.19899264253636154	0.20896191155440166	0.2011319502411379	0.197001364729466	0.1941863113100468	0.1950690356075137	0.0	0.14286479161927446	0.5992332279862809	0.6741211902127898	0.6494391414657013
f21pp	0.5718111643922021	0.5997972369942848	0.19832545727646655	0.13795605481683157	0.2810036456294852	0.20034507581950645	0.22363104159192188	0.16799367307259827	0.2148334597734789	0.18888190908001076	0.16570138348117774	0.1756852155141172	0.17740291371169958	0.18310977677997653	0.1972641016820449	0.2108348329387532	0.30986689039953447	0.17965936150153616	0.15633460686561418	0.18519086026894582	0.19791791764536537	0.16960537735231523	0.2561391407658564	0.18170439296164442	0.17215188900413314	0.16853010612726516	0.13955774400371748	0.13827617131172443	0.14743731194533366	0.1574065809633738	0.14957661965011002	0.1454460341384381	0.14263098071901892	0.14351370501648583	0.14286479161927446	0.0	0.547677897395253	0.6225658596217619	0.5978838108746733
S6Hp	0.35016949044243817	0.3781555630445208	0.6157446596304237	0.5553752571707887	0.6984228479834425	0.6177642781734636	0.6410502439458791	0.5854128754265555	0.632252662127436	0.6063011114339679	0.5831205858351349	0.5931044178680744	0.5948221160656568	0.6005289791339337	0.614683304036002	0.6282540352927104	0.7272860927534917	0.5970785638554933	0.5737538092195713	0.602610062622903	0.6153371199993225	0.5870245797062724	0.6735583431198136	0.5991235953156016	0.5895710913580903	0.5859493084812224	0.5569769463576746	0.5556953736656816	0.5648565142992908	0.5748257833173309	0.5669958220040672	0.5628652364923953	0.572269632033501	0.573152356330968	0.5992332279862809	0.547677897395253	0.0	0.40092418567199806	0.37624213692490943
S16H2	0.34487432732663215	0.3728603999287148	0.6906326218569327	0.6302632193972978	0.7733108102099515	0.6926522403999726	0.7159382061723881	0.6603008376530645	0.7071406243539452	0.681189073660477	0.658008548061644	0.6679923800945834	0.6697100782921658	0.6754169413604427	0.6895712662625111	0.7031419975192195	0.8021740549800007	0.6719665260820024	0.6486417714460804	0.677498024849412	0.6902250822258316	0.6619125419327815	0.7484463053463226	0.6740115575421106	0.6644590535845993	0.6608372707077314	0.6318649085841836	0.6305833358921906	0.6397444765257999	0.64971374554384	0.6418837842305762	0.6377531987189043	0.6471575942600101	0.648040318557477	0.6741211902127898	0.6225658596217619	0.40092418567199806	0.0	0.26469950122496694
530295	0.3201922785795435	0.34817835118162616	0.6659505731098442	0.6055811706502092	0.748628761462863	0.6679701916528841	0.6912561574252996	0.6356187889059759	0.6824585756068566	0.6565070249133884	0.6333264993145554	0.6433103313474948	0.6450280295450772	0.6507348926133542	0.6648892175154225	0.6784599487721309	0.7774920062329121	0.6472844773349138	0.6239597226989918	0.6528159761023234	0.665543033478743	0.6372304931856929	0.723764256599234	0.649329508795022	0.6397770048375108	0.6361552219606428	0.6071828598370951	0.605901287145102	0.6150624277787113	0.6250316967967514	0.6172017354834877	0.6130711499718158	0.6224755455129215	0.6233582698103884	0.6494391414657013	0.5978838108746733	0.37624213692490943	0.26469950122496694	0.0
