	S16H2	w27pp	s32pp	s12pp	f21pp	f8pp	f12ppB	f18pp	w3pp	s23pp	S13Hp	w17pp	F6H1	F23HpA	31600	S18H1	S6Hp	f19pp	f1pp	s1pp	f12ppA	f4pp	f11pp	f7pp	f30pp	w9pp	f17ppA	f22ppA	f14ppB	f15pp
S16H2	0.0	0.1513097211245638	0.1575535280782036	0.18426716037984964	0.16821977738463403	0.16038585338118733	0.16765083318455534	0.15071693346776735	0.1539485447340297	0.22044230773699047	0.19017116135492695	0.18320952430976262	0.614775869597836	0.6033241618467151	0.6276348557571594	0.5906600136630419	0.5886493620518883	0.18919646446243993	0.18936302634813307	0.24271519822973392	0.1874489365037359	0.1633721191298262	0.1692331185255703	0.16250742349127362	0.18023962665335239	0.1679625556958942	0.15937826503282565	0.14591485746411548	0.14391519050245777	0.10658906147309641
w27pp	0.1513097211245638	0.0	0.11012752995157232	0.1604133588845701	0.15503789335203005	0.14720396934858332	0.15446894915195136	0.13753504943516337	0.14076666070142568	0.20726042370438647	0.176989277322323	0.1700276402771586	0.601593985565232	0.5901422778141111	0.6144529717245554	0.5774781296304379	0.5754674780192843	0.17601458042983592	0.17618114231552912	0.2295333141971299	0.17426705247113194	0.15019023509722218	0.15605123449296632	0.1493255394586696	0.1670577426207484	0.15478067166329018	0.14619638100022164	0.13273297343151147	0.1307333064698538	0.1336455811509355
s32pp	0.1575535280782036	0.11012752995157232	0.0	0.16665716583820986	0.1612817003056698	0.15344777630222312	0.1607127561055911	0.1437788563888031	0.14701046765506548	0.21350423065802626	0.18323308427596274	0.1762714472307984	0.6078377925188718	0.5963860847677509	0.6206967786781952	0.5837219365840777	0.5817112849729241	0.18225838738347572	0.18242494926916886	0.2357771211507697	0.18051085942477169	0.15643404205086198	0.16229504144660606	0.1555693464123094	0.17330154957438815	0.16102447861692998	0.15244018795386144	0.13897678038515127	0.13697711342349356	0.1398893881045753
s12pp	0.18426716037984964	0.1604133588845701	0.16665716583820986	0.0	0.18799533260731588	0.18016140860386914	0.1874263884072372	0.1704924886904492	0.1737240999567115	0.2402178629596723	0.20994671657760883	0.20298507953244443	0.6345514248205179	0.6230997170693969	0.6474104109798412	0.6104355688857237	0.6084249172745702	0.20897201968512175	0.20913858157081494	0.26249075345241574	0.20722449172641777	0.183147674352508	0.18900867374825214	0.18228297871395543	0.20001518187603423	0.187738110918576	0.17915382025550747	0.1656904126867973	0.1636907457251396	0.16660302040622132
f21pp	0.16821977738463403	0.15503789335203005	0.1612817003056698	0.18799533260731588	0.0	0.10172460210611334	0.11850079430757444	0.10156689459078647	0.12517894452924985	0.19167270753221063	0.16140156115014714	0.16984799415737178	0.6014143394454452	0.5899626316943243	0.6142733256047685	0.577298483510651	0.5752878318994975	0.1758349343100491	0.17600149619574226	0.2293536680773431	0.17408740635134506	0.15001058897743536	0.15587158837317944	0.14914589333888278	0.16687809650096155	0.15460102554350336	0.14601673488043482	0.13255332731172464	0.13055366035006694	0.15055563741100572
f8pp	0.16038585338118733	0.14720396934858332	0.15344777630222312	0.18016140860386914	0.10172460210611334	0.0	0.11066687030412774	0.09373297058733976	0.11734502052580315	0.18383878352876393	0.15356763714670044	0.16201407015392505	0.5935804154419985	0.5821287076908775	0.6064394016013218	0.5694645595072043	0.5674539078960508	0.1680010103066024	0.16816757219229556	0.22151974407389635	0.16625348234789838	0.14217666497398862	0.14803766436973276	0.14131196933543605	0.15904417249751485	0.14676710154005665	0.1381828108769881	0.12471940330827792	0.12271973634662024	0.14272171340755901
f12ppB	0.16765083318455534	0.15446894915195136	0.1607127561055911	0.1874263884072372	0.11850079430757444	0.11066687030412774	0.0	0.08771362684362982	0.12461000032917116	0.19110376333213194	0.16083261695006845	0.1692790499572931	0.6008453952453665	0.5893936874942456	0.6137043814046899	0.5767295393105724	0.5747188876994188	0.1752659901099704	0.17543255199566357	0.2287847238772644	0.17351846215126637	0.14944164477735666	0.15530264417310075	0.1485769491388041	0.16630915230088286	0.15403208134342466	0.14544779068035613	0.13198438311164595	0.12998471614998824	0.14998669321092703
f18pp	0.15071693346776735	0.13753504943516337	0.1437788563888031	0.1704924886904492	0.10156689459078647	0.09373297058733976	0.08771362684362982	0.0	0.10767610061238317	0.17416986361534395	0.14389871723328046	0.1523451502405051	0.5839114955285785	0.5724597877774575	0.5967704816879018	0.5597956395937844	0.5577849879826309	0.1583320903931824	0.15849865227887558	0.2118508241604764	0.15658456243447838	0.13250774506056867	0.13836874445631275	0.1316430494220161	0.14937525258409487	0.13709818162663667	0.12851389096356813	0.11505048339485795	0.11305081643320027	0.13305279349413904
w3pp	0.1539485447340297	0.14076666070142568	0.14701046765506548	0.1737240999567115	0.12517894452924985	0.11734502052580315	0.12461000032917116	0.10767610061238317	0.0	0.1524065040348192	0.12213535765275571	0.1555767615067674	0.5871431067948408	0.5756913990437199	0.6000020929541642	0.5630272508600467	0.5610165992488931	0.16156370165944475	0.16173026354513792	0.21508243542673872	0.15981617370074075	0.13573935632683098	0.14160035572257512	0.1348746606882784	0.1526068638503572	0.140329792892899	0.13174550222983047	0.11828209466112029	0.1162824276994626	0.13628440476040138
s23pp	0.22044230773699047	0.20726042370438647	0.21350423065802626	0.2402178629596723	0.19167270753221063	0.18383878352876393	0.19110376333213194	0.17416986361534395	0.1524065040348192	0.0	0.1598791952982243	0.2220705245097282	0.6536368697978016	0.6421851620466806	0.6664958559571249	0.6295210138630075	0.627510362251854	0.2280574646624055	0.2282240265480987	0.2815761984296995	0.2263099367037015	0.20223311932979177	0.20809411872553588	0.2013684236912392	0.219100626853318	0.20682355589585977	0.19823926523279123	0.18477585766408106	0.18277619070242337	0.20277816776336216
S13Hp	0.19017116135492695	0.176989277322323	0.18323308427596274	0.20994671657760883	0.16140156115014714	0.15356763714670044	0.16083261695006845	0.14389871723328046	0.12213535765275571	0.1598791952982243	0.0	0.19179937812766473	0.6233657234157381	0.6119140156646172	0.6362247095750615	0.599249867480944	0.5972392158697905	0.19778631828034204	0.1979528801660352	0.25130505204763603	0.196038790321638	0.1719619729477283	0.17782297234347239	0.17109727730917573	0.1888294804712545	0.1765524095137963	0.16796811885072777	0.1545047112820176	0.15250504432035988	0.17250702138129864
w17pp	0.18320952430976262	0.1700276402771586	0.1762714472307984	0.20298507953244443	0.16984799415737178	0.16201407015392505	0.1692790499572931	0.1523451502405051	0.1555767615067674	0.2220705245097282	0.19179937812766473	0.0	0.5210579766766655	0.5096062689255445	0.5339169628359889	0.49694212074187133	0.4949314691307178	0.12068407600650409	0.12085063789219726	0.17420280977379807	0.13028846814296494	0.1062116507690552	0.12781918043995535	0.12109348540565867	0.13882568856773747	0.12654861761027925	0.13265139645651247	0.11918798888780227	0.12723272596757496	0.1655453843361343
F6H1	0.614775869597836	0.601593985565232	0.6078377925188718	0.6345514248205179	0.6014143394454452	0.5935804154419985	0.6008453952453665	0.5839114955285785	0.5871431067948408	0.6536368697978016	0.6233657234157381	0.5210579766766655	0.0	0.39833090902703994	0.48558026622562067	0.44860542413150306	0.4465947725203495	0.5522504212945776	0.5524169831802708	0.6057691550618716	0.5618548134310384	0.5377779960571287	0.5593855257280288	0.552659830693732	0.5703920338558108	0.5581149628983527	0.5642177417445859	0.5507543341758757	0.5587990712556483	0.5971117296242077
F23HpA	0.6033241618467151	0.5901422778141111	0.5963860847677509	0.6230997170693969	0.5899626316943243	0.5821287076908775	0.5893936874942456	0.5724597877774575	0.5756913990437199	0.6421851620466806	0.6119140156646172	0.5096062689255445	0.39833090902703994	0.0	0.47412855847449964	0.43715371638038214	0.4351430647692286	0.5407987135434565	0.5409652754291497	0.5943174473107505	0.5504031056799173	0.5263262883060076	0.5479338179769078	0.5412081229426111	0.5589403261046899	0.5466632551472317	0.5527660339934649	0.5393026264247547	0.5473473635045274	0.5856600218730867
31600	0.6276348557571594	0.6144529717245554	0.6206967786781952	0.6474104109798412	0.6142733256047685	0.6064394016013218	0.6137043814046899	0.5967704816879018	0.6000020929541642	0.6664958559571249	0.6362247095750615	0.5339169628359889	0.48558026622562067	0.47412855847449964	0.0	0.34424952544182313	0.3422388738306696	0.5651094074539009	0.565275969339594	0.6186281412211948	0.5747137995903617	0.550636982216452	0.5722445118873521	0.5655188168530554	0.5832510200151342	0.5709739490576761	0.5770767279039093	0.5636133203351991	0.5716580574149717	0.609970715783531
S18H1	0.5906600136630419	0.5774781296304379	0.5837219365840777	0.6104355688857237	0.577298483510651	0.5694645595072043	0.5767295393105724	0.5597956395937844	0.5630272508600467	0.6295210138630075	0.599249867480944	0.49694212074187133	0.44860542413150306	0.43715371638038214	0.34424952544182313	0.0	0.22954216639109515	0.5281345653597833	0.5283011272454765	0.5816532991270773	0.5377389574962442	0.5136621401223345	0.5352696697932346	0.528543974758938	0.5462761779210167	0.5339991069635586	0.5401018858097918	0.5266384782410816	0.5346832153208543	0.5729958736894135
S6Hp	0.5886493620518883	0.5754674780192843	0.5817112849729241	0.6084249172745702	0.5752878318994975	0.5674539078960508	0.5747188876994188	0.5577849879826309	0.5610165992488931	0.627510362251854	0.5972392158697905	0.4949314691307178	0.4465947725203495	0.4351430647692286	0.3422388738306696	0.22954216639109515	0.0	0.5261239137486298	0.526290475634323	0.5796426475159238	0.5357283058850907	0.5116514885111809	0.5332590181820811	0.5265333231477844	0.5442655263098631	0.531988455352405	0.5380912341986382	0.524627826629928	0.5326725637097007	0.57098522207826
f19pp	0.18919646446243993	0.17601458042983592	0.18225838738347572	0.20897201968512175	0.1758349343100491	0.1680010103066024	0.1752659901099704	0.1583320903931824	0.16156370165944475	0.2280574646624055	0.19778631828034204	0.12068407600650409	0.5522504212945776	0.5407987135434565	0.5651094074539009	0.5281345653597833	0.5261239137486298	0.0	0.11531316341022912	0.16866533529182992	0.13627540829564228	0.11219859092173252	0.13380612059263267	0.12708042555833599	0.14481262872041478	0.13253555776295659	0.13863833660918978	0.1251749290404796	0.13321966612025227	0.17153232448881162
f1pp	0.18936302634813307	0.17618114231552912	0.18242494926916886	0.20913858157081494	0.17600149619574226	0.16816757219229556	0.17543255199566357	0.15849865227887558	0.16173026354513792	0.2282240265480987	0.1979528801660352	0.12085063789219726	0.5524169831802708	0.5409652754291497	0.565275969339594	0.5283011272454765	0.526290475634323	0.11531316341022912	0.0	0.13818613503864963	0.13644197018133541	0.11236515280742569	0.13397268247832583	0.12724698744402918	0.14497919060610795	0.13270211964864975	0.13880489849488295	0.12534149092617278	0.13338622800594546	0.17169888637450476
s1pp	0.24271519822973392	0.2295333141971299	0.2357771211507697	0.26249075345241574	0.2293536680773431	0.22151974407389635	0.2287847238772644	0.2118508241604764	0.21508243542673872	0.2815761984296995	0.25130505204763603	0.17420280977379807	0.6057691550618716	0.5943174473107505	0.6186281412211948	0.5816532991270773	0.5796426475159238	0.16866533529182992	0.13818613503864963	0.0	0.18979414206293624	0.1657173246890265	0.18732485435992666	0.18059915932562998	0.19833136248770877	0.18605429153025055	0.19215707037648377	0.1786936628077736	0.18673839988754626	0.2250510582561056
f12ppA	0.1874489365037359	0.17426705247113194	0.18051085942477169	0.20722449172641777	0.17408740635134506	0.16625348234789838	0.17351846215126637	0.15658456243447838	0.15981617370074075	0.2263099367037015	0.196038790321638	0.13028846814296494	0.5618548134310384	0.5504031056799173	0.5747137995903617	0.5377389574962442	0.5357283058850907	0.13627540829564228	0.13644197018133541	0.18979414206293624	0.0	0.08441919100968873	0.13205859263392866	0.12533289759963198	0.14306510076171075	0.13078802980425258	0.13689080865048578	0.12342740108177558	0.13147213816154826	0.16978479653010758
f4pp	0.1633721191298262	0.15019023509722218	0.15643404205086198	0.183147674352508	0.15001058897743536	0.14217666497398862	0.14944164477735666	0.13250774506056867	0.13573935632683098	0.20223311932979177	0.1719619729477283	0.1062116507690552	0.5377779960571287	0.5263262883060076	0.550636982216452	0.5136621401223345	0.5116514885111809	0.11219859092173252	0.11236515280742569	0.1657173246890265	0.08441919100968873	0.0	0.10798177526001893	0.10125608022572224	0.11898828338780103	0.10671121243034283	0.11281399127657604	0.09935058370786586	0.10739532078763853	0.14570797915619788
f11pp	0.1692331185255703	0.15605123449296632	0.16229504144660606	0.18900867374825214	0.15587158837317944	0.14803766436973276	0.15530264417310075	0.13836874445631275	0.14160035572257512	0.20809411872553588	0.17782297234347239	0.12781918043995535	0.5593855257280288	0.5479338179769078	0.5722445118873521	0.5352696697932346	0.5332590181820811	0.13380612059263267	0.13397268247832583	0.18732485435992666	0.13205859263392866	0.10798177526001893	0.0	0.08420955147650633	0.10194175463858512	0.08966468368112693	0.11867499067232015	0.10521158310360995	0.11325632018338264	0.15156897855194199
f7pp	0.16250742349127362	0.1493255394586696	0.1555693464123094	0.18228297871395543	0.14914589333888278	0.14131196933543605	0.1485769491388041	0.1316430494220161	0.1348746606882784	0.2013684236912392	0.17109727730917573	0.12109348540565867	0.552659830693732	0.5412081229426111	0.5655188168530554	0.528543974758938	0.5265333231477844	0.12708042555833599	0.12724698744402918	0.18059915932562998	0.12533289759963198	0.10125608022572224	0.08420955147650633	0.0	0.08988401438348417	0.07760694342602598	0.11194929563802347	0.09848588806931328	0.10653062514908596	0.1448432835176453
f30pp	0.18023962665335239	0.1670577426207484	0.17330154957438815	0.20001518187603423	0.16687809650096155	0.15904417249751485	0.16630915230088286	0.14937525258409487	0.1526068638503572	0.219100626853318	0.1888294804712545	0.13882568856773747	0.5703920338558108	0.5589403261046899	0.5832510200151342	0.5462761779210167	0.5442655263098631	0.14481262872041478	0.14497919060610795	0.19833136248770877	0.14306510076171075	0.11898828338780103	0.10194175463858512	0.08988401438348417	0.0	0.08101848959620314	0.12968149880010224	0.11621809123139207	0.12426282831116474	0.16257548667972407
w9pp	0.1679625556958942	0.15478067166329018	0.16102447861692998	0.187738110918576	0.15460102554350336	0.14676710154005665	0.15403208134342466	0.13709818162663667	0.140329792892899	0.20682355589585977	0.1765524095137963	0.12654861761027925	0.5581149628983527	0.5466632551472317	0.5709739490576761	0.5339991069635586	0.531988455352405	0.13253555776295659	0.13270211964864975	0.18605429153025055	0.13078802980425258	0.10671121243034283	0.08966468368112693	0.07760694342602598	0.08101848959620314	0.0	0.11740442784264404	0.10394102027393387	0.11198575735370654	0.15029841572226588
f17ppA	0.15937826503282565	0.14619638100022164	0.15244018795386144	0.17915382025550747	0.14601673488043482	0.1381828108769881	0.14544779068035613	0.12851389096356813	0.13174550222983047	0.19823926523279123	0.16796811885072777	0.13265139645651247	0.5642177417445859	0.5527660339934649	0.5770767279039093	0.5401018858097918	0.5380912341986382	0.13863833660918978	0.13880489849488295	0.19215707037648377	0.13689080865048578	0.11281399127657604	0.11867499067232015	0.11194929563802347	0.12968149880010224	0.11740442784264404	0.0	0.07893712088015527	0.10340146669063802	0.14171412505919734
f22ppA	0.14591485746411548	0.13273297343151147	0.13897678038515127	0.1656904126867973	0.13255332731172464	0.12471940330827792	0.13198438311164595	0.11505048339485795	0.11828209466112029	0.18477585766408106	0.1545047112820176	0.11918798888780227	0.5507543341758757	0.5393026264247547	0.5636133203351991	0.5266384782410816	0.524627826629928	0.1251749290404796	0.12534149092617278	0.1786936628077736	0.12342740108177558	0.09935058370786586	0.10521158310360995	0.09848588806931328	0.11621809123139207	0.10394102027393387	0.07893712088015527	0.0	0.08993805912192782	0.12825071749048716
f14ppB	0.14391519050245777	0.1307333064698538	0.13697711342349356	0.1636907457251396	0.13055366035006694	0.12271973634662024	0.12998471614998824	0.11305081643320027	0.1162824276994626	0.18277619070242337	0.15250504432035988	0.12723272596757496	0.5587990712556483	0.5473473635045274	0.5716580574149717	0.5346832153208543	0.5326725637097007	0.13321966612025227	0.13338622800594546	0.18673839988754626	0.13147213816154826	0.10739532078763853	0.11325632018338264	0.10653062514908596	0.12426282831116474	0.11198575735370654	0.10340146669063802	0.08993805912192782	0.0	0.12625105052882946
f15pp	0.10658906147309641	0.1336455811509355	0.1398893881045753	0.16660302040622132	0.15055563741100572	0.14272171340755901	0.14998669321092703	0.13305279349413904	0.13628440476040138	0.20277816776336216	0.17250702138129864	0.1655453843361343	0.5971117296242077	0.5856600218730867	0.609970715783531	0.5729958736894135	0.57098522207826	0.17153232448881162	0.17169888637450476	0.2250510582561056	0.16978479653010758	0.14570797915619788	0.15156897855194199	0.1448432835176453	0.16257548667972407	0.15029841572226588	0.14171412505919734	0.12825071749048716	0.12625105052882946	0.0
