	f7pp	w16pp	w28pp	w20pp	f16ppA	w18pp	w3pp	w14pp	w22pp	w19pp	f6ppA	w10pp	f18pp	w1pp	w13pp	31300	S6Hp	S26Hp	S19H1	w9pp	S28Hp	s1pp	S18H1	31267	31452	f4pp	w15pp	w29pp	w11pp	w23pp	f8pp	w32pp	w4pp	w2pp	f17ppB	s12pp	s17pp	w27pp	f10pp	w17pp
f7pp	0.0	0.10829367622422008	0.07571131383871016	0.08884776603459826	0.1429575900574176	0.12468994276402826	0.17401641249405825	0.14403467946845477	0.16402222912792108	0.16978317558421085	0.19970360465651094	0.1662202114136926	0.1645158240277107	0.1651075951297094	0.1844700110426351	0.35584631195379457	0.3707403846172942	0.3575511716743754	0.36351571431302215	0.2402066450953002	0.6500334780405314	0.6503702597822251	0.6531371731711489	0.6478362889246654	0.6544414633594722	0.16155239822593304	0.1677507426603539	0.16000942076861457	0.15527013671109857	0.169256552340127	0.1570356129870053	0.18775741519798056	0.21846013277557713	0.1815024570458592	0.21177565906571316	0.23675025817292528	0.2477158141497704	0.197172797240807	0.1632713541806316	0.07950175358766352
w16pp	0.10829367622422008	0.0	0.08209382698190446	0.11929089056375185	0.17340071458657116	0.15513306729318183	0.20445953702321182	0.17447780399760837	0.19446535365707465	0.20022630011336442	0.2301467291856645	0.19666333594284616	0.1949589485568643	0.195550719658863	0.21491313557178868	0.38628943648294817	0.4011835091464478	0.387994296203529	0.39395883884217575	0.2706497696244538	0.6804766025696849	0.6808133843113786	0.6835802977003025	0.6782794134538189	0.6848845878886257	0.1919955227550866	0.19819386718950746	0.19045254529776814	0.18571326124025214	0.19969967686928056	0.18747873751615887	0.21820053972713416	0.24890325730473073	0.2119455815750128	0.24221878359486676	0.2671933827020788	0.27815893867892394	0.2276159217699606	0.19371447870978517	0.10994487811681711
w28pp	0.07571131383871016	0.08209382698190446	0.0	0.08670852817824193	0.14081835220106126	0.12255070490767192	0.1718771746377019	0.14189544161209844	0.16188299127156475	0.16764393772785452	0.1975643668001546	0.16408097355733625	0.16237658617135436	0.16296835727335307	0.18233077318627877	0.35370707409743823	0.36860114676093786	0.35541193381801905	0.3613764764566658	0.23806740723894387	0.647894240184175	0.6482310219258687	0.6509979353147926	0.645697051068309	0.6523022255031158	0.1594131603695767	0.16561150480399756	0.15787018291225824	0.15313089885474224	0.16711731448377065	0.15489637513064897	0.18561817734162422	0.2163208949192208	0.17936321918950288	0.20963642120935683	0.23461102031656894	0.24557657629341406	0.19503355938445066	0.16113211632427527	0.07736251573130719
w20pp	0.08884776603459826	0.11929089056375185	0.08670852817824193	0.0	0.12439979386937998	0.10613214657599065	0.15545861630602065	0.12547688328041717	0.14546443293988348	0.15122537939617325	0.18114580846847333	0.14766241522565499	0.1459580278396731	0.1465497989416718	0.1659122148545975	0.33728851576575697	0.3521825884292566	0.3389933754863378	0.34495791812498455	0.2216488489072626	0.6314756818524937	0.6318124635941874	0.6345793769831113	0.6292784927366277	0.6358836671714345	0.14299460203789544	0.1491929464723163	0.14145162458057697	0.13671234052306097	0.15069875615208939	0.1384778167989677	0.16919961900994296	0.19990233658753953	0.1629446608578216	0.19321786287767556	0.21819246198488768	0.2291580179617328	0.1786150010527694	0.144713557992594	0.06094395739962592
f16ppA	0.1429575900574176	0.17340071458657116	0.14081835220106126	0.12439979386937998	0.0	0.10594000181647946	0.17605360076318835	0.1460718677375849	0.16605941739705118	0.17182036385334096	0.20174079292564107	0.1682573996828227	0.16655301229684083	0.16714478339883954	0.1865071993117652	0.3578835002229247	0.3727775728864243	0.3595883599435055	0.3655529025821523	0.24224383336443034	0.6520706663096615	0.6524074480513552	0.6551743614402791	0.6498734771937955	0.6564786516286023	0.16358958649506314	0.169787930929484	0.16204660903774468	0.15730732498022867	0.1712937406092571	0.1590728012561354	0.1897946034671107	0.22049732104470726	0.18353964531498934	0.2138128473348433	0.2387874464420554	0.24975300241890053	0.19920998550993713	0.1653085424497617	0.09162945741499712
w18pp	0.12468994276402826	0.15513306729318183	0.12255070490767192	0.10613214657599065	0.10594000181647946	0.0	0.157785953469799	0.1278042204441956	0.14779177010366185	0.15355271655995162	0.18347314563225173	0.14998975238943335	0.14828536500345152	0.14887713610545023	0.16823955201837587	0.33961585292953533	0.35450992559303496	0.3413207126501162	0.347285255288763	0.22397618607104103	0.6338030190162721	0.6341398007579658	0.6369067141468897	0.6316058299004061	0.6382110043352129	0.1453219392016738	0.15152028363609465	0.14377896174435534	0.13903967768683934	0.15302609331586775	0.14080515396274607	0.17152695617372138	0.20222967375131795	0.16527199802160003	0.19554520004145398	0.22051979914866607	0.2314853551255112	0.18094233821654782	0.14704089515637236	0.07336181012160779
w3pp	0.17401641249405825	0.20445953702321182	0.1718771746377019	0.15545861630602065	0.17605360076318835	0.157785953469799	0.0	0.13144386363177515	0.1869506198770851	0.19271156633337488	0.222631995405675	0.18914860216285662	0.18744421477687476	0.18803598587887346	0.20739840179179914	0.3787747027029586	0.3936687753664582	0.3804795624235394	0.3864441050621862	0.2631350358444643	0.6729618687896954	0.6732986505313892	0.676065563920313	0.6707646796738294	0.6773698541086361	0.18448078897509707	0.19067913340951792	0.1829378115177786	0.1781985274602626	0.19218494308929102	0.17996400373616933	0.21068580594714462	0.24138852352474122	0.20443084779502327	0.23470404981487725	0.25967864892208936	0.2706442048989345	0.22010118798997108	0.18619974492979563	0.12268827985163777
w14pp	0.14403467946845477	0.17447780399760837	0.14189544161209844	0.12547688328041717	0.1460718677375849	0.1278042204441956	0.13144386363177515	0.0	0.15696888685148166	0.16272983330777144	0.19265026238007155	0.15916686913725317	0.1574624817512713	0.15805425285327002	0.1774166687661957	0.3487929696773552	0.3636870423408548	0.35049782939793594	0.3564623720365827	0.23315330281886085	0.642980135764092	0.6433169175057857	0.6460838308947096	0.640782946648226	0.6473881210830328	0.15449905594949362	0.16069740038391447	0.15295607849217516	0.14821679443465915	0.16220321006368757	0.14998227071056588	0.18070407292154117	0.21140679049913777	0.17444911476941982	0.2047223167892738	0.2296969158964859	0.240662471873331	0.19011945496436763	0.15621801190419218	0.09270654682603433
w22pp	0.16402222912792108	0.19446535365707465	0.16188299127156475	0.14546443293988348	0.16605941739705118	0.14779177010366185	0.1869506198770851	0.15696888685148166	0.0	0.12144647852752494	0.15136690759982505	0.11788351435700664	0.1400498822320873	0.14064165333408601	0.1600040692470117	0.3313803701581711	0.34627444282167075	0.33308522987875194	0.3390497725173987	0.21574070329967682	0.625567536244908	0.6259043179866017	0.6286712313755256	0.623370347129042	0.6299755215638488	0.1370864564303096	0.16130794973367407	0.15356662784193476	0.14882734378441875	0.16281375941344717	0.15059282006032548	0.18131462227130074	0.21201733984889737	0.1750596641191794	0.2053328661390334	0.23030746524624549	0.2412730212230906	0.19073000431412723	0.15682856125395178	0.1126940964855006
w19pp	0.16978317558421085	0.20022630011336442	0.16764393772785452	0.15122537939617325	0.17182036385334096	0.15355271655995162	0.19271156633337488	0.16272983330777144	0.12144647852752494	0.0	0.14332205874138537	0.10983866549856697	0.14581082868837708	0.1464025997903758	0.16576501570330146	0.3371413166144609	0.3520353892779605	0.3388461763350417	0.3448107189736885	0.2215016497559666	0.6313284827011978	0.6316652644428915	0.6344321778318154	0.6291312935853318	0.6357364680201386	0.14284740288659936	0.16706889618996384	0.15932757429822453	0.15458829024070853	0.16857470586973694	0.15635376651661526	0.1870755687275905	0.21777828630518714	0.18082061057546917	0.21109381259532317	0.23606841170253526	0.24703396767938038	0.196490950770417	0.16258950771024155	0.11845504294179038
f6ppA	0.19970360465651094	0.2301467291856645	0.1975643668001546	0.18114580846847333	0.20174079292564107	0.18347314563225173	0.222631995405675	0.19265026238007155	0.15136690759982505	0.14332205874138537	0.0	0.12245532800538905	0.1757312577606772	0.17632302886267587	0.19568544477560157	0.36706174568676103	0.38195581835026066	0.36876660540734185	0.3747311480459886	0.2514220788282667	0.6612489117734979	0.6615856935151916	0.6643526069041155	0.6590517226576319	0.6656568970924387	0.1727678319588995	0.19698932526226393	0.18924800337052464	0.18450871931300863	0.19849513494203702	0.18627419558891534	0.21699599779989065	0.24769871537748725	0.2107410396477693	0.24101424166762328	0.26598884077483537	0.2769543967516805	0.2264113798427171	0.19250993678254164	0.14837547201409046
w10pp	0.1662202114136926	0.19666333594284616	0.16408097355733625	0.14766241522565499	0.1682573996828227	0.14998975238943335	0.18914860216285662	0.15916686913725317	0.11788351435700664	0.10983866549856697	0.12245532800538905	0.0	0.1422478645178588	0.1428396356198575	0.16220205153278316	0.3335783524439426	0.34847242510744225	0.33528321216452345	0.3412477548031702	0.21793868558544832	0.6277655185306794	0.6281023002723731	0.630869213661297	0.6255683294148136	0.6321735038496203	0.1392844387160811	0.16350593201944555	0.15576461012770626	0.15102532607019026	0.16501174169921864	0.15279080234609696	0.18351260455707225	0.21421532213466887	0.1772576464049509	0.2075308484248049	0.23250544753201696	0.24347100350886208	0.1929279865998987	0.15902654353972326	0.11489207877127211
f18pp	0.1645158240277107	0.1949589485568643	0.16237658617135436	0.1459580278396731	0.16655301229684083	0.14828536500345152	0.18744421477687476	0.1574624817512713	0.1400498822320873	0.14581082868837708	0.1757312577606772	0.1422478645178588	0.0	0.09087807070665241	0.13409855252242597	0.30547485343358544	0.32036892609708506	0.30717971315416626	0.313144255792813	0.1898351865750911	0.5996620195203223	0.599998801262016	0.6027657146509399	0.5974648304044563	0.6040700048392631	0.12124131294021039	0.1618015446334637	0.1540602227417244	0.1493209386842084	0.16330735431323679	0.1510864149601151	0.1818082171710904	0.212510934748687	0.17555325901896907	0.20582646103882304	0.23080106014603513	0.24176661612288025	0.19122359921391685	0.1573221561537414	0.11318769138529025
w1pp	0.1651075951297094	0.195550719658863	0.16296835727335307	0.1465497989416718	0.16714478339883954	0.14887713610545023	0.18803598587887346	0.15805425285327002	0.14064165333408601	0.1464025997903758	0.17632302886267587	0.1428396356198575	0.09087807070665241	0.0	0.13469032362442465	0.3060666245355841	0.3209606971990837	0.3077714842561649	0.31373602689481167	0.1904269576770898	0.600253790622321	0.6005905723640147	0.6033574857529386	0.598056601506455	0.6046617759412618	0.12183308404220908	0.1623933157354624	0.15465199384372308	0.14991270978620708	0.1638991254152355	0.1516781860621138	0.1823999882730891	0.2131027058506857	0.17614503012096774	0.20641823214082172	0.23139283124803384	0.24235838722487896	0.19181537031591556	0.1579139272557401	0.11377946248728896
w13pp	0.1844700110426351	0.21491313557178868	0.18233077318627877	0.1659122148545975	0.1865071993117652	0.16823955201837587	0.20739840179179914	0.1774166687661957	0.1600040692470117	0.16576501570330146	0.19568544477560157	0.16220205153278316	0.13409855252242597	0.13469032362442465	0.0	0.3016296389392585	0.3165237116027581	0.30333449865983936	0.3092990412984861	0.1859899720807642	0.5958168050259953	0.596153586767689	0.5989205001566129	0.5936196159101294	0.6002247903449361	0.14119549995513475	0.1817557316483881	0.17401440975664878	0.16927512569913278	0.1832615413281612	0.1710406019750395	0.20176240418601477	0.2324651217636114	0.19550744603389342	0.22578064805374742	0.25075524716095954	0.26172080313780466	0.21117778622884126	0.1772763431686658	0.13314187840021463
31300	0.35584631195379457	0.38628943648294817	0.35370707409743823	0.33728851576575697	0.3578835002229247	0.33961585292953533	0.3787747027029586	0.3487929696773552	0.3313803701581711	0.3371413166144609	0.36706174568676103	0.3335783524439426	0.30547485343358544	0.3060666245355841	0.3016296389392585	0.0	0.3136193339903572	0.3004301210474384	0.30639466368608514	0.2965724373460546	0.7063992702912858	0.7067360520329795	0.7095029654219034	0.7042020811754197	0.7108072556102265	0.3125718008662942	0.35313203255954756	0.34539071066780824	0.34065142661029224	0.35463784223932066	0.34241690288619897	0.37313870509717423	0.40384142267477086	0.3668837469450529	0.3971569489649069	0.42213154807211895	0.43309710404896407	0.3825540871400007	0.34865264407982527	0.30451817931137415
S6Hp	0.3707403846172942	0.4011835091464478	0.36860114676093786	0.3521825884292566	0.3727775728864243	0.35450992559303496	0.3936687753664582	0.3636870423408548	0.34627444282167075	0.3520353892779605	0.38195581835026066	0.34847242510744225	0.32036892609708506	0.3209606971990837	0.3165237116027581	0.3136193339903572	0.0	0.2333609003103102	0.23932544294895697	0.3114665100095542	0.7212933429547854	0.7216301246964791	0.724397038085403	0.7190961538389193	0.7257013282737261	0.32746587352979384	0.3680261052230472	0.36028478333130787	0.35554549927379187	0.3695319149028203	0.3573109755496986	0.38803277776067385	0.4187354953382705	0.3817778196085525	0.4120510216284065	0.43702562073561857	0.4479911767124637	0.39744815980350034	0.3635467167433249	0.3194122519748738
S26Hp	0.3575511716743754	0.387994296203529	0.35541193381801905	0.3389933754863378	0.3595883599435055	0.3413207126501162	0.3804795624235394	0.35049782939793594	0.33308522987875194	0.3388461763350417	0.36876660540734185	0.33528321216452345	0.30717971315416626	0.3077714842561649	0.30333449865983936	0.3004301210474384	0.2333609003103102	0.0	0.07354862687752999	0.2982772970666354	0.7081041300118666	0.7084409117535603	0.7112078251424842	0.7059069408960006	0.7125121153308074	0.31427666058687503	0.3548368922801284	0.34709557038838906	0.34235628633087306	0.3563427019599015	0.3441217626067798	0.37484356481775505	0.4055462823953517	0.3685886066656337	0.3988618086854877	0.4238364077926998	0.43480196376954494	0.38425894686058154	0.3503575038004061	0.30622303903195497
S19H1	0.36351571431302215	0.39395883884217575	0.3613764764566658	0.34495791812498455	0.3655529025821523	0.347285255288763	0.3864441050621862	0.3564623720365827	0.3390497725173987	0.3448107189736885	0.3747311480459886	0.3412477548031702	0.313144255792813	0.31373602689481167	0.3092990412984861	0.30639466368608514	0.23932544294895697	0.07354862687752999	0.0	0.3042418397052822	0.7140686726505133	0.714405454392207	0.7171723677811309	0.7118714835346474	0.7184766579694541	0.3202412032255218	0.36080143491877514	0.3530601130270358	0.3483208289695198	0.36230724459854824	0.35008630524542655	0.3808081074564018	0.41151082503399844	0.37455314930428046	0.40482635132413447	0.4298009504313466	0.4407665064081917	0.3902234894992283	0.35632204643905285	0.31218758167060173
w9pp	0.2402066450953002	0.2706497696244538	0.23806740723894387	0.2216488489072626	0.24224383336443034	0.22397618607104103	0.2631350358444643	0.23315330281886085	0.21574070329967682	0.2215016497559666	0.2514220788282667	0.21793868558544832	0.1898351865750911	0.1904269576770898	0.1859899720807642	0.2965724373460546	0.3114665100095542	0.2982772970666354	0.3042418397052822	0.0	0.510138992718002	0.5104757744596956	0.5132426878486196	0.5079418036021359	0.5145469780369428	0.1969321340077999	0.23749236570105325	0.22975104380931394	0.22501175975179794	0.23899817538082635	0.22677723602770467	0.2574990382386799	0.28820175581627655	0.2512440800865586	0.2815172821064126	0.3064918812136247	0.3174574371904698	0.2669144202815064	0.23301297722133096	0.18887851245287976
S28Hp	0.6500334780405314	0.6804766025696849	0.647894240184175	0.6314756818524937	0.6520706663096615	0.6338030190162721	0.6729618687896954	0.642980135764092	0.625567536244908	0.6313284827011978	0.6612489117734979	0.6277655185306794	0.5996620195203223	0.600253790622321	0.5958168050259953	0.7063992702912858	0.7212933429547854	0.7081041300118666	0.7140686726505133	0.510138992718002	0.0	0.21846175115293687	0.2212286645418608	0.3315419121715086	0.33814708660631543	0.6067589669530311	0.6473191986462843	0.639577876754545	0.634838592697029	0.6488250083260574	0.6366040689729358	0.6673258711839111	0.6980285887615076	0.6610709130317897	0.6913441150516437	0.7163187141588557	0.7272842701357008	0.6767412532267375	0.642839810166562	0.5987053453981108
s1pp	0.6503702597822251	0.6808133843113786	0.6482310219258687	0.6318124635941874	0.6524074480513552	0.6341398007579658	0.6732986505313892	0.6433169175057857	0.6259043179866017	0.6316652644428915	0.6615856935151916	0.6281023002723731	0.599998801262016	0.6005905723640147	0.596153586767689	0.7067360520329795	0.7216301246964791	0.7084409117535603	0.714405454392207	0.5104757744596956	0.21846175115293687	0.0	0.16092384238308355	0.33187869391320224	0.3384838683480091	0.6070957486947248	0.647655980387978	0.6399146584962387	0.6351753744387227	0.6491617900677511	0.6369408507146295	0.6676626529256048	0.6983653705032014	0.6614076947734834	0.6916808967933374	0.7166554959005494	0.7276210518773946	0.6770780349684312	0.6431765919082557	0.5990421271398045
S18H1	0.6531371731711489	0.6835802977003025	0.6509979353147926	0.6345793769831113	0.6551743614402791	0.6369067141468897	0.676065563920313	0.6460838308947096	0.6286712313755256	0.6344321778318154	0.6643526069041155	0.630869213661297	0.6027657146509399	0.6033574857529386	0.5989205001566129	0.7095029654219034	0.724397038085403	0.7112078251424842	0.7171723677811309	0.5132426878486196	0.2212286645418608	0.16092384238308355	0.0	0.33464560730212617	0.341250781736933	0.6098626620836487	0.6504228937769019	0.6426815718851626	0.6379422878276466	0.651928703456675	0.6397077641035533	0.6704295663145287	0.7011322838921252	0.6641746081624073	0.6944478101822613	0.7194224092894733	0.7303879652663184	0.6798449483573551	0.6459435052971796	0.6018090405287284
31267	0.6478362889246654	0.6782794134538189	0.645697051068309	0.6292784927366277	0.6498734771937955	0.6316058299004061	0.6707646796738294	0.640782946648226	0.623370347129042	0.6291312935853318	0.6590517226576319	0.6255683294148136	0.5974648304044563	0.598056601506455	0.5936196159101294	0.7042020811754197	0.7190961538389193	0.7059069408960006	0.7118714835346474	0.5079418036021359	0.3315419121715086	0.33187869391320224	0.33464560730212617	0.0	0.21851387647744258	0.6045617778371651	0.6451220095304183	0.637380687638679	0.632641403581163	0.6466278192101914	0.6344068798570698	0.6651286820680451	0.6958313996456417	0.6588737239159237	0.6891469259357776	0.7141215250429898	0.7250870810198349	0.6745440641108715	0.640642621050696	0.5965081562822449
31452	0.6544414633594722	0.6848845878886257	0.6523022255031158	0.6358836671714345	0.6564786516286023	0.6382110043352129	0.6773698541086361	0.6473881210830328	0.6299755215638488	0.6357364680201386	0.6656568970924387	0.6321735038496203	0.6040700048392631	0.6046617759412618	0.6002247903449361	0.7108072556102265	0.7257013282737261	0.7125121153308074	0.7184766579694541	0.5145469780369428	0.33814708660631543	0.3384838683480091	0.341250781736933	0.21851387647744258	0.0	0.6111669522719719	0.6517271839652251	0.6439858620734858	0.6392465780159698	0.6532329936449982	0.6410120542918766	0.6717338565028519	0.7024365740804485	0.6654788983507305	0.6957521003705844	0.7207266994777966	0.7316922554546417	0.6811492385456783	0.6472477954855028	0.6031133307170516
f4pp	0.16155239822593304	0.1919955227550866	0.1594131603695767	0.14299460203789544	0.16358958649506314	0.1453219392016738	0.18448078897509707	0.15449905594949362	0.1370864564303096	0.14284740288659936	0.1727678319588995	0.1392844387160811	0.12124131294021039	0.12183308404220908	0.14119549995513475	0.3125718008662942	0.32746587352979384	0.31427666058687503	0.3202412032255218	0.1969321340077999	0.6067589669530311	0.6070957486947248	0.6098626620836487	0.6045617778371651	0.6111669522719719	0.0	0.158838118831686	0.1510967969399467	0.1463575128824307	0.1603439285114591	0.1481229891583374	0.1788447913693127	0.20954750894690932	0.17258983321719135	0.20286303523704535	0.2278376343442574	0.23880319032110253	0.18826017341213916	0.1543587303519637	0.11022426558351256
w15pp	0.1677507426603539	0.19819386718950746	0.16561150480399756	0.1491929464723163	0.169787930929484	0.15152028363609465	0.19067913340951792	0.16069740038391447	0.16130794973367407	0.16706889618996384	0.19698932526226393	0.16350593201944555	0.1618015446334637	0.1623933157354624	0.1817557316483881	0.35313203255954756	0.3680261052230472	0.3548368922801284	0.36080143491877514	0.23749236570105325	0.6473191986462843	0.647655980387978	0.6504228937769019	0.6451220095304183	0.6517271839652251	0.158838118831686	0.0	0.10908395843246331	0.11856885861034791	0.1325552742393763	0.13676130647518878	0.16748310868616406	0.1981858262637607	0.1612281505340427	0.19150135255389672	0.21647595166110878	0.2274415076379539	0.17689849072899053	0.14299704766881507	0.11642261001793341
w29pp	0.16000942076861457	0.19045254529776814	0.15787018291225824	0.14145162458057697	0.16204660903774468	0.14377896174435534	0.1829378115177786	0.15295607849217516	0.15356662784193476	0.15932757429822453	0.18924800337052464	0.15576461012770626	0.1540602227417244	0.15465199384372308	0.17401440975664878	0.34539071066780824	0.36028478333130787	0.34709557038838906	0.3530601130270358	0.22975104380931394	0.639577876754545	0.6399146584962387	0.6426815718851626	0.637380687638679	0.6439858620734858	0.1510967969399467	0.10908395843246331	0.0	0.1108275367186086	0.124813952347637	0.1290199845834495	0.15974178679442474	0.19044450437202137	0.1534868286423034	0.1837600306621574	0.2087346297693695	0.2197001857462146	0.16915716883725124	0.13525572577707579	0.1086812881261941
w11pp	0.15527013671109857	0.18571326124025214	0.15313089885474224	0.13671234052306097	0.15730732498022867	0.13903967768683934	0.1781985274602626	0.14821679443465915	0.14882734378441875	0.15458829024070853	0.18450871931300863	0.15102532607019026	0.1493209386842084	0.14991270978620708	0.16927512569913278	0.34065142661029224	0.35554549927379187	0.34235628633087306	0.3483208289695198	0.22501175975179794	0.634838592697029	0.6351753744387227	0.6379422878276466	0.632641403581163	0.6392465780159698	0.1463575128824307	0.11856885861034791	0.1108275367186086	0.0	0.09654611734685456	0.12428070052593347	0.15500250273690874	0.18570522031450537	0.1487475445847874	0.1790207466046414	0.2039953457118535	0.2149609016886986	0.16441788477973523	0.13051644171955978	0.1039420040686781
w23pp	0.169256552340127	0.19969967686928056	0.16711731448377065	0.15069875615208939	0.1712937406092571	0.15302609331586775	0.19218494308929102	0.16220321006368757	0.16281375941344717	0.16857470586973694	0.19849513494203702	0.16501174169921864	0.16330735431323679	0.1638991254152355	0.1832615413281612	0.35463784223932066	0.3695319149028203	0.3563427019599015	0.36230724459854824	0.23899817538082635	0.6488250083260574	0.6491617900677511	0.651928703456675	0.6466278192101914	0.6532329936449982	0.1603439285114591	0.1325552742393763	0.124813952347637	0.09654611734685456	0.0	0.13826711615496187	0.16898891836593716	0.19969163594353379	0.1627339602138158	0.19300716223366982	0.21798176134088187	0.228947317317727	0.17840430040876362	0.14450285734858817	0.11792841969770651
f8pp	0.1570356129870053	0.18747873751615887	0.15489637513064897	0.1384778167989677	0.1590728012561354	0.14080515396274607	0.17996400373616933	0.14998227071056588	0.15059282006032548	0.15635376651661526	0.18627419558891534	0.15279080234609696	0.1510864149601151	0.1516781860621138	0.1710406019750395	0.34241690288619897	0.3573109755496986	0.3441217626067798	0.35008630524542655	0.22677723602770467	0.6366040689729358	0.6369408507146295	0.6397077641035533	0.6344068798570698	0.6410120542918766	0.1481229891583374	0.13676130647518878	0.1290199845834495	0.12428070052593347	0.13826711615496187	0.0	0.1340409357584804	0.164743653336077	0.12778597760635904	0.15805917962621302	0.18303377873342513	0.19399933471027025	0.14345631780130685	0.1095548747411314	0.10570748034458483
w32pp	0.18775741519798056	0.21820053972713416	0.18561817734162422	0.16919961900994296	0.1897946034671107	0.17152695617372138	0.21068580594714462	0.18070407292154117	0.18131462227130074	0.1870755687275905	0.21699599779989065	0.18351260455707225	0.1818082171710904	0.1823999882730891	0.20176240418601477	0.37313870509717423	0.38803277776067385	0.37484356481775505	0.3808081074564018	0.2574990382386799	0.6673258711839111	0.6676626529256048	0.6704295663145287	0.6651286820680451	0.6717338565028519	0.1788447913693127	0.16748310868616406	0.15974178679442474	0.15500250273690874	0.16898891836593716	0.1340409357584804	0.0	0.13845956731043518	0.10150189158071721	0.1317750936005712	0.15674969270778333	0.16771524868462842	0.14725648728702748	0.11335504422685203	0.1364292825555601
w4pp	0.21846013277557713	0.24890325730473073	0.2163208949192208	0.19990233658753953	0.22049732104470726	0.20222967375131795	0.24138852352474122	0.21140679049913777	0.21201733984889737	0.21777828630518714	0.24769871537748725	0.21421532213466887	0.212510934748687	0.2131027058506857	0.2324651217636114	0.40384142267477086	0.4187354953382705	0.4055462823953517	0.41151082503399844	0.28820175581627655	0.6980285887615076	0.6983653705032014	0.7011322838921252	0.6958313996456417	0.7024365740804485	0.20954750894690932	0.1981858262637607	0.19044450437202137	0.18570522031450537	0.19969163594353379	0.164743653336077	0.13845956731043518	0.0	0.12044753235632287	0.15072073437617686	0.17569533348338898	0.18666088946023407	0.17795920486462408	0.14405776180444863	0.16713200013315668
w2pp	0.1815024570458592	0.2119455815750128	0.17936321918950288	0.1629446608578216	0.18353964531498934	0.16527199802160003	0.20443084779502327	0.17444911476941982	0.1750596641191794	0.18082061057546917	0.2107410396477693	0.1772576464049509	0.17555325901896907	0.17614503012096774	0.19550744603389342	0.3668837469450529	0.3817778196085525	0.3685886066656337	0.37455314930428046	0.2512440800865586	0.6610709130317897	0.6614076947734834	0.6641746081624073	0.6588737239159237	0.6654788983507305	0.17258983321719135	0.1612281505340427	0.1534868286423034	0.1487475445847874	0.1627339602138158	0.12778597760635904	0.10150189158071721	0.12044753235632287	0.0	0.09334170053903414	0.11831629964624625	0.12928185562309136	0.14100152913490613	0.10710008607473068	0.13017432440343876
f17ppB	0.21177565906571316	0.24221878359486676	0.20963642120935683	0.19321786287767556	0.2138128473348433	0.19554520004145398	0.23470404981487725	0.2047223167892738	0.2053328661390334	0.21109381259532317	0.24101424166762328	0.2075308484248049	0.20582646103882304	0.20641823214082172	0.22578064805374742	0.3971569489649069	0.4120510216284065	0.3988618086854877	0.40482635132413447	0.2815172821064126	0.6913441150516437	0.6916808967933374	0.6944478101822613	0.6891469259357776	0.6957521003705844	0.20286303523704535	0.19150135255389672	0.1837600306621574	0.1790207466046414	0.19300716223366982	0.15805917962621302	0.1317750936005712	0.15072073437617686	0.09334170053903414	0.0	0.13546178394631872	0.14642733992316384	0.1712747311547601	0.13737328809458466	0.1604475264232927
s12pp	0.23675025817292528	0.2671933827020788	0.23461102031656894	0.21819246198488768	0.2387874464420554	0.22051979914866607	0.25967864892208936	0.2296969158964859	0.23030746524624549	0.23606841170253526	0.26598884077483537	0.23250544753201696	0.23080106014603513	0.23139283124803384	0.25075524716095954	0.42213154807211895	0.43702562073561857	0.4238364077926998	0.4298009504313466	0.3064918812136247	0.7163187141588557	0.7166554959005494	0.7194224092894733	0.7141215250429898	0.7207266994777966	0.2278376343442574	0.21647595166110878	0.2087346297693695	0.2039953457118535	0.21798176134088187	0.18303377873342513	0.15674969270778333	0.17569533348338898	0.11831629964624625	0.13546178394631872	0.0	0.13280004423469083	0.19624933026197222	0.16234788720179677	0.1854221255305048
s17pp	0.2477158141497704	0.27815893867892394	0.24557657629341406	0.2291580179617328	0.24975300241890053	0.2314853551255112	0.2706442048989345	0.240662471873331	0.2412730212230906	0.24703396767938038	0.2769543967516805	0.24347100350886208	0.24176661612288025	0.24235838722487896	0.26172080313780466	0.43309710404896407	0.4479911767124637	0.43480196376954494	0.4407665064081917	0.3174574371904698	0.7272842701357008	0.7276210518773946	0.7303879652663184	0.7250870810198349	0.7316922554546417	0.23880319032110253	0.2274415076379539	0.2197001857462146	0.2149609016886986	0.228947317317727	0.19399933471027025	0.16771524868462842	0.18666088946023407	0.12928185562309136	0.14642733992316384	0.13280004423469083	0.0	0.20721488623881734	0.1733134431786419	0.19638768150734992
w27pp	0.197172797240807	0.2276159217699606	0.19503355938445066	0.1786150010527694	0.19920998550993713	0.18094233821654782	0.22010118798997108	0.19011945496436763	0.19073000431412723	0.196490950770417	0.2264113798427171	0.1929279865998987	0.19122359921391685	0.19181537031591556	0.21117778622884126	0.3825540871400007	0.39744815980350034	0.38425894686058154	0.3902234894992283	0.2669144202815064	0.6767412532267375	0.6770780349684312	0.6798449483573551	0.6745440641108715	0.6811492385456783	0.18826017341213916	0.17689849072899053	0.16915716883725124	0.16441788477973523	0.17840430040876362	0.14345631780130685	0.14725648728702748	0.17795920486462408	0.14100152913490613	0.1712747311547601	0.19624933026197222	0.20721488623881734	0.0	0.11018326239026044	0.14584466459838655
f10pp	0.1632713541806316	0.19371447870978517	0.16113211632427527	0.144713557992594	0.1653085424497617	0.14704089515637236	0.18619974492979563	0.15621801190419218	0.15682856125395178	0.16258950771024155	0.19250993678254164	0.15902654353972326	0.1573221561537414	0.1579139272557401	0.1772763431686658	0.34865264407982527	0.3635467167433249	0.3503575038004061	0.35632204643905285	0.23301297722133096	0.642839810166562	0.6431765919082557	0.6459435052971796	0.640642621050696	0.6472477954855028	0.1543587303519637	0.14299704766881507	0.13525572577707579	0.13051644171955978	0.14450285734858817	0.1095548747411314	0.11335504422685203	0.14405776180444863	0.10710008607473068	0.13737328809458466	0.16234788720179677	0.1733134431786419	0.11018326239026044	0.0	0.11194322153821112
w17pp	0.07950175358766352	0.10994487811681711	0.07736251573130719	0.06094395739962592	0.09162945741499712	0.07336181012160779	0.12268827985163777	0.09270654682603433	0.1126940964855006	0.11845504294179038	0.14837547201409046	0.11489207877127211	0.11318769138529025	0.11377946248728896	0.13314187840021463	0.30451817931137415	0.3194122519748738	0.30622303903195497	0.31218758167060173	0.18887851245287976	0.5987053453981108	0.5990421271398045	0.6018090405287284	0.5965081562822449	0.6031133307170516	0.11022426558351256	0.11642261001793341	0.1086812881261941	0.1039420040686781	0.11792841969770651	0.10570748034458483	0.1364292825555601	0.16713200013315668	0.13017432440343876	0.1604475264232927	0.1854221255305048	0.19638768150734992	0.14584466459838655	0.11194322153821112	0.0
