	31537	S15Hp	531414	530227	31600	31021	530368	S16H2	31428	s1pp	S10H1	530055	31267	31328	530331	31519	530394	530167	530364	s21pp	530052	530177	31360	31416	S6Hp	S13Hp	s6pp	F29H1	s17pp	31750	530074	S28Hp	S31Hp	F23HpA	S7Hp	S11Hp	F6H1	F14H1B	530258	31452	530050	S25Hp	S9H1
31537	0.0	0.24057408560923854	0.32257053005889735	0.32148141855169887	0.327967524630136	0.33105155078453574	0.33060506867233996	0.36171120795063194	0.5568915110964375	0.5431988434914143	0.5602321315514512	0.5573695459775375	0.5793088068737674	0.5794863195630378	0.5880465864242205	0.5804046150191309	0.5804046150191309	0.5780923818056369	0.5832973340272466	0.5921350570373628	0.570989810641543	0.5717582358904557	0.5888426189997066	0.6068607946222576	0.5864511726659377	0.5854338380897226	0.585765300821295	0.5609010014868484	0.48450072616038425	0.41976519605477947	0.4226655808900015	0.41319419632382276	0.3738239954759361	0.40597169099225366	0.3770152146148399	0.3930033720354043	0.44143164704665183	0.40860172634912695	0.4150035333953591	0.4090295038623797	0.4074077172801585	0.38510952253100517	0.26496610232454143
S15Hp	0.24057408560923854	0.0	0.2810907504117784	0.2800016389045799	0.2864877449830171	0.28957177113741683	0.28912528902522106	0.32023142830351303	0.5154117314493186	0.5017190638442954	0.5187523519043323	0.5158897663304186	0.5378290272266485	0.5380065399159188	0.5465668067771016	0.538924835372012	0.538924835372012	0.536612602158518	0.5418175543801277	0.5506552773902439	0.5295100309944241	0.5302784562433368	0.5473628393525877	0.5653810149751387	0.5449713930188188	0.5439540584426037	0.5442855211741761	0.5194212218397295	0.44302094651326535	0.37828541640766056	0.3811858012428826	0.37171441667670385	0.3323442158288172	0.36449191134513476	0.335535434967721	0.3515235923882854	0.3999518673995329	0.36712194670200804	0.3735237537482402	0.3675497242152608	0.3659279376330396	0.34362974288388626	0.2618487199644969
531414	0.32257053005889735	0.2810907504117784	0.0	0.0038660192419884155	0.01035212532042558	0.02498618871294044	0.2584735115837976	0.3428729928514559	0.5380532959972615	0.5243606283922383	0.5413939164522752	0.5385313308783615	0.5604705917745914	0.5606481044638617	0.5692083713250444	0.5615663999199548	0.5615663999199548	0.5592541667064609	0.5644591189280705	0.5732968419381868	0.5521515955423669	0.5529200207912797	0.5700044039005305	0.5880225795230816	0.5676129575667617	0.5665956229905466	0.5669270857221189	0.5420627863876724	0.4656625110612082	0.4009269809556034	0.40382736579082545	0.3943559812246467	0.3549857803767601	0.38713347589307767	0.35817699951566384	0.3741651569362283	0.4225934319474758	0.3897635112499509	0.39616531829618307	0.39019128876320364	0.3885695021809825	0.3662713074318291	0.3438451644141557
530227	0.32148141855169887	0.2800016389045799	0.0038660192419884155	0.0	0.006488106079437223	0.023897077205741957	0.25738440007659913	0.3417838813442574	0.536964184490063	0.5232715168850398	0.5403048049450767	0.537442219371163	0.5593814802673929	0.5595589929566632	0.568119259817846	0.5604772884127563	0.5604772884127563	0.5581650551992624	0.5633700074208721	0.5722077304309883	0.5510624840351684	0.5518309092840812	0.568915292393332	0.5869334680158831	0.5665238460595632	0.5655065114833481	0.5658379742149204	0.5409736748804739	0.4645733995540097	0.39983786944840494	0.402738254283627	0.39326686971744823	0.3538966688695616	0.3860443643858792	0.35708788800846536	0.37307604542902983	0.4215043204402773	0.3886743997427524	0.3950762067889846	0.38910217725600516	0.38748039067378404	0.36518219592463064	0.3427560529069572
31600	0.327967524630136	0.2864877449830171	0.01035212532042558	0.006488106079437223	0.0	0.030383183284179122	0.2638705061550363	0.3482699874226946	0.5434502905685001	0.529757622963477	0.5467909110235138	0.5439283254496001	0.56586758634583	0.5660450990351004	0.5746053658962831	0.5669633944911935	0.5669633944911935	0.5646511612776995	0.5698561134993092	0.5786938365094255	0.5575485901136056	0.5583170153625183	0.5754013984717692	0.5934195740943202	0.5730099521380003	0.5719926175617852	0.5723240802933577	0.5474597809589111	0.4710595056324469	0.4063239755268421	0.4092243603620641	0.3997529757958854	0.36038277494799875	0.39253047046431633	0.36357399408690255	0.37956215150746697	0.42799042651871444	0.3951605058211896	0.4015623128674218	0.39558828333444235	0.3939664967522212	0.37166830200306783	0.34924215898539435
31021	0.33105155078453574	0.28957177113741683	0.02498618871294044	0.023897077205741957	0.030383183284179122	0.0	0.26695453230943605	0.35135401357709434	0.5465343167228999	0.5328416491178767	0.5498749371779136	0.5470123516039999	0.5689516125002297	0.5691291251895001	0.5776893920506828	0.5700474206455932	0.5700474206455932	0.5677351874320993	0.5729401396537089	0.5817778626638253	0.5606326162680053	0.561401041516918	0.5784854246261689	0.59650360024872	0.5760939782924	0.5750766437161849	0.5754081064477574	0.5505438071133109	0.47414353178684665	0.4094080016812418	0.41230838651646384	0.40283700195028516	0.3634668011023985	0.39561449661871606	0.3666580202413023	0.3826461776618667	0.4310744526731142	0.39824453197558934	0.4046463390218215	0.3986723094888421	0.3970505229066209	0.37475232815746756	0.3523261851397941
530368	0.33060506867233996	0.28912528902522106	0.2584735115837976	0.25738440007659913	0.2638705061550363	0.26695453230943605	0.0	0.35090753146489856	0.5460878346107041	0.5323951670056809	0.5494284550657178	0.5465658694918041	0.568505130388034	0.5686826430773043	0.577242909938487	0.5696009385333974	0.5696009385333974	0.5672887053199035	0.5724936575415132	0.5813313805516295	0.5601861341558095	0.5609545594047223	0.5780389425139731	0.5960571181365242	0.5756474961802043	0.5746301616039892	0.5749616243355616	0.5500973250011151	0.47369704967465087	0.40896151956904603	0.41186190440426806	0.4023905198380894	0.3630203189902027	0.3951680145065203	0.3662115381291065	0.3821996955496709	0.4306279705609184	0.39779804986339357	0.40419985690962573	0.3982258273766463	0.39660404079442513	0.3743058460452718	0.3518797030275983
S16H2	0.36171120795063194	0.32023142830351303	0.3428729928514559	0.3417838813442574	0.3482699874226946	0.35135401357709434	0.35090753146489856	0.0	0.3996732402020421	0.3859805725970189	0.4030138606570558	0.4001512750831421	0.42209053597937196	0.4222680486686423	0.43082831552982503	0.42318634412473544	0.42318634412473544	0.4208741109112415	0.42607906313285115	0.4349167861429674	0.41377153974714753	0.4145399649960603	0.43162434810531114	0.4496425237278622	0.4292329017715423	0.42821556719532716	0.4285470299268996	0.403682730592453	0.3272824552659888	0.26254692516038397	0.265447309995606	0.25597592542942726	0.2646798986688778	0.2968275941851954	0.2678711178077816	0.28385927522834603	0.33228755023959355	0.29945762954206867	0.30585943658830084	0.2998854070553214	0.29826362047310023	0.3448841494259786	0.3829858423058903
31428	0.5568915110964375	0.5154117314493186	0.5380532959972615	0.536964184490063	0.5434502905685001	0.5465343167228999	0.5460878346107041	0.3996732402020421	0.0	0.16141165552184883	0.19736106331890915	0.19449847774499546	0.21643773864122537	0.2166152513304957	0.22517551819167847	0.21753354678658882	0.21753354678658882	0.21522131357309487	0.22042626579470456	0.2292639888048208	0.2081187424090009	0.20888716765791365	0.22597155076716458	0.24398972638971556	0.2235801044333957	0.22256276985718054	0.22289423258875296	0.1980299332543064	0.23721951141593228	0.43319223555880965	0.4360926203940317	0.42662123582785294	0.4598602018146834	0.492007897331001	0.4630514209535872	0.4790395783741516	0.5274678533853991	0.49463793268787426	0.5010397397341064	0.495065710201127	0.4934439236189058	0.5400644525717841	0.5781661454516959
s1pp	0.5431988434914143	0.5017190638442954	0.5243606283922383	0.5232715168850398	0.529757622963477	0.5328416491178767	0.5323951670056809	0.3859805725970189	0.16141165552184883	0.0	0.18366839571388593	0.18080581013997224	0.20274507103620215	0.2029225837254725	0.21148285058665525	0.2038408791815656	0.2038408791815656	0.20152864596807168	0.20673359818968134	0.2155713211997976	0.1944260748039777	0.19519450005289046	0.21227888316214136	0.23029705878469237	0.2098874368283725	0.20887010225215735	0.20920156498372977	0.1843372656492832	0.22352684381090906	0.41949956795378646	0.4223999527890085	0.41292856822282975	0.4461675342096602	0.4783152297259778	0.449358753348564	0.46534691076912843	0.513775185780376	0.48094526508285107	0.48734707212908324	0.4813730425961038	0.47975125601388263	0.526371784966761	0.5644734778466727
S10H1	0.5602321315514512	0.5187523519043323	0.5413939164522752	0.5403048049450767	0.5467909110235138	0.5498749371779136	0.5494284550657178	0.4030138606570558	0.19736106331890915	0.18366839571388593	0.0	0.018138595620016087	0.18327889814245396	0.1834564108317243	0.19201667769290703	0.18437470628781738	0.18437470628781738	0.18206247307432347	0.2158820535726672	0.22471977658278344	0.20357453018696353	0.20434295543587633	0.2214273385451272	0.2394455141676782	0.21903589221135833	0.2180185576351432	0.2183500203667156	0.19348572103226908	0.24056013187094594	0.43653285601382336	0.4394332408490454	0.42996185628286665	0.4632008222696971	0.4953485177860147	0.4663920414086009	0.48238019882916533	0.5308084738404129	0.49797855314288797	0.5043803601891201	0.4984063306561407	0.49678454407391953	0.5434050730267979	0.5815067659067096
530055	0.5573695459775375	0.5158897663304186	0.5385313308783615	0.537442219371163	0.5439283254496001	0.5470123516039999	0.5465658694918041	0.4001512750831421	0.19449847774499546	0.18080581013997224	0.018138595620016087	0.0	0.18041631256854024	0.1805938252578106	0.18915409211899334	0.18151212071390369	0.18151212071390369	0.17919988750040977	0.2130194679987535	0.22185719100886975	0.20071194461304984	0.2014803698619626	0.21856475297121347	0.2365829285937645	0.21617330663744463	0.2151559720612295	0.2154874347928019	0.19062313545835535	0.23769754629703221	0.43367027043990963	0.43657065527513167	0.4270992707089529	0.4603382366957834	0.49248593221210096	0.4635294558346872	0.4795176132552516	0.5279458882664991	0.49511596756897425	0.5015177746152064	0.495543745082227	0.4939219585000058	0.5405424874528841	0.5786441803327959
31267	0.5793088068737674	0.5378290272266485	0.5604705917745914	0.5593814802673929	0.56586758634583	0.5689516125002297	0.568505130388034	0.42209053597937196	0.21643773864122537	0.20274507103620215	0.18327889814245396	0.18041631256854024	0.0	0.15257054432533865	0.1611308111865214	0.18263079147248246	0.18263079147248246	0.18031855825898851	0.23495872889498343	0.24379645190509966	0.22265120550927975	0.22341963075819254	0.2405040138674434	0.2585221894899944	0.23811256753367455	0.2370952329574594	0.23742669568903182	0.2125623963545853	0.25963680719326215	0.4556095313361395	0.45850991617136155	0.4490385316051828	0.48227749759201327	0.5144251931083308	0.48546871673091707	0.5014568741514815	0.549885149162729	0.5170552284652041	0.5234570355114363	0.5174830059784569	0.5158612193962357	0.562481748349114	0.6005834412290257
31328	0.5794863195630378	0.5380065399159188	0.5606481044638617	0.5595589929566632	0.5660450990351004	0.5691291251895001	0.5686826430773043	0.4222680486686423	0.2166152513304957	0.2029225837254725	0.1834564108317243	0.1805938252578106	0.15257054432533865	0.0	0.008562266862182817	0.18280830416175275	0.18280830416175275	0.18049607094825884	0.23513624158425375	0.24397396459436999	0.2228287181985501	0.22359714344746284	0.24068152655671374	0.25869970217926475	0.2382900802229449	0.23727274564672973	0.23760420837830215	0.2127399090438556	0.25981431988253245	0.45578704402540987	0.4586874288606319	0.44921604429445317	0.4824550102812836	0.5146027057976013	0.4856462294201874	0.5016343868407518	0.5500626618519994	0.5172327411544745	0.5236345482007067	0.5176605186677272	0.516038732085506	0.5626592610383844	0.6007609539182961
530331	0.5880465864242205	0.5465668067771016	0.5692083713250444	0.568119259817846	0.5746053658962831	0.5776893920506828	0.577242909938487	0.43082831552982503	0.22517551819167847	0.21148285058665525	0.19201667769290703	0.18915409211899334	0.1611308111865214	0.008562266862182817	0.0	0.19136857102293553	0.19136857102293553	0.1890563378094416	0.2436965084454365	0.25253423145555276	0.23138898505973285	0.23215741030864562	0.24924179341789648	0.2672599690404475	0.24685034708412765	0.2458330125079125	0.24616447523948493	0.22130017590503837	0.2683745867437152	0.4643473108865926	0.4672476957218146	0.4577763111556359	0.49101527714246634	0.5231629726587839	0.49420649628137014	0.5101946537019346	0.5586229287131821	0.5257930080156572	0.5321948150618894	0.5262207855289099	0.5245989989466888	0.5712195278995671	0.6093212207794788
31519	0.5804046150191309	0.538924835372012	0.5615663999199548	0.5604772884127563	0.5669633944911935	0.5700474206455932	0.5696009385333974	0.42318634412473544	0.21753354678658882	0.2038408791815656	0.18437470628781738	0.18151212071390369	0.18263079147248246	0.18280830416175275	0.19136857102293553	0.0	2.00000100005818e-06	0.1508727602877274	0.23605453704034685	0.2448922600504631	0.2237470136546432	0.22451543890355596	0.24159982201280683	0.25961799763535787	0.239208375679038	0.23819104110282285	0.23852250383439527	0.2136582044999487	0.2607326153386256	0.456705339481503	0.45960572431672503	0.4501343397505463	0.48337330573737675	0.5155210012536944	0.48656452487628055	0.5025526822968449	0.5509809573080925	0.5181510366105676	0.5245528436567998	0.5185788141238203	0.5169570275415991	0.5635775564944775	0.6016792493743892
530394	0.5804046150191309	0.538924835372012	0.5615663999199548	0.5604772884127563	0.5669633944911935	0.5700474206455932	0.5696009385333974	0.42318634412473544	0.21753354678658882	0.2038408791815656	0.18437470628781738	0.18151212071390369	0.18263079147248246	0.18280830416175275	0.19136857102293553	2.00000100005818e-06	0.0	0.1508727602877274	0.23605453704034685	0.2448922600504631	0.2237470136546432	0.22451543890355596	0.24159982201280683	0.25961799763535787	0.239208375679038	0.23819104110282285	0.23852250383439527	0.2136582044999487	0.2607326153386256	0.456705339481503	0.45960572431672503	0.4501343397505463	0.48337330573737675	0.5155210012536944	0.48656452487628055	0.5025526822968449	0.5509809573080925	0.5181510366105676	0.5245528436567998	0.5185788141238203	0.5169570275415991	0.5635775564944775	0.6016792493743892
530167	0.5780923818056369	0.536612602158518	0.5592541667064609	0.5581650551992624	0.5646511612776995	0.5677351874320993	0.5672887053199035	0.4208741109112415	0.21522131357309487	0.20152864596807168	0.18206247307432347	0.17919988750040977	0.18031855825898851	0.18049607094825884	0.1890563378094416	0.1508727602877274	0.1508727602877274	0.0	0.23374230382685293	0.24258002683696916	0.22143478044114928	0.22220320569006202	0.23928758879931292	0.2573057644218639	0.23689614246554408	0.2358788078893289	0.23621027062090133	0.21134597128645477	0.25842038212513163	0.45439310626800905	0.4572934911032311	0.44782210653705234	0.4810610725238828	0.5132087680402004	0.4842522916627866	0.500240449083351	0.5486687240945985	0.5158388033970737	0.5222406104433058	0.5162665809103264	0.5146447943281052	0.5612653232809836	0.5993670161608953
530364	0.5832973340272466	0.5418175543801277	0.5644591189280705	0.5633700074208721	0.5698561134993092	0.5729401396537089	0.5724936575415132	0.42607906313285115	0.22042626579470456	0.20673359818968134	0.2158820535726672	0.2130194679987535	0.23495872889498343	0.23513624158425375	0.2436965084454365	0.23605453704034685	0.23605453704034685	0.23374230382685293	0.0	0.1666503339942223	0.16730537267891166	0.16807379792782445	0.18515818103707532	0.20317635665962636	0.18276673470330645	0.18174940012709132	0.18208086285866373	0.1943795748141956	0.26362533434674135	0.4595980584896187	0.46249844332484075	0.453027058758662	0.48626602474549246	0.51841372026181	0.48945724388439626	0.5054454013049607	0.5538736763162082	0.5210437556186833	0.5274455626649155	0.5214715331319361	0.5198497465497149	0.5664702755025932	0.6045719683825049
s21pp	0.5921350570373628	0.5506552773902439	0.5732968419381868	0.5722077304309883	0.5786938365094255	0.5817778626638253	0.5813313805516295	0.4349167861429674	0.2292639888048208	0.2155713211997976	0.22471977658278344	0.22185719100886975	0.24379645190509966	0.24397396459436999	0.25253423145555276	0.2448922600504631	0.2448922600504631	0.24258002683696916	0.1666503339942223	0.0	0.17614309568902792	0.17691152093794066	0.19399590404719155	0.21201407966974256	0.19160445771342272	0.19058712313720755	0.19091858586877997	0.2032172978243118	0.2724630573568576	0.46843578149973497	0.471336166334957	0.46186478176877827	0.4951037477556087	0.5272514432719263	0.4982949668945125	0.514283124315077	0.5627113993263244	0.5298814786287995	0.5362832856750317	0.5303092561420524	0.5286874695598311	0.5753079985127095	0.6134096913926212
530052	0.570989810641543	0.5295100309944241	0.5521515955423669	0.5510624840351684	0.5575485901136056	0.5606326162680053	0.5601861341558095	0.41377153974714753	0.2081187424090009	0.1944260748039777	0.20357453018696353	0.20071194461304984	0.22265120550927975	0.2228287181985501	0.23138898505973285	0.2237470136546432	0.2237470136546432	0.22143478044114928	0.16730537267891166	0.17614309568902792	0.0	0.0007704252499128361	0.017854808359163712	0.16657695120621283	0.14616732924989295	0.14514999467367778	0.1454814574052502	0.18207205142849192	0.25131781096103767	0.4472905351039151	0.4501909199391371	0.4407195353729584	0.47395850135978884	0.5061061968761065	0.47714972049869264	0.49313787791925706	0.5415661529305046	0.5087362322329797	0.5151380392792119	0.5091640097462324	0.5075422231640112	0.5541627521168896	0.5922644449968013
530177	0.5717582358904557	0.5302784562433368	0.5529200207912797	0.5518309092840812	0.5583170153625183	0.561401041516918	0.5609545594047223	0.4145399649960603	0.20888716765791365	0.19519450005289046	0.20434295543587633	0.2014803698619626	0.22341963075819254	0.22359714344746284	0.23215741030864562	0.22451543890355596	0.22451543890355596	0.22220320569006202	0.16807379792782445	0.17691152093794066	0.0007704252499128361	0.0	0.017974927754843727	0.1673453764551256	0.14693575449880572	0.14591841992259058	0.146249882654163	0.1828404766774047	0.2520862362099504	0.44805896035282783	0.45095934518804986	0.4414879606218711	0.4747269266087016	0.5068746221250191	0.4779181457476054	0.4939063031681698	0.5423345781794173	0.5095046574818924	0.5159064645281246	0.5099324349951452	0.5083106484129241	0.5549311773658023	0.593032870245714
31360	0.5888426189997066	0.5473628393525877	0.5700044039005305	0.568915292393332	0.5754013984717692	0.5784854246261689	0.5780389425139731	0.43162434810531114	0.22597155076716458	0.21227888316214136	0.2214273385451272	0.21856475297121347	0.2405040138674434	0.24068152655671374	0.24924179341789648	0.24159982201280683	0.24159982201280683	0.23928758879931292	0.18515818103707532	0.19399590404719155	0.017854808359163712	0.017974927754843727	0.0	0.18442975956437646	0.16402013760805662	0.16300280303184145	0.16333426576341387	0.19992485978665558	0.26917061931920133	0.4651433434620787	0.46804372829730073	0.458572343731122	0.49181130971795245	0.52395900523427	0.49500252885685625	0.5109906862774207	0.5594189612886682	0.5265890405911433	0.5329908476373755	0.527016818104396	0.5253950315221749	0.5720155604750532	0.6101172533549649
31416	0.6068607946222576	0.5653810149751387	0.5880225795230816	0.5869334680158831	0.5934195740943202	0.59650360024872	0.5960571181365242	0.4496425237278622	0.24398972638971556	0.23029705878469237	0.2394455141676782	0.2365829285937645	0.2585221894899944	0.25869970217926475	0.2672599690404475	0.25961799763535787	0.25961799763535787	0.2573057644218639	0.20317635665962636	0.21201407966974256	0.16657695120621283	0.1673453764551256	0.18442975956437646	0.0	0.1446193078782643	0.14360197330204916	0.14393343603362158	0.21794303540920656	0.2871887949417523	0.48316151908462973	0.48606190391985177	0.476590519353673	0.5098294853405034	0.541977180856821	0.5130207044794073	0.5290088618999718	0.5774371369112192	0.5446072162136943	0.5510090232599265	0.5450349937269471	0.543413207144726	0.5900337360976042	0.628135428977516
S6Hp	0.5864511726659377	0.5449713930188188	0.5676129575667617	0.5665238460595632	0.5730099521380003	0.5760939782924	0.5756474961802043	0.4292329017715423	0.2235801044333957	0.2098874368283725	0.21903589221135833	0.21617330663744463	0.23811256753367455	0.2382900802229449	0.24685034708412765	0.239208375679038	0.239208375679038	0.23689614246554408	0.18276673470330645	0.19160445771342272	0.14616732924989295	0.14693575449880572	0.16402013760805662	0.1446193078782643	0.0	0.0010213345782152659	0.0013527973097876924	0.19753341345288672	0.26677917298543247	0.46275189712830983	0.46565228196353187	0.4561808973973531	0.4894198633841836	0.5215675589005011	0.4926110825230874	0.5085992399436519	0.5570275149548993	0.5241975942573744	0.5305994013036066	0.5246253717706272	0.5230035851884061	0.5696241141412843	0.607725807021196
S13Hp	0.5854338380897226	0.5439540584426037	0.5665956229905466	0.5655065114833481	0.5719926175617852	0.5750766437161849	0.5746301616039892	0.42821556719532716	0.22256276985718054	0.20887010225215735	0.2180185576351432	0.2151559720612295	0.2370952329574594	0.23727274564672973	0.2458330125079125	0.23819104110282285	0.23819104110282285	0.2358788078893289	0.18174940012709132	0.19058712313720755	0.14514999467367778	0.14591841992259058	0.16300280303184145	0.14360197330204916	0.0010213345782152659	0.0	0.00033346273257248474	0.19651607887667155	0.2657618384092173	0.4617345625520947	0.46463494738731675	0.455163562821138	0.4884025288079685	0.5205502243242861	0.4915937479468723	0.5075819053674366	0.5560101803786842	0.5231802596811593	0.5295820667273915	0.5236080371944121	0.5219862506121908	0.5686067795650692	0.6067084724449809
s6pp	0.585765300821295	0.5442855211741761	0.5669270857221189	0.5658379742149204	0.5723240802933577	0.5754081064477574	0.5749616243355616	0.4285470299268996	0.22289423258875296	0.20920156498372977	0.2183500203667156	0.2154874347928019	0.23742669568903182	0.23760420837830215	0.24616447523948493	0.23852250383439527	0.23852250383439527	0.23621027062090133	0.18208086285866373	0.19091858586877997	0.1454814574052502	0.146249882654163	0.16333426576341387	0.14393343603362158	0.0013527973097876924	0.00033346273257248474	0.0	0.19684754160824397	0.2660933011407898	0.46206602528366714	0.4649664101188892	0.45549502555271043	0.4887339915395409	0.5208816870558585	0.4919252106784447	0.5079133680990091	0.5563416431102566	0.5235117224127317	0.5299135294589639	0.5239394999259845	0.5223177133437633	0.5689382422966417	0.6070399351765534
F29H1	0.5609010014868484	0.5194212218397295	0.5420627863876724	0.5409736748804739	0.5474597809589111	0.5505438071133109	0.5500973250011151	0.403682730592453	0.1980299332543064	0.1843372656492832	0.19348572103226908	0.19062313545835535	0.2125623963545853	0.2127399090438556	0.22130017590503837	0.2136582044999487	0.2136582044999487	0.21134597128645477	0.1943795748141956	0.2032172978243118	0.18207205142849192	0.1828404766774047	0.19992485978665558	0.21794303540920656	0.19753341345288672	0.19651607887667155	0.19684754160824397	0.0	0.24122900180634319	0.4372017259492206	0.4401021107844426	0.43063072621826387	0.46386969220509433	0.4960173877214119	0.46706091134399813	0.48304906876456255	0.53147734377581	0.4986474230782852	0.5050492301245173	0.4990752005915379	0.49745341400931675	0.5440739429621951	0.5821756358421069
s17pp	0.48450072616038425	0.44302094651326535	0.4656625110612082	0.4645733995540097	0.4710595056324469	0.47414353178684665	0.47369704967465087	0.3272824552659888	0.23721951141593228	0.22352684381090906	0.24056013187094594	0.23769754629703221	0.25963680719326215	0.25981431988253245	0.2683745867437152	0.2607326153386256	0.2607326153386256	0.25842038212513163	0.26362533434674135	0.2724630573568576	0.25131781096103767	0.2520862362099504	0.26917061931920133	0.2871887949417523	0.26677917298543247	0.2657618384092173	0.2660933011407898	0.24122900180634319	0.0	0.36080145062275637	0.3637018354579784	0.3542304508917996	0.3874694168786301	0.4196171123949477	0.3906606360175339	0.40664879343809834	0.45507706844934587	0.422247147751821	0.42864895479805315	0.4226749252650737	0.42105313868285255	0.4676736676357309	0.5057753605156425
31750	0.41976519605477947	0.37828541640766056	0.4009269809556034	0.39983786944840494	0.4063239755268421	0.4094080016812418	0.40896151956904603	0.26254692516038397	0.43319223555880965	0.41949956795378646	0.43653285601382336	0.43367027043990963	0.4556095313361395	0.45578704402540987	0.4643473108865926	0.456705339481503	0.456705339481503	0.45439310626800905	0.4595980584896187	0.46843578149973497	0.4472905351039151	0.44805896035282783	0.4651433434620787	0.48316151908462973	0.46275189712830983	0.4617345625520947	0.46206602528366714	0.4372017259492206	0.36080145062275637	0.0	0.21566430429977457	0.20619291973359583	0.3227338867730253	0.35488158228934286	0.32592510591192914	0.3419132633324935	0.3903415383437411	0.3575116176462162	0.36391342469244836	0.35793939515946893	0.3563176085772477	0.4029381375301261	0.4410398304100378
530074	0.4226655808900015	0.3811858012428826	0.40382736579082545	0.402738254283627	0.4092243603620641	0.41230838651646384	0.41186190440426806	0.265447309995606	0.4360926203940317	0.4223999527890085	0.4394332408490454	0.43657065527513167	0.45850991617136155	0.4586874288606319	0.4672476957218146	0.45960572431672503	0.45960572431672503	0.4572934911032311	0.46249844332484075	0.471336166334957	0.4501909199391371	0.45095934518804986	0.46804372829730073	0.48606190391985177	0.46565228196353187	0.46463494738731675	0.4649664101188892	0.4401021107844426	0.3637018354579784	0.21566430429977457	0.0	0.009473384567178816	0.3256342716082473	0.3577819671245649	0.3288254907471512	0.34481364816771554	0.3932419231789631	0.36041200248143823	0.3668138095276704	0.36083977999469097	0.35921799341246974	0.4058385223653481	0.44394021524525984
S28Hp	0.41319419632382276	0.37171441667670385	0.3943559812246467	0.39326686971744823	0.3997529757958854	0.40283700195028516	0.4023905198380894	0.25597592542942726	0.42662123582785294	0.41292856822282975	0.42996185628286665	0.4270992707089529	0.4490385316051828	0.44921604429445317	0.4577763111556359	0.4501343397505463	0.4501343397505463	0.44782210653705234	0.453027058758662	0.46186478176877827	0.4407195353729584	0.4414879606218711	0.458572343731122	0.476590519353673	0.4561808973973531	0.455163562821138	0.45549502555271043	0.43063072621826387	0.3542304508917996	0.20619291973359583	0.009473384567178816	0.0	0.31616288704206863	0.3483105825583862	0.3193541061809724	0.33534226360153685	0.3837705386127843	0.35094061791525943	0.3573424249614916	0.35136839542851217	0.34974660884629105	0.39636713779916943	0.4344688306790811
S31Hp	0.3738239954759361	0.3323442158288172	0.3549857803767601	0.3538966688695616	0.36038277494799875	0.3634668011023985	0.3630203189902027	0.2646798986688778	0.4598602018146834	0.4461675342096602	0.4632008222696971	0.4603382366957834	0.48227749759201327	0.4824550102812836	0.49101527714246634	0.48337330573737675	0.48337330573737675	0.4810610725238828	0.48626602474549246	0.4951037477556087	0.47395850135978884	0.4747269266087016	0.49181130971795245	0.5098294853405034	0.4894198633841836	0.4884025288079685	0.4887339915395409	0.46386969220509433	0.3874694168786301	0.3227338867730253	0.3256342716082473	0.31616288704206863	0.0	0.10355179018786725	0.07459531381045345	0.25184716942824326	0.3002754444394908	0.2674455237419659	0.273847330788198	0.26787330125521863	0.26625151467299746	0.35699693695128276	0.3950986298311944
F23HpA	0.40597169099225366	0.36449191134513476	0.38713347589307767	0.3860443643858792	0.39253047046431633	0.39561449661871606	0.3951680145065203	0.2968275941851954	0.492007897331001	0.4783152297259778	0.4953485177860147	0.49248593221210096	0.5144251931083308	0.5146027057976013	0.5231629726587839	0.5155210012536944	0.5155210012536944	0.5132087680402004	0.51841372026181	0.5272514432719263	0.5061061968761065	0.5068746221250191	0.52395900523427	0.541977180856821	0.5215675589005011	0.5205502243242861	0.5208816870558585	0.4960173877214119	0.4196171123949477	0.35488158228934286	0.3577819671245649	0.3483105825583862	0.10355179018786725	0.0	0.04718064676347097	0.28399486494456083	0.33242313995580836	0.29959321925828347	0.3059950263045156	0.3000209967715362	0.29839921018931503	0.38914463246760034	0.427246325347512
S7Hp	0.3770152146148399	0.335535434967721	0.35817699951566384	0.35708788800846536	0.36357399408690255	0.3666580202413023	0.3662115381291065	0.2678711178077816	0.4630514209535872	0.449358753348564	0.4663920414086009	0.4635294558346872	0.48546871673091707	0.4856462294201874	0.49420649628137014	0.48656452487628055	0.48656452487628055	0.4842522916627866	0.48945724388439626	0.4982949668945125	0.47714972049869264	0.4779181457476054	0.49500252885685625	0.5130207044794073	0.4926110825230874	0.4915937479468723	0.4919252106784447	0.46706091134399813	0.3906606360175339	0.32592510591192914	0.3288254907471512	0.3193541061809724	0.07459531381045345	0.04718064676347097	0.0	0.255038388567147	0.3034666635783946	0.2706367428808697	0.2770385499271018	0.27106452039412243	0.2694427338119012	0.36018815609018656	0.3982898489700982
S11Hp	0.3930033720354043	0.3515235923882854	0.3741651569362283	0.37307604542902983	0.37956215150746697	0.3826461776618667	0.3821996955496709	0.28385927522834603	0.4790395783741516	0.46534691076912843	0.48238019882916533	0.4795176132552516	0.5014568741514815	0.5016343868407518	0.5101946537019346	0.5025526822968449	0.5025526822968449	0.500240449083351	0.5054454013049607	0.514283124315077	0.49313787791925706	0.4939063031681698	0.5109906862774207	0.5290088618999718	0.5085992399436519	0.5075819053674366	0.5079133680990091	0.48304906876456255	0.40664879343809834	0.3419132633324935	0.34481364816771554	0.33534226360153685	0.25184716942824326	0.28399486494456083	0.255038388567147	0.0	0.09086472590810239	0.1436858181090559	0.150087625155288	0.1441135956223086	0.1424918090400874	0.376176313510751	0.41427800639066265
F6H1	0.44143164704665183	0.3999518673995329	0.4225934319474758	0.4215043204402773	0.42799042651871444	0.4310744526731142	0.4306279705609184	0.33228755023959355	0.5274678533853991	0.513775185780376	0.5308084738404129	0.5279458882664991	0.549885149162729	0.5500626618519994	0.5586229287131821	0.5509809573080925	0.5509809573080925	0.5486687240945985	0.5538736763162082	0.5627113993263244	0.5415661529305046	0.5423345781794173	0.5594189612886682	0.5774371369112192	0.5570275149548993	0.5560101803786842	0.5563416431102566	0.53147734377581	0.45507706844934587	0.3903415383437411	0.3932419231789631	0.3837705386127843	0.3002754444394908	0.33242313995580836	0.3034666635783946	0.09086472590810239	0.0	0.19211409312030342	0.19851590016653553	0.19254187063355616	0.19092008405133493	0.4246045885219985	0.46270628140191017
F14H1B	0.40860172634912695	0.36712194670200804	0.3897635112499509	0.3886743997427524	0.3951605058211896	0.39824453197558934	0.39779804986339357	0.29945762954206867	0.49463793268787426	0.48094526508285107	0.49797855314288797	0.49511596756897425	0.5170552284652041	0.5172327411544745	0.5257930080156572	0.5181510366105676	0.5181510366105676	0.5158388033970737	0.5210437556186833	0.5298814786287995	0.5087362322329797	0.5095046574818924	0.5265890405911433	0.5446072162136943	0.5241975942573744	0.5231802596811593	0.5235117224127317	0.4986474230782852	0.422247147751821	0.3575116176462162	0.36041200248143823	0.35094061791525943	0.2674455237419659	0.29959321925828347	0.2706367428808697	0.1436858181090559	0.19211409312030342	0.0	0.008368013725557831	0.0023939841925784367	0.02237118889612956	0.3917746678244736	0.4298763607043853
530258	0.4150035333953591	0.3735237537482402	0.39616531829618307	0.3950762067889846	0.4015623128674218	0.4046463390218215	0.40419985690962573	0.30585943658830084	0.5010397397341064	0.48734707212908324	0.5043803601891201	0.5015177746152064	0.5234570355114363	0.5236345482007067	0.5321948150618894	0.5245528436567998	0.5245528436567998	0.5222406104433058	0.5274455626649155	0.5362832856750317	0.5151380392792119	0.5159064645281246	0.5329908476373755	0.5510090232599265	0.5305994013036066	0.5295820667273915	0.5299135294589639	0.5050492301245173	0.42864895479805315	0.36391342469244836	0.3668138095276704	0.3573424249614916	0.273847330788198	0.3059950263045156	0.2770385499271018	0.150087625155288	0.19851590016653553	0.008368013725557831	0.0	0.0059760295339794526	0.028772995942361684	0.3981764748707058	0.43627816775061745
31452	0.4090295038623797	0.3675497242152608	0.39019128876320364	0.38910217725600516	0.39558828333444235	0.3986723094888421	0.3982258273766463	0.2998854070553214	0.495065710201127	0.4813730425961038	0.4984063306561407	0.495543745082227	0.5174830059784569	0.5176605186677272	0.5262207855289099	0.5185788141238203	0.5185788141238203	0.5162665809103264	0.5214715331319361	0.5303092561420524	0.5091640097462324	0.5099324349951452	0.527016818104396	0.5450349937269471	0.5246253717706272	0.5236080371944121	0.5239394999259845	0.4990752005915379	0.4226749252650737	0.35793939515946893	0.36083977999469097	0.35136839542851217	0.26787330125521863	0.3000209967715362	0.27106452039412243	0.1441135956223086	0.19254187063355616	0.0023939841925784367	0.0059760295339794526	0.0	0.022798966409382285	0.39220244533772636	0.430304138217638
530050	0.4074077172801585	0.3659279376330396	0.3885695021809825	0.38748039067378404	0.3939664967522212	0.3970505229066209	0.39660404079442513	0.29826362047310023	0.4934439236189058	0.47975125601388263	0.49678454407391953	0.4939219585000058	0.5158612193962357	0.516038732085506	0.5245989989466888	0.5169570275415991	0.5169570275415991	0.5146447943281052	0.5198497465497149	0.5286874695598311	0.5075422231640112	0.5083106484129241	0.5253950315221749	0.543413207144726	0.5230035851884061	0.5219862506121908	0.5223177133437633	0.49745341400931675	0.42105313868285255	0.3563176085772477	0.35921799341246974	0.34974660884629105	0.26625151467299746	0.29839921018931503	0.2694427338119012	0.1424918090400874	0.19092008405133493	0.02237118889612956	0.028772995942361684	0.022798966409382285	0.0	0.3905806587555052	0.42868235163541685
S25Hp	0.38510952253100517	0.34362974288388626	0.3662713074318291	0.36518219592463064	0.37166830200306783	0.37475232815746756	0.3743058460452718	0.3448841494259786	0.5400644525717841	0.526371784966761	0.5434050730267979	0.5405424874528841	0.562481748349114	0.5626592610383844	0.5712195278995671	0.5635775564944775	0.5635775564944775	0.5612653232809836	0.5664702755025932	0.5753079985127095	0.5541627521168896	0.5549311773658023	0.5720155604750532	0.5900337360976042	0.5696241141412843	0.5686067795650692	0.5689382422966417	0.5440739429621951	0.4676736676357309	0.4029381375301261	0.4058385223653481	0.39636713779916943	0.35699693695128276	0.38914463246760034	0.36018815609018656	0.376176313510751	0.4246045885219985	0.3917746678244736	0.3981764748707058	0.39220244533772636	0.3905806587555052	0.0	0.4063841568862635
S9H1	0.26496610232454143	0.2618487199644969	0.3438451644141557	0.3427560529069572	0.34924215898539435	0.3523261851397941	0.3518797030275983	0.3829858423058903	0.5781661454516959	0.5644734778466727	0.5815067659067096	0.5786441803327959	0.6005834412290257	0.6007609539182961	0.6093212207794788	0.6016792493743892	0.6016792493743892	0.5993670161608953	0.6045719683825049	0.6134096913926212	0.5922644449968013	0.593032870245714	0.6101172533549649	0.628135428977516	0.607725807021196	0.6067084724449809	0.6070399351765534	0.5821756358421069	0.5057753605156425	0.4410398304100378	0.44394021524525984	0.4344688306790811	0.3950986298311944	0.427246325347512	0.3982898489700982	0.41427800639066265	0.46270628140191017	0.4298763607043853	0.43627816775061745	0.430304138217638	0.42868235163541685	0.4063841568862635	0.0
